0.0 0.0 0.0 0.0 0.0 0.0 0.0 0.0 0.0 0.0 0.0 0.0 0.0 0.0 0.0 0.0 0.0 0.0 0.0 0.0 0.0 0.0 0.0 0.0 0.0 0.0 0.0 0.0 0.0 0.0 0.0 0.0 0.0 0.0 0.0 0.0 0.0 0.0 0.0 0.0 0.0 0.0 0.0 0.0 0.0 0.0 0.0 13.0 32.0 60.0 68.0 69.0 37.0 24.0 28.0 16.0 34.0 0.0 0.0 0.0 0.0 0.0 0.0 0.0 0.0 0.0 0.0 0.0 0.0 0.0 0.0 0.0 0.0 0.0 0.0 0.0 0.0 0.0 0.0 0.0 0.0 0.0 0.0 0.0 0.0 0.0 0.0 0.0 0.0 0.0 0.0 0.0 0.0 0.0 0.0 0.0 0.0 0.0 0.0 0.0 
0.0 0.0 0.0 0.0 0.0 0.0 0.0 0.0 0.0 0.0 0.0 0.0 0.0 0.0 0.0 0.0 0.0 0.0 0.0 0.0 0.0 0.0 0.0 0.0 0.0 0.0 0.0 0.0 0.0 0.0 0.0 0.0 0.0 0.0 0.0 0.0 0.0 0.0 0.0 0.0 0.0 0.0 0.0 26.0 49.0 54.0 151.0 71.0 25.0 8.0 0.0 9.0 10.0 10.0 12.0 123.0 29.0 159.0 100.0 59.0 35.0 7.0 0.0 0.0 0.0 0.0 0.0 0.0 0.0 0.0 0.0 0.0 0.0 0.0 0.0 0.0 0.0 0.0 0.0 0.0 0.0 0.0 0.0 0.0 0.0 0.0 0.0 0.0 0.0 0.0 0.0 0.0 0.0 0.0 0.0 0.0 0.0 0.0 0.0 0.0 
0.0 0.0 0.0 0.0 0.0 0.0 0.0 0.0 0.0 0.0 0.0 0.0 0.0 0.0 0.0 0.0 0.0 0.0 0.0 0.0 0.0 0.0 0.0 0.0 0.0 0.0 0.0 0.0 0.0 0.0 0.0 0.0 0.0 0.0 0.0 0.0 0.0 0.0 0.0 12.0 26.0 62.0 134.0 24.0 18.0 3.0 3.0 21.0 8.0 4.0 2.0 3.0 6.0 13.0 6.0 6.0 10.0 3.0 1.0 9.0 21.0 147.0 64.0 0.0 0.0 0.0 0.0 0.0 0.0 0.0 0.0 0.0 0.0 0.0 0.0 0.0 0.0 0.0 0.0 0.0 0.0 0.0 0.0 0.0 0.0 0.0 0.0 0.0 0.0 0.0 0.0 0.0 0.0 0.0 0.0 0.0 0.0 0.0 0.0 0.0 
0.0 0.0 0.0 0.0 0.0 0.0 0.0 0.0 0.0 0.0 0.0 0.0 0.0 0.0 0.0 0.0 0.0 0.0 0.0 0.0 0.0 0.0 0.0 0.0 0.0 0.0 0.0 0.0 0.0 0.0 0.0 0.0 0.0 0.0 0.0 0.0 2.0 45.0 90.0 94.0 28.0 12.0 1.0 15.0 1.0 3.0 1.0 4.0 1.0 2.0 5.0 1.0 1.0 3.0 2.0 2.0 0.0 0.0 2.0 1.0 7.0 5.0 3.0 173.0 105.0 36.0 0.0 0.0 0.0 0.0 0.0 0.0 0.0 0.0 0.0 0.0 0.0 0.0 0.0 0.0 0.0 0.0 0.0 0.0 0.0 0.0 0.0 0.0 0.0 0.0 0.0 0.0 0.0 0.0 0.0 0.0 0.0 0.0 0.0 0.0 
0.0 0.0 0.0 0.0 0.0 0.0 0.0 0.0 0.0 0.0 0.0 0.0 0.0 0.0 0.0 0.0 0.0 0.0 0.0 0.0 0.0 0.0 0.0 0.0 0.0 0.0 0.0 0.0 0.0 0.0 0.0 0.0 0.0 21.0 37.0 94.0 203.0 7.0 1.0 14.0 12.0 1.0 1.0 2.0 6.0 0.0 1.0 5.0 1.0 2.0 0.0 1.0 3.0 2.0 3.0 2.0 4.0 2.0 2.0 1.0 6.0 1.0 6.0 0.0 8.0 16.0 112.0 27.0 24.0 0.0 0.0 0.0 0.0 0.0 0.0 0.0 0.0 0.0 0.0 0.0 0.0 0.0 0.0 0.0 0.0 0.0 0.0 0.0 0.0 0.0 0.0 0.0 0.0 0.0 0.0 0.0 0.0 0.0 0.0 0.0 
0.0 0.0 0.0 0.0 0.0 0.0 0.0 0.0 0.0 0.0 0.0 0.0 0.0 0.0 0.0 0.0 0.0 0.0 0.0 0.0 0.0 0.0 0.0 0.0 0.0 0.0 0.0 0.0 0.0 0.0 0.0 0.0 94.0 28.0 24.0 1.0 2.0 0.0 3.0 1.0 3.0 2.0 0.0 2.0 2.0 1.0 3.0 2.0 3.0 3.0 10.0 3.0 4.0 2.0 0.0 0.0 0.0 0.0 9.0 6.0 2.0 1.0 1.0 0.0 0.0 4.0 3.0 38.0 38.0 81.0 19.0 0.0 0.0 0.0 0.0 0.0 0.0 0.0 0.0 0.0 0.0 0.0 0.0 0.0 0.0 0.0 0.0 0.0 0.0 0.0 0.0 0.0 0.0 0.0 0.0 0.0 0.0 0.0 0.0 0.0 
0.0 0.0 0.0 0.0 0.0 0.0 0.0 0.0 0.0 0.0 0.0 0.0 0.0 0.0 0.0 0.0 0.0 0.0 0.0 0.0 0.0 0.0 0.0 0.0 0.0 0.0 0.0 0.0 0.0 0.0 19.0 148.0 1.0 10.0 0.0 1.0 2.0 1.0 4.0 1.0 0.0 1.0 9.0 0.0 0.0 4.0 0.0 2.0 4.0 2.0 3.0 0.0 2.0 5.0 8.0 4.0 0.0 4.0 1.0 1.0 2.0 0.0 2.0 0.0 0.0 0.0 1.0 11.0 16.0 31.0 27.0 116.0 22.0 0.0 0.0 0.0 0.0 0.0 0.0 0.0 0.0 0.0 0.0 0.0 0.0 0.0 0.0 0.0 0.0 0.0 0.0 0.0 0.0 0.0 0.0 0.0 0.0 0.0 0.0 0.0 
0.0 0.0 0.0 0.0 0.0 0.0 0.0 0.0 0.0 0.0 0.0 0.0 0.0 0.0 0.0 0.0 0.0 0.0 0.0 0.0 0.0 0.0 0.0 0.0 0.0 0.0 0.0 0.0 0.0 68.0 35.0 25.0 0.0 1.0 4.0 0.0 6.0 0.0 0.0 2.0 0.0 2.0 2.0 1.0 2.0 0.0 0.0 5.0 0.0 0.0 0.0 5.0 6.0 0.0 0.0 0.0 2.0 2.0 1.0 0.0 2.0 0.0 0.0 1.0 0.0 6.0 2.0 0.0 3.0 1.0 24.0 29.0 27.0 84.0 0.0 0.0 0.0 0.0 0.0 0.0 0.0 0.0 0.0 0.0 0.0 0.0 0.0 0.0 0.0 0.0 0.0 0.0 0.0 0.0 0.0 0.0 0.0 0.0 0.0 0.0 
0.0 0.0 0.0 0.0 0.0 0.0 0.0 0.0 0.0 0.0 0.0 0.0 0.0 0.0 0.0 0.0 0.0 0.0 0.0 0.0 0.0 0.0 0.0 0.0 0.0 0.0 0.0 72.0 183.0 0.0 21.0 4.0 0.0 3.0 0.0 4.0 4.0 2.0 8.0 0.0 1.0 2.0 4.0 1.0 0.0 1.0 1.0 1.0 0.0 2.0 0.0 0.0 0.0 3.0 0.0 5.0 2.0 5.0 0.0 2.0 0.0 0.0 3.0 0.0 3.0 8.0 3.0 2.0 3.0 0.0 2.0 1.0 25.0 4.0 110.0 0.0 0.0 0.0 0.0 0.0 0.0 0.0 0.0 0.0 0.0 0.0 0.0 0.0 0.0 0.0 0.0 0.0 0.0 0.0 0.0 0.0 0.0 0.0 0.0 0.0 
0.0 0.0 0.0 0.0 0.0 0.0 0.0 0.0 0.0 0.0 0.0 0.0 0.0 0.0 0.0 0.0 0.0 0.0 0.0 0.0 0.0 0.0 0.0 0.0 0.0 0.0 141.0 2.0 5.0 2.0 1.0 0.0 1.0 4.0 0.0 6.0 3.0 0.0 4.0 5.0 2.0 0.0 2.0 0.0 1.0 2.0 4.0 0.0 1.0 0.0 0.0 0.0 0.0 0.0 0.0 0.0 2.0 2.0 7.0 3.0 1.0 1.0 0.0 4.0 1.0 2.0 7.0 0.0 0.0 0.0 2.0 2.0 1.0 1.0 0.0 173.0 0.0 0.0 0.0 0.0 0.0 0.0 0.0 0.0 0.0 0.0 0.0 0.0 0.0 0.0 0.0 0.0 0.0 0.0 0.0 0.0 0.0 0.0 0.0 0.0 
0.0 0.0 0.0 0.0 0.0 0.0 0.0 0.0 0.0 0.0 0.0 0.0 0.0 0.0 0.0 0.0 0.0 0.0 0.0 0.0 0.0 0.0 0.0 0.0 0.0 170.0 2.0 2.0 2.0 1.0 1.0 5.0 0.0 2.0 2.0 1.0 2.0 3.0 0.0 4.0 2.0 3.0 2.0 3.0 0.0 3.0 6.0 1.0 1.0 3.0 6.0 0.0 0.0 3.0 1.0 2.0 1.0 1.0 0.0 6.0 1.0 2.0 12.0 0.0 4.0 2.0 0.0 4.0 1.0 0.0 6.0 5.0 0.0 5.0 0.0 2.0 179.0 28.0 0.0 0.0 0.0 0.0 0.0 0.0 0.0 0.0 0.0 0.0 0.0 0.0 0.0 0.0 0.0 0.0 0.0 0.0 0.0 0.0 0.0 0.0 
0.0 0.0 0.0 0.0 0.0 0.0 0.0 0.0 0.0 0.0 0.0 0.0 0.0 0.0 0.0 0.0 0.0 0.0 0.0 0.0 0.0 0.0 0.0 23.0 177.0 3.0 0.0 5.0 5.0 0.0 2.0 1.0 0.0 4.0 0.0 5.0 0.0 1.0 1.0 0.0 1.0 0.0 0.0 4.0 2.0 3.0 1.0 2.0 4.0 1.0 4.0 2.0 4.0 2.0 1.0 1.0 0.0 2.0 2.0 3.0 4.0 3.0 3.0 0.0 0.0 0.0 5.0 2.0 7.0 2.0 1.0 1.0 4.0 0.0 3.0 1.0 13.0 18.0 101.0 0.0 0.0 0.0 0.0 0.0 0.0 0.0 0.0 0.0 0.0 0.0 0.0 0.0 0.0 0.0 0.0 0.0 0.0 0.0 0.0 0.0 
0.0 0.0 0.0 0.0 0.0 0.0 0.0 0.0 0.0 0.0 0.0 0.0 0.0 0.0 0.0 0.0 0.0 0.0 0.0 0.0 0.0 0.0 79.0 27.0 6.0 1.0 3.0 2.0 0.0 3.0 8.0 2.0 0.0 2.0 1.0 0.0 6.0 7.0 1.0 3.0 0.0 2.0 1.0 0.0 0.0 0.0 1.0 2.0 2.0 6.0 0.0 1.0 2.0 3.0 4.0 0.0 3.0 0.0 0.0 0.0 3.0 4.0 2.0 1.0 0.0 10.0 1.0 6.0 1.0 1.0 0.0 2.0 4.0 0.0 1.0 4.0 0.0 6.0 0.0 176.0 13.0 0.0 0.0 0.0 0.0 0.0 0.0 0.0 0.0 0.0 0.0 0.0 0.0 0.0 0.0 0.0 0.0 0.0 0.0 0.0 
0.0 0.0 0.0 0.0 0.0 0.0 0.0 0.0 0.0 0.0 0.0 0.0 0.0 0.0 0.0 0.0 0.0 0.0 0.0 0.0 0.0 104.0 2.0 9.0 0.0 1.0 3.0 7.0 1.0 7.0 4.0 4.0 1.0 0.0 0.0 4.0 0.0 0.0 3.0 3.0 3.0 1.0 5.0 2.0 2.0 0.0 0.0 0.0 0.0 1.0 0.0 0.0 2.0 3.0 4.0 5.0 1.0 0.0 0.0 2.0 3.0 2.0 2.0 0.0 1.0 0.0 0.0 2.0 0.0 1.0 2.0 0.0 1.0 1.0 2.0 0.0 2.0 1.0 5.0 13.0 117.0 23.0 0.0 0.0 0.0 0.0 0.0 0.0 0.0 0.0 0.0 0.0 0.0 0.0 0.0 0.0 0.0 0.0 0.0 0.0 
0.0 0.0 0.0 0.0 0.0 0.0 0.0 0.0 0.0 0.0 0.0 0.0 0.0 0.0 0.0 0.0 0.0 0.0 0.0 0.0 101.0 5.0 10.0 1.0 6.0 3.0 0.0 2.0 0.0 1.0 0.0 1.0 2.0 0.0 2.0 6.0 0.0 0.0 4.0 0.0 0.0 0.0 0.0 1.0 3.0 7.0 1.0 1.0 0.0 2.0 11.0 6.0 0.0 2.0 3.0 2.0 2.0 0.0 1.0 0.0 2.0 1.0 3.0 1.0 0.0 2.0 2.0 1.0 0.0 0.0 0.0 0.0 0.0 1.0 2.0 0.0 0.0 1.0 0.0 3.0 12.0 171.0 0.0 0.0 0.0 0.0 0.0 0.0 0.0 0.0 0.0 0.0 0.0 0.0 0.0 0.0 0.0 0.0 0.0 0.0 
0.0 0.0 0.0 0.0 0.0 0.0 0.0 0.0 0.0 0.0 0.0 0.0 0.0 0.0 0.0 0.0 0.0 0.0 0.0 95.0 4.0 3.0 1.0 4.0 2.0 3.0 3.0 14.0 0.0 1.0 0.0 1.0 0.0 2.0 0.0 4.0 0.0 1.0 0.0 0.0 0.0 1.0 3.0 3.0 3.0 3.0 1.0 2.0 2.0 0.0 2.0 0.0 4.0 1.0 0.0 0.0 6.0 0.0 2.0 0.0 2.0 0.0 4.0 7.0 3.0 0.0 0.0 2.0 0.0 3.0 2.0 5.0 1.0 0.0 0.0 5.0 3.0 0.0 1.0 1.0 4.0 1.0 168.0 18.0 0.0 0.0 0.0 0.0 0.0 0.0 0.0 0.0 0.0 0.0 0.0 0.0 0.0 0.0 0.0 0.0 
0.0 0.0 0.0 0.0 0.0 0.0 0.0 0.0 0.0 0.0 0.0 0.0 0.0 0.0 0.0 0.0 0.0 0.0 97.0 8.0 10.0 1.0 2.0 0.0 1.0 1.0 1.0 0.0 0.0 0.0 0.0 6.0 6.0 1.0 0.0 4.0 0.0 0.0 2.0 1.0 0.0 0.0 0.0 0.0 0.0 1.0 2.0 0.0 4.0 5.0 2.0 2.0 1.0 4.0 2.0 1.0 3.0 2.0 3.0 5.0 5.0 4.0 2.0 0.0 1.0 11.0 1.0 1.0 1.0 0.0 4.0 0.0 0.0 0.0 9.0 0.0 3.0 1.0 5.0 1.0 3.0 0.0 28.0 46.0 58.0 0.0 0.0 0.0 0.0 0.0 0.0 0.0 0.0 0.0 0.0 0.0 0.0 0.0 0.0 0.0 
0.0 0.0 0.0 0.0 0.0 0.0 0.0 0.0 0.0 0.0 0.0 0.0 0.0 0.0 0.0 0.0 0.0 84.0 1.0 7.0 1.0 0.0 1.0 2.0 6.0 6.0 0.0 1.0 0.0 0.0 2.0 2.0 0.0 5.0 2.0 0.0 4.0 2.0 6.0 2.0 4.0 0.0 2.0 0.0 1.0 1.0 0.0 4.0 7.0 0.0 1.0 1.0 0.0 3.0 3.0 4.0 2.0 1.0 0.0 1.0 0.0 0.0 4.0 0.0 3.0 0.0 4.0 0.0 1.0 3.0 2.0 1.0 1.0 1.0 5.0 1.0 3.0 0.0 4.0 2.0 1.0 5.0 0.0 24.0 8.0 75.0 0.0 0.0 0.0 0.0 0.0 0.0 0.0 0.0 0.0 0.0 0.0 0.0 0.0 0.0 
0.0 0.0 0.0 0.0 0.0 0.0 0.0 0.0 0.0 0.0 0.0 0.0 0.0 0.0 0.0 0.0 72.0 3.0 2.0 1.0 0.0 2.0 0.0 4.0 0.0 1.0 6.0 0.0 3.0 1.0 9.0 9.0 6.0 0.0 2.0 10.0 6.0 3.0 0.0 0.0 0.0 0.0 4.0 1.0 4.0 1.0 1.0 2.0 0.0 5.0 5.0 9.0 1.0 0.0 5.0 2.0 0.0 7.0 7.0 0.0 5.0 3.0 4.0 1.0 2.0 0.0 1.0 1.0 2.0 2.0 3.0 3.0 1.0 0.0 2.0 5.0 2.0 3.0 0.0 2.0 2.0 0.0 0.0 4.0 11.0 3.0 64.0 0.0 0.0 0.0 0.0 0.0 0.0 0.0 0.0 0.0 0.0 0.0 0.0 0.0 
0.0 0.0 0.0 0.0 0.0 0.0 0.0 0.0 0.0 0.0 0.0 0.0 0.0 0.0 0.0 50.0 6.0 8.0 2.0 2.0 2.0 0.0 1.0 0.0 1.0 1.0 1.0 0.0 0.0 1.0 2.0 1.0 2.0 1.0 0.0 0.0 0.0 2.0 0.0 0.0 1.0 1.0 2.0 1.0 4.0 0.0 0.0 1.0 1.0 0.0 2.0 3.0 0.0 3.0 6.0 0.0 0.0 0.0 3.0 3.0 0.0 0.0 0.0 0.0 0.0 4.0 0.0 0.0 7.0 1.0 0.0 3.0 5.0 0.0 1.0 1.0 1.0 3.0 2.0 0.0 2.0 0.0 1.0 0.0 0.0 13.0 12.0 60.0 0.0 0.0 0.0 0.0 0.0 0.0 0.0 0.0 0.0 0.0 0.0 0.0 
0.0 0.0 0.0 0.0 0.0 0.0 0.0 0.0 0.0 0.0 0.0 0.0 0.0 0.0 42.0 49.0 31.0 1.0 0.0 0.0 1.0 0.0 3.0 0.0 3.0 3.0 6.0 0.0 1.0 0.0 2.0 2.0 4.0 0.0 6.0 3.0 5.0 1.0 0.0 4.0 3.0 6.0 0.0 0.0 0.0 0.0 3.0 0.0 0.0 0.0 10.0 0.0 0.0 5.0 8.0 0.0 0.0 1.0 1.0 3.0 0.0 1.0 4.0 1.0 1.0 8.0 2.0 4.0 3.0 1.0 0.0 5.0 4.0 0.0 0.0 2.0 0.0 3.0 1.0 1.0 0.0 0.0 0.0 0.0 1.0 5.0 20.0 17.0 28.0 0.0 0.0 0.0 0.0 0.0 0.0 0.0 0.0 0.0 0.0 0.0 
0.0 0.0 0.0 0.0 0.0 0.0 0.0 0.0 0.0 0.0 0.0 0.0 0.0 33.0 19.0 35.0 1.0 2.0 3.0 3.0 4.0 1.0 4.0 3.0 0.0 0.0 0.0 0.0 5.0 1.0 2.0 1.0 6.0 2.0 2.0 1.0 1.0 6.0 2.0 0.0 1.0 8.0 4.0 3.0 5.0 0.0 2.0 0.0 2.0 1.0 3.0 3.0 0.0 3.0 2.0 2.0 0.0 0.0 0.0 0.0 3.0 0.0 1.0 2.0 1.0 4.0 1.0 2.0 0.0 3.0 4.0 0.0 2.0 7.0 7.0 7.0 0.0 0.0 3.0 1.0 0.0 1.0 5.0 1.0 0.0 1.0 3.0 12.0 161.0 0.0 0.0 0.0 0.0 0.0 0.0 0.0 0.0 0.0 0.0 0.0 
0.0 0.0 0.0 0.0 0.0 0.0 0.0 0.0 0.0 0.0 0.0 0.0 8.0 129.0 18.0 0.0 3.0 3.0 2.0 0.0 0.0 2.0 0.0 2.0 2.0 9.0 0.0 0.0 1.0 4.0 0.0 1.0 0.0 1.0 3.0 2.0 6.0 1.0 1.0 1.0 2.0 0.0 2.0 5.0 0.0 2.0 2.0 2.0 6.0 0.0 7.0 0.0 5.0 1.0 9.0 4.0 0.0 3.0 2.0 0.0 2.0 1.0 4.0 1.0 0.0 1.0 0.0 0.0 1.0 3.0 2.0 1.0 0.0 0.0 2.0 1.0 0.0 0.0 1.0 0.0 1.0 0.0 5.0 0.0 3.0 8.0 2.0 0.0 0.0 139.0 0.0 0.0 0.0 0.0 0.0 0.0 0.0 0.0 0.0 0.0 
0.0 0.0 0.0 0.0 0.0 0.0 0.0 0.0 0.0 0.0 0.0 0.0 135.0 11.0 3.0 1.0 4.0 7.0 2.0 1.0 1.0 4.0 1.0 0.0 1.0 2.0 2.0 0.0 1.0 0.0 1.0 0.0 12.0 5.0 0.0 4.0 1.0 1.0 0.0 3.0 0.0 2.0 0.0 0.0 0.0 5.0 4.0 1.0 4.0 0.0 4.0 4.0 3.0 0.0 2.0 4.0 0.0 1.0 2.0 1.0 2.0 0.0 3.0 1.0 4.0 0.0 2.0 1.0 0.0 3.0 2.0 3.0 1.0 0.0 0.0 0.0 0.0 5.0 0.0 2.0 8.0 0.0 0.0 1.0 2.0 4.0 4.0 0.0 6.0 3.0 113.0 0.0 0.0 0.0 0.0 0.0 0.0 0.0 0.0 0.0 
0.0 0.0 0.0 0.0 0.0 0.0 0.0 0.0 0.0 0.0 0.0 109.0 0.0 3.0 2.0 1.0 1.0 3.0 0.0 5.0 0.0 2.0 0.0 1.0 1.0 5.0 2.0 7.0 7.0 4.0 10.0 0.0 14.0 0.0 6.0 3.0 4.0 3.0 0.0 1.0 0.0 0.0 5.0 8.0 1.0 1.0 0.0 3.0 2.0 8.0 0.0 7.0 0.0 1.0 2.0 0.0 0.0 0.0 2.0 3.0 0.0 0.0 3.0 8.0 7.0 0.0 0.0 3.0 0.0 0.0 2.0 0.0 1.0 2.0 1.0 1.0 0.0 0.0 2.0 0.0 6.0 1.0 0.0 1.0 0.0 3.0 2.0 1.0 0.0 10.0 6.0 72.0 0.0 0.0 0.0 0.0 0.0 0.0 0.0 0.0 
0.0 0.0 0.0 0.0 0.0 0.0 0.0 0.0 0.0 0.0 68.0 2.0 1.0 0.0 0.0 3.0 2.0 0.0 0.0 0.0 1.0 1.0 0.0 3.0 1.0 1.0 4.0 0.0 2.0 3.0 1.0 1.0 0.0 2.0 3.0 3.0 2.0 1.0 3.0 2.0 8.0 1.0 5.0 0.0 2.0 1.0 1.0 0.0 4.0 0.0 2.0 0.0 5.0 2.0 4.0 0.0 1.0 2.0 0.0 0.0 4.0 0.0 1.0 2.0 2.0 0.0 6.0 1.0 4.0 1.0 4.0 0.0 4.0 5.0 1.0 6.0 1.0 2.0 0.0 0.0 0.0 7.0 3.0 0.0 2.0 2.0 7.0 1.0 1.0 2.0 27.0 35.0 30.0 0.0 0.0 0.0 0.0 0.0 0.0 0.0 
0.0 0.0 0.0 0.0 0.0 0.0 0.0 0.0 0.0 20.0 27.0 28.0 7.0 4.0 1.0 2.0 3.0 0.0 0.0 0.0 0.0 0.0 0.0 2.0 3.0 1.0 3.0 2.0 2.0 2.0 0.0 2.0 2.0 7.0 2.0 2.0 2.0 1.0 15.0 0.0 0.0 0.0 2.0 0.0 4.0 4.0 6.0 2.0 2.0 2.0 10.0 1.0 0.0 0.0 3.0 0.0 1.0 2.0 2.0 4.0 6.0 1.0 0.0 4.0 0.0 0.0 1.0 2.0 6.0 0.0 4.0 1.0 3.0 2.0 0.0 1.0 0.0 2.0 0.0 0.0 4.0 4.0 11.0 0.0 0.0 1.0 5.0 4.0 1.0 3.0 1.0 31.0 87.0 0.0 0.0 0.0 0.0 0.0 0.0 0.0 
0.0 0.0 0.0 0.0 0.0 0.0 0.0 0.0 0.0 156.0 19.0 0.0 5.0 4.0 1.0 0.0 10.0 8.0 2.0 6.0 2.0 3.0 8.0 3.0 8.0 0.0 0.0 2.0 7.0 1.0 0.0 2.0 0.0 3.0 1.0 0.0 3.0 1.0 2.0 1.0 0.0 5.0 0.0 0.0 1.0 0.0 0.0 0.0 0.0 1.0 0.0 8.0 2.0 7.0 1.0 3.0 7.0 3.0 0.0 2.0 4.0 2.0 0.0 4.0 0.0 2.0 2.0 1.0 0.0 2.0 2.0 0.0 3.0 2.0 2.0 0.0 0.0 1.0 0.0 0.0 0.0 0.0 2.0 0.0 3.0 3.0 3.0 1.0 2.0 1.0 5.0 19.0 27.0 31.0 0.0 0.0 0.0 0.0 0.0 0.0 
0.0 0.0 0.0 0.0 0.0 0.0 0.0 0.0 54.0 3.0 1.0 1.0 0.0 0.0 4.0 2.0 0.0 6.0 1.0 0.0 0.0 11.0 0.0 6.0 0.0 0.0 4.0 0.0 1.0 11.0 0.0 2.0 2.0 4.0 2.0 0.0 6.0 3.0 3.0 0.0 1.0 2.0 0.0 1.0 5.0 2.0 0.0 3.0 4.0 2.0 3.0 3.0 0.0 1.0 2.0 0.0 3.0 0.0 1.0 2.0 0.0 1.0 6.0 0.0 0.0 0.0 1.0 0.0 4.0 0.0 3.0 0.0 4.0 4.0 6.0 0.0 0.0 1.0 2.0 0.0 2.0 1.0 0.0 3.0 2.0 3.0 0.0 2.0 1.0 0.0 1.0 1.0 19.0 111.0 0.0 0.0 0.0 0.0 0.0 0.0 
0.0 0.0 0.0 0.0 0.0 0.0 0.0 5.0 138.0 5.0 0.0 0.0 5.0 0.0 6.0 0.0 1.0 1.0 2.0 7.0 4.0 0.0 6.0 0.0 6.0 1.0 0.0 2.0 5.0 11.0 0.0 0.0 0.0 4.0 2.0 2.0 1.0 0.0 1.0 0.0 2.0 3.0 0.0 0.0 1.0 1.0 5.0 4.0 0.0 0.0 10.0 0.0 0.0 0.0 7.0 5.0 6.0 6.0 4.0 1.0 2.0 3.0 0.0 4.0 0.0 1.0 0.0 0.0 3.0 0.0 0.0 0.0 1.0 7.0 4.0 2.0 1.0 2.0 0.0 2.0 0.0 6.0 0.0 2.0 4.0 3.0 1.0 1.0 2.0 6.0 1.0 7.0 3.0 10.0 39.0 0.0 0.0 0.0 0.0 0.0 
0.0 0.0 0.0 0.0 0.0 0.0 0.0 85.0 3.0 8.0 4.0 6.0 0.0 3.0 1.0 0.0 1.0 6.0 0.0 1.0 0.0 0.0 8.0 2.0 5.0 0.0 2.0 0.0 2.0 2.0 0.0 5.0 0.0 2.0 1.0 0.0 5.0 2.0 10.0 0.0 0.0 1.0 3.0 0.0 0.0 2.0 2.0 3.0 7.0 0.0 5.0 0.0 0.0 2.0 1.0 2.0 6.0 2.0 1.0 1.0 4.0 1.0 0.0 0.0 2.0 0.0 1.0 1.0 1.0 1.0 2.0 0.0 3.0 2.0 3.0 0.0 0.0 5.0 0.0 4.0 1.0 1.0 2.0 7.0 0.0 6.0 3.0 3.0 0.0 4.0 0.0 1.0 2.0 8.0 151.0 0.0 0.0 0.0 0.0 0.0 
0.0 0.0 0.0 0.0 0.0 0.0 19.0 81.0 15.0 1.0 5.0 1.0 0.0 5.0 0.0 2.0 5.0 0.0 1.0 0.0 2.0 2.0 2.0 6.0 0.0 0.0 6.0 5.0 0.0 0.0 0.0 0.0 4.0 1.0 1.0 6.0 2.0 10.0 1.0 0.0 4.0 5.0 2.0 0.0 2.0 2.0 0.0 5.0 1.0 0.0 2.0 4.0 0.0 1.0 4.0 2.0 1.0 4.0 0.0 1.0 3.0 6.0 0.0 6.0 0.0 2.0 2.0 7.0 0.0 4.0 10.0 4.0 4.0 0.0 1.0 2.0 2.0 0.0 6.0 3.0 0.0 0.0 7.0 4.0 1.0 2.0 2.0 2.0 2.0 1.0 1.0 3.0 3.0 5.0 9.0 49.0 0.0 0.0 0.0 0.0 
0.0 0.0 0.0 0.0 0.0 0.0 60.0 17.0 5.0 1.0 1.0 2.0 5.0 4.0 5.0 4.0 0.0 0.0 6.0 7.0 0.0 0.0 2.0 0.0 0.0 0.0 3.0 6.0 3.0 0.0 1.0 1.0 2.0 1.0 3.0 2.0 1.0 3.0 0.0 0.0 0.0 1.0 4.0 2.0 0.0 3.0 5.0 0.0 3.0 4.0 1.0 0.0 2.0 1.0 0.0 0.0 1.0 2.0 2.0 2.0 3.0 2.0 3.0 0.0 8.0 0.0 0.0 1.0 6.0 0.0 0.0 2.0 0.0 2.0 9.0 10.0 0.0 1.0 0.0 0.0 5.0 4.0 1.0 2.0 4.0 0.0 5.0 1.0 11.0 1.0 5.0 3.0 0.0 0.0 2.0 131.0 0.0 0.0 0.0 0.0 
0.0 0.0 0.0 0.0 0.0 1.0 141.0 4.0 0.0 2.0 0.0 4.0 0.0 11.0 1.0 2.0 3.0 0.0 0.0 1.0 1.0 1.0 4.0 2.0 0.0 0.0 0.0 1.0 1.0 2.0 1.0 9.0 0.0 0.0 1.0 4.0 0.0 0.0 5.0 1.0 2.0 6.0 1.0 8.0 0.0 0.0 1.0 0.0 2.0 0.0 0.0 0.0 1.0 8.0 4.0 3.0 1.0 0.0 0.0 2.0 3.0 2.0 0.0 0.0 0.0 4.0 5.0 0.0 0.0 1.0 4.0 1.0 0.0 2.0 0.0 0.0 0.0 8.0 0.0 3.0 0.0 0.0 2.0 0.0 0.0 0.0 2.0 3.0 7.0 1.0 3.0 2.0 0.0 3.0 18.0 23.0 25.0 0.0 0.0 0.0 
0.0 0.0 0.0 0.0 0.0 68.0 1.0 3.0 3.0 3.0 0.0 0.0 0.0 0.0 0.0 6.0 0.0 0.0 0.0 4.0 3.0 0.0 1.0 4.0 1.0 7.0 1.0 0.0 1.0 1.0 5.0 0.0 1.0 8.0 7.0 0.0 2.0 0.0 6.0 0.0 0.0 6.0 2.0 3.0 0.0 4.0 1.0 4.0 2.0 4.0 0.0 0.0 0.0 2.0 0.0 0.0 0.0 0.0 0.0 6.0 3.0 0.0 1.0 1.0 1.0 0.0 3.0 7.0 2.0 0.0 3.0 2.0 1.0 1.0 1.0 1.0 1.0 0.0 0.0 2.0 0.0 1.0 2.0 4.0 2.0 1.0 1.0 1.0 1.0 0.0 4.0 4.0 4.0 0.0 2.0 16.0 114.0 0.0 0.0 0.0 
0.0 0.0 0.0 0.0 9.0 86.0 13.0 1.0 1.0 0.0 3.0 3.0 5.0 0.0 6.0 0.0 7.0 2.0 5.0 2.0 0.0 2.0 6.0 0.0 0.0 1.0 3.0 0.0 3.0 4.0 2.0 0.0 0.0 2.0 1.0 0.0 8.0 2.0 0.0 0.0 0.0 6.0 2.0 0.0 0.0 0.0 3.0 3.0 2.0 0.0 3.0 7.0 0.0 2.0 0.0 0.0 0.0 0.0 2.0 2.0 2.0 1.0 5.0 2.0 1.0 0.0 1.0 1.0 3.0 0.0 5.0 0.0 0.0 1.0 4.0 5.0 3.0 0.0 0.0 4.0 2.0 0.0 3.0 1.0 8.0 1.0 2.0 1.0 6.0 2.0 10.0 4.0 0.0 5.0 1.0 10.0 8.0 29.0 0.0 0.0 
0.0 0.0 0.0 0.0 24.0 24.0 9.0 3.0 2.0 3.0 4.0 2.0 1.0 5.0 2.0 9.0 5.0 0.0 5.0 4.0 1.0 3.0 0.0 1.0 2.0 0.0 5.0 2.0 1.0 5.0 0.0 2.0 2.0 3.0 7.0 1.0 3.0 0.0 4.0 0.0 5.0 3.0 13.0 2.0 11.0 4.0 2.0 0.0 4.0 0.0 0.0 0.0 7.0 0.0 2.0 6.0 1.0 0.0 4.0 3.0 2.0 1.0 1.0 2.0 0.0 0.0 1.0 0.0 5.0 3.0 0.0 0.0 0.0 3.0 0.0 2.0 1.0 4.0 8.0 0.0 0.0 3.0 0.0 1.0 4.0 4.0 2.0 0.0 0.0 10.0 1.0 0.0 0.0 3.0 0.0 2.0 4.0 113.0 0.0 0.0 
0.0 0.0 0.0 0.0 40.0 20.0 0.0 2.0 1.0 1.0 0.0 0.0 0.0 0.0 0.0 2.0 0.0 1.0 2.0 9.0 3.0 2.0 2.0 0.0 4.0 0.0 3.0 9.0 0.0 1.0 0.0 0.0 0.0 2.0 3.0 0.0 0.0 3.0 0.0 1.0 1.0 0.0 1.0 2.0 5.0 1.0 1.0 1.0 1.0 2.0 4.0 6.0 6.0 0.0 2.0 1.0 0.0 0.0 3.0 3.0 1.0 0.0 3.0 0.0 2.0 4.0 1.0 0.0 1.0 0.0 1.0 2.0 2.0 3.0 8.0 7.0 0.0 10.0 4.0 1.0 1.0 4.0 4.0 1.0 4.0 3.0 1.0 1.0 2.0 0.0 0.0 6.0 7.0 2.0 1.0 0.0 18.0 28.0 27.0 0.0 
0.0 0.0 0.0 0.0 84.0 1.0 2.0 0.0 4.0 7.0 0.0 1.0 4.0 4.0 4.0 1.0 0.0 3.0 2.0 0.0 0.0 0.0 6.0 3.0 3.0 2.0 7.0 2.0 0.0 4.0 0.0 0.0 0.0 1.0 5.0 0.0 1.0 0.0 0.0 0.0 0.0 1.0 3.0 2.0 12.0 0.0 2.0 0.0 0.0 6.0 1.0 1.0 1.0 1.0 0.0 0.0 1.0 3.0 1.0 1.0 4.0 1.0 0.0 1.0 0.0 0.0 1.0 0.0 3.0 8.0 2.0 0.0 3.0 0.0 0.0 0.0 7.0 6.0 0.0 4.0 4.0 7.0 2.0 1.0 1.0 1.0 1.0 0.0 0.0 0.0 4.0 0.0 1.0 1.0 0.0 5.0 4.0 16.0 36.0 0.0 
0.0 0.0 0.0 6.0 141.0 10.0 0.0 5.0 9.0 0.0 0.0 5.0 3.0 1.0 1.0 5.0 3.0 1.0 2.0 1.0 1.0 3.0 2.0 3.0 5.0 0.0 1.0 3.0 3.0 1.0 0.0 2.0 1.0 0.0 3.0 3.0 1.0 2.0 0.0 1.0 3.0 1.0 0.0 1.0 1.0 0.0 6.0 2.0 2.0 0.0 6.0 10.0 1.0 5.0 1.0 3.0 4.0 2.0 5.0 0.0 2.0 2.0 2.0 0.0 1.0 0.0 2.0 0.0 1.0 0.0 3.0 3.0 8.0 0.0 0.0 0.0 0.0 0.0 4.0 3.0 0.0 1.0 1.0 3.0 1.0 1.0 0.0 3.0 1.0 0.0 3.0 1.0 5.0 2.0 2.0 2.0 4.0 9.0 37.0 0.0 
0.0 0.0 0.0 30.0 14.0 2.0 0.0 0.0 1.0 0.0 7.0 3.0 2.0 0.0 0.0 0.0 4.0 1.0 7.0 4.0 3.0 7.0 2.0 0.0 4.0 0.0 0.0 1.0 11.0 2.0 0.0 1.0 1.0 5.0 0.0 1.0 0.0 2.0 1.0 4.0 0.0 3.0 4.0 5.0 1.0 2.0 1.0 0.0 2.0 3.0 0.0 5.0 1.0 2.0 2.0 4.0 5.0 1.0 1.0 0.0 1.0 0.0 6.0 0.0 4.0 1.0 1.0 6.0 0.0 1.0 1.0 0.0 2.0 0.0 3.0 1.0 1.0 0.0 0.0 1.0 0.0 1.0 3.0 0.0 0.0 0.0 3.0 0.0 6.0 5.0 5.0 2.0 3.0 0.0 5.0 0.0 3.0 2.0 64.0 0.0 
0.0 0.0 0.0 67.0 4.0 0.0 8.0 2.0 5.0 4.0 0.0 4.0 3.0 5.0 0.0 3.0 0.0 3.0 1.0 1.0 9.0 4.0 0.0 0.0 0.0 2.0 2.0 2.0 2.0 0.0 2.0 0.0 1.0 2.0 1.0 0.0 0.0 0.0 2.0 5.0 2.0 0.0 1.0 0.0 0.0 0.0 3.0 6.0 3.0 0.0 4.0 2.0 2.0 5.0 0.0 6.0 1.0 4.0 4.0 0.0 4.0 0.0 0.0 7.0 0.0 2.0 3.0 6.0 2.0 3.0 0.0 3.0 4.0 0.0 1.0 0.0 2.0 0.0 10.0 8.0 0.0 4.0 2.0 4.0 0.0 6.0 14.0 7.0 1.0 0.0 0.0 0.0 3.0 2.0 0.0 0.0 1.0 0.0 86.0 0.0 
0.0 0.0 0.0 51.0 1.0 1.0 6.0 0.0 8.0 0.0 4.0 2.0 4.0 0.0 2.0 6.0 5.0 4.0 2.0 1.0 2.0 3.0 1.0 0.0 0.0 1.0 1.0 6.0 0.0 5.0 0.0 2.0 2.0 1.0 3.0 2.0 0.0 5.0 0.0 4.0 1.0 2.0 3.0 4.0 5.0 0.0 3.0 0.0 0.0 2.0 1.0 1.0 2.0 0.0 0.0 0.0 1.0 6.0 2.0 1.0 0.0 1.0 0.0 0.0 0.0 6.0 4.0 0.0 1.0 6.0 0.0 2.0 2.0 1.0 1.0 0.0 0.0 0.0 0.0 1.0 0.0 2.0 6.0 3.0 1.0 3.0 2.0 1.0 1.0 1.0 0.0 0.0 9.0 0.0 4.0 0.0 2.0 0.0 141.0 0.0 
0.0 0.0 0.0 102.0 1.0 0.0 3.0 2.0 0.0 5.0 1.0 3.0 2.0 0.0 0.0 4.0 8.0 5.0 0.0 0.0 2.0 2.0 0.0 4.0 4.0 2.0 2.0 0.0 1.0 2.0 2.0 5.0 2.0 0.0 1.0 1.0 2.0 5.0 0.0 2.0 2.0 3.0 1.0 4.0 2.0 7.0 1.0 2.0 0.0 0.0 1.0 1.0 0.0 0.0 4.0 0.0 0.0 2.0 1.0 1.0 0.0 0.0 2.0 0.0 0.0 0.0 0.0 3.0 1.0 8.0 0.0 1.0 1.0 5.0 3.0 2.0 0.0 2.0 1.0 3.0 4.0 0.0 1.0 2.0 5.0 3.0 2.0 0.0 3.0 5.0 1.0 1.0 1.0 6.0 0.0 0.0 0.0 19.0 16.0 22.0 
0.0 0.0 0.0 73.0 5.0 0.0 3.0 0.0 4.0 3.0 0.0 1.0 0.0 1.0 0.0 0.0 0.0 0.0 1.0 0.0 6.0 0.0 0.0 2.0 0.0 0.0 3.0 3.0 0.0 0.0 0.0 4.0 1.0 0.0 0.0 0.0 2.0 1.0 0.0 1.0 3.0 1.0 1.0 1.0 1.0 3.0 0.0 4.0 1.0 6.0 2.0 3.0 0.0 0.0 5.0 1.0 0.0 0.0 0.0 5.0 0.0 4.0 0.0 7.0 1.0 4.0 1.0 1.0 4.0 1.0 1.0 0.0 7.0 0.0 2.0 0.0 2.0 2.0 5.0 0.0 3.0 1.0 3.0 0.0 1.0 3.0 1.0 5.0 0.0 7.0 1.0 1.0 7.0 1.0 0.0 0.0 5.0 0.0 17.0 114.0 
0.0 0.0 0.0 132.0 0.0 2.0 2.0 2.0 1.0 2.0 2.0 1.0 0.0 1.0 5.0 3.0 10.0 1.0 2.0 0.0 5.0 5.0 0.0 1.0 3.0 4.0 0.0 4.0 4.0 1.0 0.0 8.0 3.0 2.0 1.0 8.0 0.0 2.0 0.0 0.0 0.0 2.0 6.0 0.0 3.0 2.0 6.0 1.0 0.0 0.0 1.0 1.0 1.0 0.0 2.0 1.0 2.0 0.0 1.0 0.0 0.0 0.0 7.0 0.0 3.0 2.0 0.0 0.0 7.0 1.0 0.0 5.0 2.0 3.0 0.0 4.0 1.0 0.0 2.0 1.0 4.0 0.0 1.0 0.0 4.0 6.0 3.0 2.0 4.0 3.0 1.0 1.0 0.0 0.0 0.0 4.0 0.0 1.0 3.0 82.0 
0.0 0.0 0.0 94.0 0.0 1.0 4.0 0.0 4.0 1.0 5.0 2.0 3.0 5.0 7.0 0.0 4.0 0.0 3.0 2.0 3.0 0.0 5.0 5.0 1.0 1.0 2.0 1.0 1.0 2.0 1.0 2.0 2.0 4.0 0.0 5.0 1.0 0.0 13.0 0.0 6.0 0.0 0.0 4.0 4.0 0.0 0.0 4.0 0.0 0.0 0.0 1.0 1.0 0.0 4.0 1.0 0.0 4.0 0.0 3.0 0.0 3.0 0.0 1.0 1.0 2.0 1.0 0.0 1.0 6.0 0.0 8.0 0.0 0.0 3.0 0.0 4.0 0.0 2.0 1.0 0.0 2.0 2.0 1.0 2.0 2.0 2.0 2.0 6.0 3.0 0.0 2.0 0.0 5.0 4.0 5.0 5.0 3.0 4.0 145.0 
0.0 0.0 0.0 76.0 1.0 1.0 0.0 4.0 0.0 2.0 3.0 2.0 4.0 4.0 4.0 2.0 1.0 0.0 7.0 7.0 2.0 3.0 0.0 5.0 3.0 0.0 1.0 0.0 5.0 2.0 1.0 5.0 2.0 2.0 3.0 0.0 0.0 12.0 0.0 0.0 2.0 6.0 5.0 0.0 0.0 0.0 3.0 1.0 5.0 3.0 1.0 2.0 1.0 12.0 0.0 1.0 4.0 3.0 6.0 3.0 2.0 2.0 3.0 1.0 0.0 2.0 3.0 0.0 1.0 3.0 0.0 0.0 4.0 5.0 0.0 0.0 1.0 3.0 2.0 0.0 3.0 2.0 4.0 3.0 0.0 0.0 4.0 1.0 0.0 6.0 0.0 3.0 0.0 2.0 0.0 0.0 2.0 1.0 12.0 37.0 
0.0 0.0 0.0 105.0 2.0 3.0 2.0 0.0 0.0 5.0 1.0 1.0 3.0 3.0 3.0 0.0 2.0 0.0 3.0 4.0 2.0 0.0 1.0 0.0 1.0 4.0 2.0 5.0 4.0 0.0 2.0 3.0 2.0 5.0 5.0 0.0 5.0 2.0 1.0 3.0 0.0 2.0 0.0 2.0 4.0 1.0 3.0 7.0 4.0 0.0 2.0 0.0 0.0 0.0 2.0 7.0 6.0 0.0 0.0 0.0 0.0 0.0 1.0 0.0 4.0 0.0 2.0 1.0 1.0 2.0 0.0 1.0 6.0 0.0 1.0 2.0 0.0 8.0 4.0 5.0 1.0 7.0 3.0 0.0 9.0 2.0 2.0 1.0 3.0 6.0 1.0 0.0 7.0 0.0 0.0 6.0 3.0 0.0 2.0 32.0 
0.0 0.0 0.0 170.0 0.0 0.0 0.0 4.0 0.0 1.0 7.0 2.0 0.0 3.0 0.0 1.0 2.0 4.0 2.0 0.0 2.0 3.0 4.0 1.0 0.0 7.0 4.0 0.0 2.0 1.0 1.0 0.0 1.0 0.0 1.0 4.0 1.0 3.0 1.0 1.0 6.0 0.0 1.0 2.0 1.0 1.0 0.0 0.0 2.0 2.0 1.0 4.0 5.0 3.0 3.0 2.0 0.0 5.0 3.0 0.0 2.0 7.0 3.0 2.0 3.0 1.0 0.0 0.0 6.0 0.0 1.0 0.0 2.0 2.0 2.0 1.0 10.0 2.0 2.0 0.0 2.0 2.0 0.0 0.0 0.0 4.0 5.0 0.0 2.0 2.0 1.0 0.0 1.0 2.0 4.0 3.0 2.0 3.0 1.0 15.0 
0.0 0.0 13.0 74.0 19.0 0.0 2.0 4.0 0.0 0.0 4.0 3.0 2.0 0.0 2.0 1.0 0.0 0.0 1.0 1.0 1.0 1.0 0.0 1.0 3.0 3.0 2.0 0.0 1.0 6.0 0.0 1.0 4.0 4.0 6.0 4.0 2.0 0.0 5.0 1.0 1.0 0.0 0.0 4.0 1.0 1.0 7.0 0.0 0.0 2.0 2.0 1.0 6.0 4.0 0.0 0.0 0.0 2.0 2.0 3.0 0.0 2.0 4.0 6.0 2.0 8.0 0.0 0.0 0.0 2.0 0.0 2.0 0.0 0.0 9.0 13.0 2.0 4.0 2.0 1.0 1.0 0.0 6.0 1.0 1.0 0.0 1.0 3.0 1.0 0.0 3.0 1.0 1.0 5.0 7.0 2.0 0.0 7.0 7.0 19.0 
0.0 0.0 27.0 32.0 7.0 0.0 0.0 0.0 0.0 4.0 1.0 2.0 1.0 1.0 0.0 2.0 2.0 0.0 1.0 11.0 0.0 0.0 1.0 2.0 0.0 0.0 1.0 1.0 0.0 0.0 6.0 0.0 2.0 1.0 1.0 2.0 2.0 3.0 2.0 5.0 4.0 5.0 1.0 1.0 1.0 2.0 1.0 1.0 0.0 4.0 0.0 0.0 4.0 0.0 2.0 11.0 2.0 0.0 0.0 6.0 2.0 4.0 3.0 2.0 2.0 3.0 1.0 1.0 3.0 0.0 0.0 8.0 0.0 2.0 1.0 2.0 0.0 0.0 0.0 4.0 4.0 0.0 6.0 0.0 0.0 1.0 4.0 5.0 7.0 0.0 2.0 4.0 0.0 2.0 2.0 3.0 7.0 0.0 0.0 150.0 
0.0 0.0 19.0 52.0 22.0 2.0 1.0 3.0 2.0 0.0 3.0 0.0 2.0 3.0 0.0 3.0 0.0 4.0 0.0 0.0 0.0 2.0 0.0 0.0 1.0 3.0 8.0 1.0 2.0 0.0 9.0 0.0 4.0 0.0 8.0 1.0 1.0 6.0 0.0 3.0 2.0 1.0 5.0 0.0 2.0 1.0 2.0 0.0 1.0 2.0 0.0 0.0 2.0 3.0 0.0 2.0 0.0 2.0 0.0 2.0 3.0 5.0 5.0 1.0 2.0 1.0 6.0 3.0 0.0 0.0 0.0 7.0 1.0 0.0 2.0 3.0 5.0 2.0 0.0 2.0 0.0 2.0 0.0 1.0 0.0 0.0 1.0 1.0 4.0 0.0 8.0 7.0 6.0 2.0 0.0 1.0 1.0 1.0 7.0 156.0 
0.0 0.0 0.0 139.0 4.0 0.0 3.0 1.0 6.0 0.0 0.0 2.0 1.0 2.0 1.0 0.0 6.0 0.0 0.0 0.0 0.0 4.0 1.0 3.0 1.0 4.0 3.0 4.0 3.0 5.0 0.0 0.0 0.0 1.0 1.0 2.0 0.0 0.0 6.0 0.0 6.0 6.0 0.0 0.0 1.0 0.0 2.0 5.0 1.0 0.0 0.0 1.0 0.0 1.0 0.0 4.0 3.0 0.0 6.0 1.0 1.0 1.0 1.0 1.0 3.0 0.0 2.0 0.0 0.0 8.0 0.0 0.0 2.0 1.0 0.0 4.0 6.0 6.0 2.0 6.0 0.0 1.0 3.0 0.0 0.0 0.0 2.0 2.0 2.0 0.0 3.0 5.0 0.0 2.0 0.0 0.0 2.0 0.0 7.0 49.0 
0.0 0.0 0.0 69.0 4.0 0.0 7.0 1.0 2.0 0.0 2.0 0.0 0.0 8.0 3.0 1.0 4.0 2.0 0.0 1.0 0.0 2.0 0.0 1.0 5.0 2.0 0.0 3.0 7.0 4.0 0.0 2.0 2.0 2.0 3.0 1.0 4.0 0.0 2.0 6.0 2.0 4.0 1.0 5.0 2.0 0.0 3.0 0.0 1.0 0.0 0.0 1.0 0.0 1.0 4.0 2.0 1.0 0.0 10.0 0.0 0.0 2.0 0.0 0.0 7.0 0.0 4.0 0.0 1.0 3.0 0.0 5.0 2.0 2.0 5.0 6.0 1.0 0.0 0.0 2.0 0.0 2.0 3.0 11.0 4.0 3.0 8.0 0.0 1.0 6.0 4.0 2.0 4.0 8.0 1.0 3.0 2.0 1.0 24.0 62.0 
0.0 0.0 0.0 71.0 9.0 6.0 0.0 1.0 1.0 3.0 0.0 0.0 4.0 8.0 0.0 2.0 5.0 5.0 1.0 0.0 0.0 0.0 1.0 4.0 2.0 0.0 1.0 0.0 0.0 3.0 2.0 1.0 4.0 2.0 1.0 0.0 9.0 10.0 3.0 0.0 2.0 3.0 0.0 0.0 4.0 2.0 6.0 4.0 1.0 4.0 1.0 2.0 1.0 2.0 2.0 0.0 3.0 8.0 0.0 0.0 2.0 0.0 0.0 3.0 2.0 2.0 2.0 2.0 8.0 0.0 1.0 2.0 0.0 1.0 0.0 3.0 2.0 1.0 1.0 2.0 0.0 2.0 5.0 1.0 0.0 1.0 1.0 3.0 0.0 2.0 4.0 0.0 0.0 0.0 5.0 3.0 0.0 2.0 0.0 123.0 
0.0 0.0 0.0 28.0 13.0 3.0 2.0 4.0 2.0 1.0 1.0 4.0 2.0 2.0 5.0 3.0 2.0 2.0 0.0 2.0 1.0 1.0 7.0 2.0 1.0 2.0 0.0 4.0 1.0 1.0 8.0 2.0 0.0 8.0 2.0 0.0 0.0 3.0 0.0 4.0 2.0 1.0 3.0 0.0 1.0 9.0 6.0 1.0 1.0 2.0 1.0 6.0 0.0 3.0 2.0 1.0 1.0 1.0 4.0 0.0 2.0 4.0 3.0 4.0 1.0 0.0 0.0 4.0 3.0 5.0 0.0 0.0 0.0 1.0 1.0 5.0 2.0 2.0 0.0 0.0 4.0 3.0 3.0 2.0 0.0 0.0 0.0 0.0 3.0 0.0 0.0 6.0 4.0 2.0 0.0 0.0 0.0 7.0 2.0 46.0 
0.0 0.0 0.0 26.0 25.0 8.0 1.0 5.0 0.0 3.0 1.0 3.0 1.0 2.0 10.0 0.0 2.0 2.0 0.0 0.0 3.0 4.0 2.0 0.0 2.0 1.0 2.0 3.0 4.0 2.0 3.0 0.0 4.0 3.0 3.0 3.0 0.0 0.0 2.0 1.0 3.0 4.0 0.0 2.0 4.0 0.0 0.0 1.0 3.0 4.0 5.0 0.0 0.0 3.0 3.0 0.0 1.0 0.0 0.0 1.0 2.0 2.0 1.0 1.0 0.0 0.0 0.0 0.0 0.0 1.0 4.0 0.0 2.0 0.0 2.0 5.0 2.0 1.0 0.0 3.0 0.0 2.0 3.0 6.0 0.0 0.0 6.0 2.0 0.0 1.0 2.0 0.0 1.0 10.0 0.0 7.0 1.0 2.0 9.0 39.0 
0.0 0.0 0.0 4.0 121.0 10.0 6.0 6.0 0.0 4.0 0.0 0.0 3.0 4.0 1.0 1.0 4.0 0.0 0.0 3.0 2.0 13.0 2.0 0.0 6.0 2.0 8.0 5.0 0.0 4.0 5.0 3.0 0.0 1.0 8.0 1.0 5.0 3.0 0.0 3.0 0.0 0.0 2.0 1.0 2.0 2.0 6.0 0.0 1.0 1.0 1.0 0.0 0.0 3.0 3.0 2.0 0.0 2.0 0.0 3.0 3.0 0.0 0.0 1.0 0.0 0.0 6.0 0.0 2.0 1.0 0.0 2.0 5.0 5.0 4.0 1.0 3.0 0.0 0.0 8.0 1.0 1.0 5.0 1.0 3.0 3.0 4.0 0.0 1.0 1.0 0.0 0.0 0.0 0.0 2.0 2.0 1.0 6.0 8.0 37.0 
0.0 0.0 0.0 22.0 54.0 22.0 4.0 0.0 2.0 0.0 3.0 0.0 1.0 2.0 2.0 0.0 3.0 4.0 0.0 3.0 3.0 2.0 2.0 0.0 0.0 4.0 0.0 7.0 0.0 3.0 2.0 1.0 0.0 3.0 0.0 2.0 9.0 0.0 2.0 0.0 2.0 1.0 10.0 0.0 8.0 1.0 2.0 4.0 2.0 0.0 5.0 0.0 0.0 1.0 0.0 0.0 8.0 0.0 0.0 6.0 1.0 2.0 5.0 2.0 1.0 6.0 9.0 0.0 4.0 4.0 2.0 3.0 2.0 0.0 3.0 0.0 4.0 0.0 0.0 0.0 5.0 4.0 2.0 0.0 2.0 3.0 2.0 0.0 2.0 5.0 6.0 2.0 0.0 3.0 10.0 1.0 1.0 1.0 194.0 0.0 
0.0 0.0 0.0 31.0 18.0 5.0 4.0 0.0 1.0 6.0 0.0 13.0 0.0 3.0 3.0 4.0 0.0 1.0 0.0 0.0 0.0 4.0 3.0 1.0 1.0 0.0 3.0 1.0 4.0 1.0 0.0 3.0 0.0 4.0 4.0 3.0 3.0 1.0 3.0 4.0 2.0 1.0 1.0 3.0 4.0 1.0 3.0 2.0 1.0 4.0 0.0 2.0 4.0 2.0 7.0 2.0 3.0 0.0 6.0 0.0 1.0 1.0 2.0 1.0 2.0 3.0 1.0 6.0 0.0 2.0 2.0 1.0 4.0 1.0 4.0 5.0 7.0 1.0 1.0 5.0 1.0 2.0 2.0 2.0 1.0 4.0 1.0 1.0 3.0 2.0 4.0 3.0 7.0 0.0 3.0 3.0 2.0 2.0 39.0 0.0 
0.0 0.0 0.0 0.0 138.0 0.0 0.0 10.0 4.0 0.0 0.0 2.0 5.0 3.0 3.0 2.0 1.0 2.0 3.0 3.0 1.0 1.0 1.0 8.0 6.0 9.0 8.0 4.0 2.0 0.0 7.0 4.0 21.0 1.0 1.0 0.0 0.0 0.0 0.0 5.0 0.0 5.0 8.0 0.0 2.0 2.0 0.0 2.0 0.0 3.0 0.0 0.0 2.0 5.0 1.0 2.0 1.0 1.0 2.0 1.0 1.0 1.0 2.0 5.0 0.0 2.0 2.0 0.0 3.0 1.0 1.0 0.0 3.0 5.0 2.0 0.0 2.0 2.0 1.0 3.0 0.0 0.0 4.0 2.0 2.0 0.0 0.0 0.0 5.0 3.0 3.0 1.0 6.0 0.0 4.0 3.0 7.0 8.0 28.0 0.0 
0.0 0.0 0.0 0.0 72.0 4.0 0.0 1.0 0.0 1.0 6.0 1.0 1.0 3.0 0.0 0.0 3.0 4.0 0.0 1.0 1.0 0.0 0.0 5.0 1.0 5.0 7.0 0.0 0.0 3.0 3.0 2.0 0.0 3.0 2.0 0.0 3.0 3.0 0.0 0.0 1.0 5.0 0.0 2.0 2.0 0.0 2.0 1.0 4.0 4.0 1.0 5.0 1.0 3.0 0.0 1.0 0.0 3.0 1.0 1.0 7.0 0.0 1.0 6.0 0.0 4.0 0.0 0.0 2.0 1.0 2.0 0.0 2.0 3.0 8.0 0.0 4.0 1.0 4.0 2.0 1.0 0.0 4.0 3.0 0.0 3.0 1.0 1.0 0.0 0.0 0.0 3.0 8.0 1.0 0.0 2.0 3.0 138.0 0.0 0.0 
0.0 0.0 0.0 0.0 34.0 14.0 2.0 0.0 1.0 2.0 3.0 0.0 1.0 3.0 2.0 6.0 2.0 3.0 4.0 1.0 2.0 6.0 1.0 0.0 1.0 1.0 2.0 1.0 0.0 1.0 2.0 8.0 4.0 1.0 5.0 0.0 0.0 1.0 2.0 1.0 1.0 2.0 3.0 1.0 0.0 2.0 4.0 4.0 8.0 2.0 0.0 0.0 2.0 1.0 2.0 0.0 10.0 3.0 2.0 1.0 2.0 1.0 6.0 1.0 0.0 0.0 0.0 0.0 2.0 2.0 5.0 1.0 0.0 1.0 0.0 7.0 1.0 0.0 1.0 1.0 0.0 0.0 4.0 1.0 1.0 4.0 0.0 2.0 8.0 2.0 1.0 1.0 1.0 1.0 1.0 4.0 1.0 56.0 0.0 0.0 
0.0 0.0 0.0 0.0 26.0 18.0 15.0 2.0 3.0 0.0 3.0 1.0 9.0 2.0 3.0 7.0 3.0 3.0 4.0 1.0 2.0 0.0 0.0 1.0 3.0 2.0 3.0 1.0 2.0 0.0 2.0 4.0 5.0 1.0 5.0 5.0 4.0 4.0 12.0 0.0 2.0 0.0 5.0 0.0 1.0 1.0 0.0 0.0 3.0 0.0 0.0 2.0 1.0 1.0 0.0 2.0 0.0 1.0 1.0 0.0 6.0 0.0 4.0 3.0 3.0 5.0 0.0 1.0 5.0 0.0 0.0 4.0 0.0 2.0 8.0 0.0 0.0 3.0 7.0 2.0 2.0 2.0 0.0 2.0 2.0 0.0 1.0 2.0 3.0 0.0 1.0 4.0 7.0 0.0 0.0 0.0 197.0 0.0 0.0 0.0 
0.0 0.0 0.0 0.0 0.0 101.0 2.0 0.0 3.0 4.0 5.0 6.0 0.0 1.0 6.0 1.0 3.0 0.0 2.0 0.0 1.0 1.0 0.0 0.0 5.0 1.0 0.0 5.0 1.0 1.0 1.0 7.0 1.0 8.0 0.0 2.0 0.0 4.0 5.0 0.0 1.0 1.0 0.0 1.0 4.0 0.0 2.0 0.0 1.0 9.0 0.0 5.0 2.0 1.0 2.0 4.0 0.0 1.0 0.0 0.0 3.0 3.0 2.0 0.0 5.0 3.0 1.0 0.0 0.0 0.0 2.0 1.0 1.0 3.0 1.0 0.0 1.0 0.0 0.0 2.0 0.0 0.0 6.0 2.0 0.0 0.0 0.0 0.0 0.0 0.0 2.0 6.0 0.0 0.0 3.0 18.0 98.0 0.0 0.0 0.0 
0.0 0.0 0.0 0.0 0.0 4.0 176.0 3.0 1.0 1.0 1.0 0.0 3.0 1.0 1.0 5.0 0.0 4.0 6.0 3.0 1.0 1.0 3.0 4.0 3.0 2.0 5.0 2.0 0.0 1.0 2.0 2.0 4.0 5.0 3.0 2.0 1.0 4.0 0.0 2.0 1.0 2.0 1.0 2.0 2.0 6.0 3.0 1.0 1.0 0.0 2.0 0.0 7.0 0.0 7.0 1.0 0.0 3.0 2.0 0.0 0.0 0.0 0.0 2.0 3.0 1.0 0.0 0.0 0.0 1.0 2.0 4.0 1.0 4.0 0.0 1.0 2.0 2.0 1.0 2.0 1.0 2.0 0.0 1.0 0.0 2.0 1.0 0.0 7.0 0.0 2.0 0.0 2.0 0.0 19.0 25.0 32.0 0.0 0.0 0.0 
0.0 0.0 0.0 0.0 0.0 0.0 92.0 20.0 1.0 5.0 2.0 0.0 3.0 2.0 2.0 3.0 3.0 3.0 0.0 0.0 5.0 2.0 2.0 0.0 0.0 0.0 1.0 4.0 0.0 3.0 3.0 2.0 1.0 4.0 1.0 3.0 1.0 1.0 3.0 2.0 0.0 0.0 2.0 8.0 3.0 1.0 0.0 5.0 1.0 0.0 5.0 3.0 0.0 6.0 0.0 3.0 1.0 6.0 1.0 1.0 1.0 0.0 3.0 3.0 0.0 4.0 1.0 1.0 2.0 1.0 2.0 1.0 5.0 2.0 3.0 2.0 4.0 2.0 0.0 3.0 1.0 1.0 7.0 5.0 0.0 3.0 5.0 0.0 0.0 0.0 0.0 1.0 2.0 1.0 2.0 193.0 0.0 0.0 0.0 0.0 
0.0 0.0 0.0 0.0 0.0 0.0 29.0 35.0 19.0 1.0 0.0 2.0 1.0 6.0 3.0 3.0 1.0 0.0 2.0 9.0 2.0 2.0 0.0 0.0 1.0 2.0 2.0 0.0 1.0 2.0 2.0 0.0 0.0 4.0 0.0 0.0 0.0 0.0 0.0 1.0 0.0 0.0 0.0 1.0 0.0 3.0 0.0 7.0 0.0 2.0 1.0 0.0 1.0 0.0 3.0 0.0 2.0 4.0 1.0 10.0 0.0 0.0 2.0 0.0 3.0 0.0 1.0 1.0 1.0 5.0 6.0 0.0 1.0 1.0 1.0 5.0 4.0 0.0 0.0 0.0 11.0 5.0 0.0 1.0 0.0 6.0 0.0 3.0 3.0 0.0 1.0 0.0 1.0 2.0 9.0 58.0 0.0 0.0 0.0 0.0 
0.0 0.0 0.0 0.0 0.0 0.0 0.0 96.0 19.0 1.0 2.0 2.0 2.0 0.0 0.0 0.0 1.0 0.0 2.0 0.0 0.0 2.0 9.0 0.0 3.0 4.0 0.0 0.0 0.0 0.0 3.0 0.0 0.0 1.0 15.0 4.0 3.0 1.0 5.0 0.0 6.0 0.0 0.0 6.0 5.0 1.0 1.0 3.0 4.0 2.0 1.0 2.0 0.0 1.0 2.0 1.0 0.0 4.0 1.0 0.0 2.0 0.0 1.0 0.0 0.0 4.0 0.0 3.0 0.0 3.0 0.0 2.0 3.0 0.0 6.0 4.0 1.0 4.0 2.0 1.0 0.0 2.0 1.0 0.0 4.0 2.0 4.0 1.0 4.0 0.0 1.0 3.0 1.0 14.0 174.0 0.0 0.0 0.0 0.0 0.0 
0.0 0.0 0.0 0.0 0.0 0.0 0.0 22.0 39.0 30.0 1.0 7.0 0.0 0.0 3.0 0.0 8.0 0.0 3.0 0.0 2.0 0.0 0.0 0.0 0.0 0.0 2.0 1.0 0.0 1.0 0.0 0.0 3.0 0.0 8.0 8.0 8.0 1.0 1.0 1.0 3.0 1.0 6.0 0.0 0.0 1.0 0.0 0.0 1.0 2.0 1.0 1.0 7.0 0.0 1.0 2.0 3.0 4.0 2.0 2.0 2.0 3.0 0.0 1.0 5.0 0.0 0.0 0.0 2.0 5.0 1.0 0.0 0.0 4.0 1.0 4.0 0.0 0.0 0.0 0.0 1.0 1.0 6.0 0.0 7.0 1.0 0.0 0.0 0.0 1.0 3.0 1.0 14.0 5.0 17.0 0.0 0.0 0.0 0.0 0.0 
0.0 0.0 0.0 0.0 0.0 0.0 0.0 0.0 29.0 133.0 13.0 0.0 2.0 0.0 2.0 0.0 2.0 3.0 0.0 11.0 0.0 0.0 2.0 1.0 3.0 1.0 4.0 2.0 0.0 0.0 7.0 0.0 0.0 3.0 2.0 1.0 3.0 1.0 2.0 0.0 1.0 0.0 1.0 0.0 1.0 3.0 0.0 0.0 0.0 4.0 1.0 3.0 2.0 0.0 0.0 5.0 2.0 0.0 0.0 2.0 1.0 6.0 3.0 1.0 3.0 3.0 0.0 0.0 2.0 0.0 1.0 3.0 1.0 2.0 0.0 0.0 4.0 0.0 2.0 2.0 1.0 1.0 2.0 1.0 4.0 2.0 0.0 7.0 4.0 5.0 0.0 4.0 17.0 104.0 0.0 0.0 0.0 0.0 0.0 0.0 
0.0 0.0 0.0 0.0 0.0 0.0 0.0 0.0 0.0 84.0 2.0 2.0 1.0 2.0 0.0 0.0 2.0 4.0 2.0 0.0 2.0 5.0 0.0 0.0 4.0 2.0 1.0 0.0 2.0 0.0 4.0 0.0 0.0 1.0 0.0 1.0 0.0 3.0 2.0 0.0 0.0 2.0 0.0 0.0 1.0 0.0 1.0 0.0 3.0 3.0 2.0 0.0 6.0 9.0 1.0 1.0 6.0 0.0 1.0 0.0 0.0 0.0 2.0 1.0 4.0 0.0 1.0 0.0 0.0 2.0 1.0 5.0 0.0 2.0 0.0 0.0 1.0 6.0 1.0 1.0 2.0 3.0 1.0 1.0 1.0 1.0 2.0 8.0 2.0 2.0 2.0 26.0 50.0 29.0 0.0 0.0 0.0 0.0 0.0 0.0 
0.0 0.0 0.0 0.0 0.0 0.0 0.0 0.0 0.0 0.0 154.0 24.0 1.0 2.0 1.0 5.0 0.0 5.0 3.0 2.0 2.0 0.0 5.0 3.0 1.0 9.0 2.0 2.0 2.0 3.0 0.0 1.0 1.0 1.0 2.0 5.0 2.0 2.0 1.0 0.0 1.0 0.0 5.0 0.0 1.0 3.0 3.0 2.0 1.0 5.0 1.0 0.0 0.0 1.0 0.0 3.0 0.0 2.0 0.0 1.0 3.0 1.0 0.0 1.0 7.0 0.0 0.0 0.0 1.0 4.0 3.0 2.0 2.0 2.0 1.0 1.0 0.0 0.0 0.0 3.0 2.0 8.0 0.0 11.0 0.0 3.0 1.0 0.0 3.0 0.0 2.0 2.0 80.0 0.0 0.0 0.0 0.0 0.0 0.0 0.0 
0.0 0.0 0.0 0.0 0.0 0.0 0.0 0.0 0.0 0.0 33.0 56.0 25.0 2.0 8.0 0.0 3.0 6.0 6.0 1.0 10.0 5.0 0.0 3.0 0.0 3.0 2.0 1.0 2.0 2.0 0.0 0.0 2.0 7.0 4.0 0.0 3.0 0.0 2.0 6.0 1.0 2.0 6.0 0.0 1.0 6.0 4.0 2.0 4.0 1.0 2.0 3.0 6.0 0.0 5.0 1.0 0.0 1.0 0.0 5.0 3.0 1.0 0.0 2.0 0.0 2.0 1.0 2.0 9.0 5.0 2.0 5.0 5.0 2.0 1.0 7.0 5.0 0.0 9.0 1.0 7.0 1.0 1.0 3.0 0.0 0.0 2.0 7.0 3.0 3.0 4.0 133.0 0.0 0.0 0.0 0.0 0.0 0.0 0.0 0.0 
0.0 0.0 0.0 0.0 0.0 0.0 0.0 0.0 0.0 0.0 0.0 45.0 5.0 11.0 3.0 6.0 7.0 1.0 0.0 4.0 1.0 3.0 1.0 0.0 2.0 0.0 1.0 2.0 4.0 0.0 0.0 0.0 1.0 2.0 0.0 5.0 1.0 6.0 8.0 1.0 1.0 3.0 0.0 3.0 2.0 1.0 0.0 5.0 2.0 2.0 2.0 2.0 1.0 2.0 1.0 1.0 0.0 0.0 0.0 0.0 1.0 2.0 3.0 3.0 0.0 6.0 1.0 4.0 0.0 7.0 2.0 5.0 2.0 6.0 0.0 3.0 2.0 0.0 5.0 4.0 3.0 3.0 1.0 3.0 5.0 1.0 1.0 0.0 2.0 10.0 130.0 4.0 0.0 0.0 0.0 0.0 0.0 0.0 0.0 0.0 
0.0 0.0 0.0 0.0 0.0 0.0 0.0 0.0 0.0 0.0 0.0 0.0 95.0 2.0 1.0 3.0 3.0 4.0 6.0 6.0 0.0 1.0 3.0 6.0 2.0 2.0 1.0 0.0 1.0 1.0 0.0 0.0 1.0 0.0 0.0 3.0 0.0 0.0 12.0 7.0 7.0 0.0 0.0 0.0 4.0 1.0 0.0 5.0 1.0 0.0 3.0 1.0 0.0 1.0 0.0 3.0 3.0 3.0 1.0 0.0 6.0 3.0 5.0 5.0 6.0 3.0 2.0 0.0 1.0 4.0 4.0 0.0 4.0 0.0 4.0 5.0 2.0 4.0 1.0 5.0 0.0 0.0 1.0 4.0 0.0 0.0 0.0 2.0 5.0 8.0 46.0 0.0 0.0 0.0 0.0 0.0 0.0 0.0 0.0 0.0 
0.0 0.0 0.0 0.0 0.0 0.0 0.0 0.0 0.0 0.0 0.0 0.0 0.0 155.0 9.0 1.0 9.0 0.0 1.0 2.0 6.0 1.0 0.0 0.0 1.0 4.0 0.0 0.0 0.0 3.0 1.0 0.0 2.0 8.0 0.0 5.0 0.0 4.0 0.0 0.0 3.0 2.0 0.0 1.0 4.0 4.0 4.0 0.0 0.0 4.0 2.0 0.0 1.0 4.0 3.0 1.0 0.0 1.0 6.0 1.0 0.0 2.0 2.0 1.0 1.0 6.0 1.0 4.0 0.0 0.0 0.0 0.0 5.0 0.0 0.0 1.0 0.0 4.0 3.0 0.0 3.0 0.0 0.0 0.0 2.0 0.0 2.0 2.0 2.0 115.0 0.0 0.0 0.0 0.0 0.0 0.0 0.0 0.0 0.0 0.0 
0.0 0.0 0.0 0.0 0.0 0.0 0.0 0.0 0.0 0.0 0.0 0.0 0.0 30.0 7.0 6.0 1.0 4.0 7.0 1.0 1.0 0.0 0.0 0.0 2.0 1.0 4.0 0.0 1.0 1.0 6.0 0.0 0.0 1.0 2.0 0.0 6.0 0.0 2.0 0.0 0.0 2.0 2.0 0.0 0.0 1.0 0.0 0.0 1.0 0.0 7.0 0.0 4.0 7.0 0.0 5.0 1.0 1.0 0.0 4.0 4.0 0.0 2.0 2.0 1.0 1.0 1.0 2.0 3.0 1.0 4.0 1.0 1.0 4.0 0.0 8.0 2.0 0.0 3.0 0.0 4.0 1.0 0.0 0.0 0.0 2.0 4.0 27.0 137.0 0.0 0.0 0.0 0.0 0.0 0.0 0.0 0.0 0.0 0.0 0.0 
0.0 0.0 0.0 0.0 0.0 0.0 0.0 0.0 0.0 0.0 0.0 0.0 0.0 0.0 71.0 2.0 3.0 0.0 1.0 4.0 4.0 5.0 2.0 0.0 7.0 4.0 9.0 0.0 12.0 0.0 1.0 6.0 5.0 0.0 0.0 4.0 0.0 2.0 1.0 1.0 0.0 0.0 5.0 0.0 14.0 0.0 0.0 0.0 1.0 2.0 0.0 1.0 2.0 1.0 1.0 3.0 5.0 0.0 0.0 0.0 0.0 0.0 0.0 3.0 2.0 2.0 3.0 0.0 2.0 0.0 4.0 0.0 0.0 4.0 3.0 0.0 2.0 0.0 1.0 0.0 0.0 4.0 0.0 0.0 3.0 0.0 35.0 36.0 30.0 0.0 0.0 0.0 0.0 0.0 0.0 0.0 0.0 0.0 0.0 0.0 
0.0 0.0 0.0 0.0 0.0 0.0 0.0 0.0 0.0 0.0 0.0 0.0 0.0 0.0 0.0 103.0 2.0 1.0 1.0 2.0 0.0 0.0 0.0 1.0 0.0 1.0 0.0 0.0 6.0 1.0 0.0 5.0 0.0 4.0 2.0 0.0 8.0 0.0 0.0 3.0 0.0 1.0 1.0 2.0 6.0 2.0 0.0 3.0 2.0 0.0 8.0 1.0 2.0 2.0 1.0 0.0 3.0 2.0 1.0 3.0 3.0 0.0 0.0 1.0 0.0 4.0 1.0 3.0 3.0 1.0 1.0 3.0 0.0 6.0 0.0 3.0 8.0 3.0 5.0 0.0 1.0 1.0 1.0 0.0 0.0 26.0 6.0 43.0 0.0 0.0 0.0 0.0 0.0 0.0 0.0 0.0 0.0 0.0 0.0 0.0 
0.0 0.0 0.0 0.0 0.0 0.0 0.0 0.0 0.0 0.0 0.0 0.0 0.0 0.0 0.0 0.0 102.0 3.0 1.0 0.0 2.0 4.0 0.0 1.0 0.0 0.0 5.0 10.0 4.0 3.0 1.0 3.0 1.0 3.0 0.0 6.0 2.0 4.0 1.0 6.0 0.0 0.0 1.0 2.0 6.0 0.0 6.0 0.0 2.0 5.0 0.0 2.0 4.0 1.0 9.0 1.0 1.0 2.0 0.0 6.0 0.0 0.0 4.0 0.0 3.0 0.0 1.0 0.0 2.0 0.0 3.0 0.0 0.0 0.0 7.0 4.0 0.0 0.0 0.0 1.0 4.0 5.0 0.0 0.0 16.0 87.0 39.0 0.0 0.0 0.0 0.0 0.0 0.0 0.0 0.0 0.0 0.0 0.0 0.0 0.0 
0.0 0.0 0.0 0.0 0.0 0.0 0.0 0.0 0.0 0.0 0.0 0.0 0.0 0.0 0.0 0.0 0.0 117.0 6.0 0.0 2.0 1.0 1.0 3.0 7.0 0.0 4.0 2.0 5.0 1.0 0.0 14.0 2.0 1.0 4.0 2.0 0.0 0.0 0.0 0.0 2.0 1.0 3.0 2.0 1.0 0.0 2.0 2.0 1.0 1.0 0.0 1.0 0.0 3.0 1.0 11.0 0.0 2.0 2.0 1.0 3.0 0.0 3.0 1.0 0.0 1.0 0.0 1.0 1.0 6.0 1.0 0.0 3.0 0.0 0.0 2.0 0.0 0.0 1.0 7.0 0.0 0.0 11.0 0.0 116.0 15.0 0.0 0.0 0.0 0.0 0.0 0.0 0.0 0.0 0.0 0.0 0.0 0.0 0.0 0.0 
0.0 0.0 0.0 0.0 0.0 0.0 0.0 0.0 0.0 0.0 0.0 0.0 0.0 0.0 0.0 0.0 0.0 0.0 105.0 3.0 0.0 0.0 7.0 0.0 0.0 1.0 9.0 1.0 1.0 7.0 1.0 1.0 11.0 4.0 1.0 1.0 4.0 2.0 0.0 3.0 0.0 2.0 0.0 0.0 2.0 0.0 0.0 0.0 0.0 0.0 2.0 7.0 3.0 1.0 5.0 4.0 0.0 1.0 0.0 1.0 1.0 0.0 0.0 0.0 0.0 2.0 0.0 5.0 1.0 1.0 0.0 0.0 0.0 0.0 1.0 2.0 1.0 1.0 2.0 2.0 2.0 11.0 24.0 84.0 0.0 0.0 0.0 0.0 0.0 0.0 0.0 0.0 0.0 0.0 0.0 0.0 0.0 0.0 0.0 0.0 
0.0 0.0 0.0 0.0 0.0 0.0 0.0 0.0 0.0 0.0 0.0 0.0 0.0 0.0 0.0 0.0 0.0 0.0 0.0 89.0 5.0 15.0 0.0 2.0 5.0 0.0 0.0 0.0 0.0 0.0 1.0 1.0 0.0 4.0 0.0 0.0 2.0 0.0 0.0 0.0 1.0 6.0 0.0 7.0 0.0 0.0 3.0 3.0 0.0 8.0 0.0 1.0 6.0 2.0 0.0 7.0 4.0 4.0 3.0 2.0 1.0 5.0 1.0 1.0 1.0 0.0 4.0 1.0 0.0 8.0 3.0 0.0 0.0 3.0 2.0 1.0 0.0 2.0 4.0 2.0 4.0 1.0 97.0 0.0 0.0 0.0 0.0 0.0 0.0 0.0 0.0 0.0 0.0 0.0 0.0 0.0 0.0 0.0 0.0 0.0 
0.0 0.0 0.0 0.0 0.0 0.0 0.0 0.0 0.0 0.0 0.0 0.0 0.0 0.0 0.0 0.0 0.0 0.0 0.0 0.0 71.0 12.0 19.0 0.0 2.0 0.0 6.0 2.0 5.0 3.0 3.0 0.0 7.0 1.0 0.0 0.0 2.0 3.0 6.0 1.0 2.0 2.0 4.0 5.0 2.0 1.0 0.0 6.0 4.0 0.0 0.0 0.0 4.0 5.0 1.0 1.0 0.0 1.0 1.0 6.0 1.0 0.0 4.0 0.0 3.0 1.0 4.0 8.0 0.0 7.0 4.0 2.0 1.0 3.0 4.0 0.0 1.0 4.0 2.0 9.0 6.0 98.0 0.0 0.0 0.0 0.0 0.0 0.0 0.0 0.0 0.0 0.0 0.0 0.0 0.0 0.0 0.0 0.0 0.0 0.0 
0.0 0.0 0.0 0.0 0.0 0.0 0.0 0.0 0.0 0.0 0.0 0.0 0.0 0.0 0.0 0.0 0.0 0.0 0.0 0.0 0.0 52.0 9.0 36.0 0.0 0.0 0.0 4.0 0.0 6.0 0.0 4.0 0.0 2.0 5.0 1.0 0.0 0.0 0.0 6.0 10.0 3.0 8.0 0.0 2.0 3.0 8.0 8.0 1.0 0.0 2.0 10.0 0.0 2.0 0.0 8.0 2.0 0.0 1.0 3.0 3.0 0.0 7.0 4.0 1.0 1.0 5.0 0.0 2.0 0.0 2.0 0.0 0.0 7.0 0.0 6.0 1.0 2.0 6.0 8.0 72.0 0.0 0.0 0.0 0.0 0.0 0.0 0.0 0.0 0.0 0.0 0.0 0.0 0.0 0.0 0.0 0.0 0.0 0.0 0.0 
0.0 0.0 0.0 0.0 0.0 0.0 0.0 0.0 0.0 0.0 0.0 0.0 0.0 0.0 0.0 0.0 0.0 0.0 0.0 0.0 0.0 0.0 45.0 36.0 24.0 0.0 5.0 0.0 2.0 2.0 3.0 3.0 2.0 4.0 2.0 2.0 0.0 2.0 0.0 8.0 2.0 0.0 0.0 0.0 0.0 1.0 4.0 2.0 0.0 0.0 2.0 1.0 4.0 0.0 4.0 0.0 2.0 4.0 2.0 3.0 0.0 0.0 4.0 3.0 1.0 0.0 1.0 2.0 6.0 0.0 2.0 5.0 0.0 0.0 1.0 5.0 2.0 16.0 9.0 76.0 0.0 0.0 0.0 0.0 0.0 0.0 0.0 0.0 0.0 0.0 0.0 0.0 0.0 0.0 0.0 0.0 0.0 0.0 0.0 0.0 
0.0 0.0 0.0 0.0 0.0 0.0 0.0 0.0 0.0 0.0 0.0 0.0 0.0 0.0 0.0 0.0 0.0 0.0 0.0 0.0 0.0 0.0 0.0 26.0 153.0 3.0 6.0 4.0 1.0 1.0 0.0 0.0 1.0 0.0 2.0 2.0 0.0 1.0 1.0 6.0 1.0 3.0 1.0 2.0 5.0 3.0 3.0 1.0 0.0 4.0 3.0 0.0 5.0 5.0 2.0 5.0 0.0 2.0 3.0 0.0 1.0 1.0 0.0 0.0 0.0 3.0 3.0 0.0 0.0 1.0 0.0 0.0 2.0 1.0 1.0 2.0 32.0 71.0 54.0 0.0 0.0 0.0 0.0 0.0 0.0 0.0 0.0 0.0 0.0 0.0 0.0 0.0 0.0 0.0 0.0 0.0 0.0 0.0 0.0 0.0 
0.0 0.0 0.0 0.0 0.0 0.0 0.0 0.0 0.0 0.0 0.0 0.0 0.0 0.0 0.0 0.0 0.0 0.0 0.0 0.0 0.0 0.0 0.0 0.0 0.0 108.0 6.0 15.0 3.0 3.0 2.0 0.0 0.0 0.0 3.0 1.0 2.0 1.0 2.0 2.0 3.0 2.0 0.0 2.0 2.0 1.0 0.0 0.0 1.0 0.0 1.0 4.0 1.0 3.0 0.0 0.0 0.0 5.0 0.0 1.0 2.0 2.0 3.0 2.0 0.0 3.0 1.0 2.0 1.0 0.0 0.0 4.0 3.0 3.0 11.0 5.0 118.0 20.0 0.0 0.0 0.0 0.0 0.0 0.0 0.0 0.0 0.0 0.0 0.0 0.0 0.0 0.0 0.0 0.0 0.0 0.0 0.0 0.0 0.0 0.0 
0.0 0.0 0.0 0.0 0.0 0.0 0.0 0.0 0.0 0.0 0.0 0.0 0.0 0.0 0.0 0.0 0.0 0.0 0.0 0.0 0.0 0.0 0.0 0.0 0.0 0.0 66.0 15.0 18.0 2.0 0.0 0.0 2.0 2.0 0.0 1.0 1.0 0.0 2.0 0.0 0.0 2.0 7.0 2.0 1.0 0.0 0.0 2.0 0.0 0.0 2.0 6.0 3.0 1.0 0.0 5.0 0.0 1.0 2.0 1.0 2.0 4.0 4.0 1.0 0.0 2.0 1.0 0.0 1.0 8.0 1.0 1.0 1.0 11.0 14.0 77.0 0.0 0.0 0.0 0.0 0.0 0.0 0.0 0.0 0.0 0.0 0.0 0.0 0.0 0.0 0.0 0.0 0.0 0.0 0.0 0.0 0.0 0.0 0.0 0.0 
0.0 0.0 0.0 0.0 0.0 0.0 0.0 0.0 0.0 0.0 0.0 0.0 0.0 0.0 0.0 0.0 0.0 0.0 0.0 0.0 0.0 0.0 0.0 0.0 0.0 0.0 0.0 28.0 175.0 1.0 3.0 6.0 1.0 3.0 2.0 4.0 7.0 0.0 1.0 2.0 0.0 3.0 1.0 3.0 0.0 1.0 3.0 1.0 1.0 5.0 2.0 0.0 4.0 10.0 0.0 1.0 0.0 4.0 5.0 3.0 0.0 1.0 0.0 6.0 2.0 0.0 2.0 0.0 2.0 1.0 3.0 5.0 1.0 167.0 26.0 0.0 0.0 0.0 0.0 0.0 0.0 0.0 0.0 0.0 0.0 0.0 0.0 0.0 0.0 0.0 0.0 0.0 0.0 0.0 0.0 0.0 0.0 0.0 0.0 0.0 
0.0 0.0 0.0 0.0 0.0 0.0 0.0 0.0 0.0 0.0 0.0 0.0 0.0 0.0 0.0 0.0 0.0 0.0 0.0 0.0 0.0 0.0 0.0 0.0 0.0 0.0 0.0 0.0 0.0 58.0 168.0 6.0 3.0 1.0 0.0 1.0 1.0 0.0 2.0 2.0 0.0 2.0 4.0 7.0 1.0 0.0 2.0 0.0 2.0 2.0 6.0 3.0 6.0 1.0 0.0 1.0 1.0 4.0 1.0 1.0 2.0 1.0 8.0 1.0 2.0 0.0 1.0 1.0 5.0 3.0 5.0 17.0 152.0 0.0 0.0 0.0 0.0 0.0 0.0 0.0 0.0 0.0 0.0 0.0 0.0 0.0 0.0 0.0 0.0 0.0 0.0 0.0 0.0 0.0 0.0 0.0 0.0 0.0 0.0 0.0 
0.0 0.0 0.0 0.0 0.0 0.0 0.0 0.0 0.0 0.0 0.0 0.0 0.0 0.0 0.0 0.0 0.0 0.0 0.0 0.0 0.0 0.0 0.0 0.0 0.0 0.0 0.0 0.0 0.0 0.0 0.0 44.0 150.0 5.0 5.0 7.0 1.0 3.0 4.0 3.0 5.0 2.0 3.0 3.0 0.0 1.0 0.0 1.0 1.0 5.0 2.0 1.0 2.0 0.0 1.0 0.0 2.0 3.0 3.0 2.0 0.0 0.0 0.0 2.0 2.0 2.0 3.0 2.0 2.0 3.0 143.0 25.0 0.0 0.0 0.0 0.0 0.0 0.0 0.0 0.0 0.0 0.0 0.0 0.0 0.0 0.0 0.0 0.0 0.0 0.0 0.0 0.0 0.0 0.0 0.0 0.0 0.0 0.0 0.0 0.0 
0.0 0.0 0.0 0.0 0.0 0.0 0.0 0.0 0.0 0.0 0.0 0.0 0.0 0.0 0.0 0.0 0.0 0.0 0.0 0.0 0.0 0.0 0.0 0.0 0.0 0.0 0.0 0.0 0.0 0.0 0.0 0.0 0.0 51.0 201.0 24.0 10.0 2.0 6.0 2.0 1.0 1.0 3.0 9.0 0.0 2.0 1.0 8.0 2.0 4.0 0.0 0.0 0.0 1.0 4.0 7.0 0.0 5.0 8.0 1.0 2.0 0.0 1.0 2.0 9.0 19.0 3.0 6.0 186.0 36.0 0.0 0.0 0.0 0.0 0.0 0.0 0.0 0.0 0.0 0.0 0.0 0.0 0.0 0.0 0.0 0.0 0.0 0.0 0.0 0.0 0.0 0.0 0.0 0.0 0.0 0.0 0.0 0.0 0.0 0.0 
0.0 0.0 0.0 0.0 0.0 0.0 0.0 0.0 0.0 0.0 0.0 0.0 0.0 0.0 0.0 0.0 0.0 0.0 0.0 0.0 0.0 0.0 0.0 0.0 0.0 0.0 0.0 0.0 0.0 0.0 0.0 0.0 0.0 0.0 0.0 37.0 45.0 153.0 5.0 7.0 14.0 3.0 7.0 2.0 3.0 0.0 2.0 4.0 1.0 1.0 2.0 2.0 2.0 1.0 0.0 2.0 0.0 0.0 1.0 2.0 0.0 6.0 1.0 9.0 23.0 61.0 185.0 43.0 0.0 0.0 0.0 0.0 0.0 0.0 0.0 0.0 0.0 0.0 0.0 0.0 0.0 0.0 0.0 0.0 0.0 0.0 0.0 0.0 0.0 0.0 0.0 0.0 0.0 0.0 0.0 0.0 0.0 0.0 0.0 0.0 
0.0 0.0 0.0 0.0 0.0 0.0 0.0 0.0 0.0 0.0 0.0 0.0 0.0 0.0 0.0 0.0 0.0 0.0 0.0 0.0 0.0 0.0 0.0 0.0 0.0 0.0 0.0 0.0 0.0 0.0 0.0 0.0 0.0 0.0 0.0 0.0 0.0 0.0 37.0 74.0 13.0 17.0 4.0 1.0 11.0 23.0 11.0 2.0 4.0 4.0 1.0 0.0 5.0 1.0 9.0 0.0 2.0 0.0 2.0 1.0 3.0 3.0 14.0 12.0 108.0 19.0 0.0 0.0 0.0 0.0 0.0 0.0 0.0 0.0 0.0 0.0 0.0 0.0 0.0 0.0 0.0 0.0 0.0 0.0 0.0 0.0 0.0 0.0 0.0 0.0 0.0 0.0 0.0 0.0 0.0 0.0 0.0 0.0 0.0 0.0 
0.0 0.0 0.0 0.0 0.0 0.0 0.0 0.0 0.0 0.0 0.0 0.0 0.0 0.0 0.0 0.0 0.0 0.0 0.0 0.0 0.0 0.0 0.0 0.0 0.0 0.0 0.0 0.0 0.0 0.0 0.0 0.0 0.0 0.0 0.0 0.0 0.0 0.0 0.0 0.0 19.0 29.0 57.0 102.0 88.0 72.0 57.0 4.0 6.0 1.0 2.0 2.0 2.0 6.0 4.0 2.0 17.0 0.0 8.0 4.0 141.0 58.0 37.0 18.0 0.0 0.0 0.0 0.0 0.0 0.0 0.0 0.0 0.0 0.0 0.0 0.0 0.0 0.0 0.0 0.0 0.0 0.0 0.0 0.0 0.0 0.0 0.0 0.0 0.0 0.0 0.0 0.0 0.0 0.0 0.0 0.0 0.0 0.0 0.0 0.0 
0.0 0.0 0.0 0.0 0.0 0.0 0.0 0.0 0.0 0.0 0.0 0.0 0.0 0.0 0.0 0.0 0.0 0.0 0.0 0.0 0.0 0.0 0.0 0.0 0.0 0.0 0.0 0.0 0.0 0.0 0.0 0.0 0.0 0.0 0.0 0.0 0.0 0.0 0.0 0.0 0.0 0.0 0.0 0.0 12.0 20.0 41.0 73.0 84.0 73.0 65.0 76.0 97.0 62.0 57.0 135.0 41.0 140.0 80.0 51.0 1.0 0.0 0.0 0.0 0.0 0.0 0.0 0.0 0.0 0.0 0.0 0.0 0.0 0.0 0.0 0.0 0.0 0.0 0.0 0.0 0.0 0.0 0.0 0.0 0.0 0.0 0.0 0.0 0.0 0.0 0.0 0.0 0.0 0.0 0.0 0.0 0.0 0.0 0.0 0.0 
0.0 0.0 0.0 0.0 0.0 0.0 0.0 0.0 0.0 0.0 0.0 0.0 0.0 0.0 0.0 0.0 0.0 0.0 0.0 0.0 0.0 0.0 0.0 0.0 0.0 0.0 0.0 0.0 0.0 0.0 0.0 0.0 0.0 0.0 0.0 0.0 0.0 0.0 0.0 0.0 0.0 0.0 0.0 0.0 0.0 0.0 0.0 0.0 0.0 0.0 0.0 0.0 0.0 0.0 0.0 0.0 10.0 0.0 0.0 0.0 0.0 0.0 0.0 0.0 0.0 0.0 0.0 0.0 0.0 0.0 0.0 0.0 0.0 0.0 0.0 0.0 0.0 0.0 0.0 0.0 0.0 0.0 0.0 0.0 0.0 0.0 0.0 0.0 0.0 0.0 0.0 0.0 0.0 0.0 0.0 0.0 0.0 0.0 0.0 0.0 
