0.0 0.0 0.0 0.0 0.0 0.0 0.0 0.0 0.0 0.0 0.0 0.0 0.0 0.0 0.0 0.0 0.0 0.0 0.0 0.0 0.0 0.0 0.0 0.0 0.0 0.0 0.0 0.0 0.0 0.0 0.0 0.0 0.0 0.0 0.0 0.0 0.0 0.0 0.0 0.0 0.0 0.0 0.0 0.0 0.0 0.0 0.0 0.0 0.0 0.0 0.0 0.0 0.0 0.0 0.0 0.0 0.0 0.0 0.0 0.0 0.0 0.0 0.0 0.0 0.0 0.0 0.0 0.0 0.0 0.0 0.0 0.0 0.0 0.0 0.0 0.0 0.0 0.0 0.0 0.0 0.0 0.0 0.0 0.0 0.0 0.0 0.0 0.0 0.0 0.0 0.0 0.0 0.0 0.0 0.0 0.0 0.0 0.0 0.0 0.0 
0.0 0.0 0.0 0.0 0.0 0.0 0.0 0.0 0.0 0.0 0.0 0.0 0.0 0.0 0.0 0.0 0.0 0.0 0.0 0.0 0.0 0.0 0.0 0.0 0.0 0.0 0.0 0.0 0.0 0.0 0.0 0.0 0.0 0.0 0.0 0.0 0.0 0.0 0.0 0.0 0.0 0.0 0.0 0.0 0.0 0.0 0.0 48.0 44.0 80.0 125.0 132.0 111.0 113.0 137.0 154.0 75.0 51.0 53.0 58.0 6.0 0.0 0.0 0.0 0.0 0.0 0.0 0.0 0.0 0.0 0.0 0.0 0.0 0.0 0.0 0.0 0.0 0.0 0.0 0.0 0.0 0.0 0.0 0.0 0.0 0.0 0.0 0.0 0.0 0.0 0.0 0.0 0.0 0.0 0.0 0.0 0.0 0.0 0.0 0.0 
0.0 0.0 0.0 0.0 0.0 0.0 0.0 0.0 0.0 0.0 0.0 0.0 0.0 0.0 0.0 0.0 0.0 0.0 0.0 0.0 0.0 0.0 0.0 0.0 0.0 0.0 0.0 0.0 0.0 0.0 0.0 0.0 0.0 0.0 0.0 0.0 0.0 0.0 0.0 0.0 0.0 3.0 19.0 35.0 54.0 108.0 200.0 8.0 3.0 3.0 0.0 3.0 5.0 0.0 5.0 2.0 5.0 7.0 7.0 12.0 161.0 171.0 42.0 17.0 0.0 0.0 0.0 0.0 0.0 0.0 0.0 0.0 0.0 0.0 0.0 0.0 0.0 0.0 0.0 0.0 0.0 0.0 0.0 0.0 0.0 0.0 0.0 0.0 0.0 0.0 0.0 0.0 0.0 0.0 0.0 0.0 0.0 0.0 0.0 0.0 
0.0 0.0 0.0 0.0 0.0 0.0 0.0 0.0 0.0 0.0 0.0 0.0 0.0 0.0 0.0 0.0 0.0 0.0 0.0 0.0 0.0 0.0 0.0 0.0 0.0 0.0 0.0 0.0 0.0 0.0 0.0 0.0 0.0 0.0 0.0 0.0 0.0 0.0 16.0 30.0 102.0 133.0 48.0 28.0 12.0 0.0 4.0 1.0 5.0 0.0 1.0 0.0 3.0 2.0 2.0 4.0 2.0 0.0 0.0 1.0 8.0 1.0 27.0 61.0 171.0 98.0 101.0 74.0 0.0 0.0 0.0 0.0 0.0 0.0 0.0 0.0 0.0 0.0 0.0 0.0 0.0 0.0 0.0 0.0 0.0 0.0 0.0 0.0 0.0 0.0 0.0 0.0 0.0 0.0 0.0 0.0 0.0 0.0 0.0 0.0 
0.0 0.0 0.0 0.0 0.0 0.0 0.0 0.0 0.0 0.0 0.0 0.0 0.0 0.0 0.0 0.0 0.0 0.0 0.0 0.0 0.0 0.0 0.0 0.0 0.0 0.0 0.0 0.0 0.0 0.0 0.0 0.0 0.0 0.0 0.0 0.0 33.0 98.0 41.0 33.0 7.0 4.0 11.0 15.0 2.0 2.0 0.0 2.0 0.0 5.0 3.0 3.0 1.0 1.0 5.0 3.0 4.0 0.0 0.0 2.0 0.0 0.0 0.0 26.0 2.0 1.0 5.0 5.0 132.0 25.0 0.0 0.0 0.0 0.0 0.0 0.0 0.0 0.0 0.0 0.0 0.0 0.0 0.0 0.0 0.0 0.0 0.0 0.0 0.0 0.0 0.0 0.0 0.0 0.0 0.0 0.0 0.0 0.0 0.0 0.0 
0.0 0.0 0.0 0.0 0.0 0.0 0.0 0.0 0.0 0.0 0.0 0.0 0.0 0.0 0.0 0.0 0.0 0.0 0.0 0.0 0.0 0.0 0.0 0.0 0.0 0.0 0.0 0.0 0.0 0.0 0.0 0.0 0.0 26.0 80.0 149.0 19.0 11.0 15.0 11.0 4.0 0.0 3.0 0.0 3.0 1.0 3.0 0.0 1.0 1.0 6.0 0.0 1.0 4.0 0.0 6.0 2.0 0.0 0.0 0.0 1.0 0.0 0.0 0.0 1.0 1.0 2.0 5.0 21.0 21.0 90.0 0.0 0.0 0.0 0.0 0.0 0.0 0.0 0.0 0.0 0.0 0.0 0.0 0.0 0.0 0.0 0.0 0.0 0.0 0.0 0.0 0.0 0.0 0.0 0.0 0.0 0.0 0.0 0.0 0.0 
0.0 0.0 0.0 0.0 0.0 0.0 0.0 0.0 0.0 0.0 0.0 0.0 0.0 0.0 0.0 0.0 0.0 0.0 0.0 0.0 0.0 0.0 0.0 0.0 0.0 0.0 0.0 0.0 0.0 0.0 0.0 38.0 151.0 9.0 11.0 1.0 27.0 2.0 0.0 3.0 0.0 6.0 2.0 4.0 0.0 0.0 3.0 1.0 3.0 1.0 1.0 2.0 1.0 2.0 0.0 0.0 0.0 0.0 6.0 1.0 2.0 3.0 5.0 0.0 0.0 1.0 0.0 3.0 0.0 21.0 2.0 117.0 23.0 0.0 0.0 0.0 0.0 0.0 0.0 0.0 0.0 0.0 0.0 0.0 0.0 0.0 0.0 0.0 0.0 0.0 0.0 0.0 0.0 0.0 0.0 0.0 0.0 0.0 0.0 0.0 
0.0 0.0 0.0 0.0 0.0 0.0 0.0 0.0 0.0 0.0 0.0 0.0 0.0 0.0 0.0 0.0 0.0 0.0 0.0 0.0 0.0 0.0 0.0 0.0 0.0 0.0 0.0 0.0 0.0 0.0 113.0 2.0 5.0 14.0 1.0 0.0 0.0 1.0 3.0 0.0 1.0 4.0 4.0 0.0 0.0 0.0 0.0 7.0 0.0 1.0 2.0 2.0 3.0 3.0 4.0 0.0 2.0 2.0 4.0 3.0 1.0 4.0 0.0 0.0 0.0 0.0 4.0 0.0 2.0 0.0 2.0 27.0 27.0 57.0 0.0 0.0 0.0 0.0 0.0 0.0 0.0 0.0 0.0 0.0 0.0 0.0 0.0 0.0 0.0 0.0 0.0 0.0 0.0 0.0 0.0 0.0 0.0 0.0 0.0 0.0 
0.0 0.0 0.0 0.0 0.0 0.0 0.0 0.0 0.0 0.0 0.0 0.0 0.0 0.0 0.0 0.0 0.0 0.0 0.0 0.0 0.0 0.0 0.0 0.0 0.0 0.0 0.0 0.0 28.0 203.0 2.0 2.0 2.0 3.0 0.0 0.0 5.0 1.0 2.0 1.0 0.0 0.0 4.0 6.0 0.0 0.0 6.0 0.0 0.0 1.0 1.0 0.0 6.0 2.0 4.0 5.0 0.0 2.0 1.0 4.0 1.0 6.0 1.0 5.0 1.0 5.0 2.0 0.0 5.0 0.0 4.0 1.0 41.0 11.0 65.0 0.0 0.0 0.0 0.0 0.0 0.0 0.0 0.0 0.0 0.0 0.0 0.0 0.0 0.0 0.0 0.0 0.0 0.0 0.0 0.0 0.0 0.0 0.0 0.0 0.0 
0.0 0.0 0.0 0.0 0.0 0.0 0.0 0.0 0.0 0.0 0.0 0.0 0.0 0.0 0.0 0.0 0.0 0.0 0.0 0.0 0.0 0.0 0.0 0.0 0.0 0.0 0.0 65.0 14.0 10.0 1.0 3.0 6.0 3.0 10.0 3.0 0.0 1.0 4.0 0.0 6.0 2.0 1.0 1.0 0.0 3.0 4.0 0.0 0.0 7.0 6.0 0.0 2.0 0.0 0.0 0.0 2.0 0.0 0.0 2.0 6.0 1.0 2.0 0.0 0.0 2.0 0.0 4.0 6.0 7.0 2.0 1.0 2.0 16.0 12.0 102.0 0.0 0.0 0.0 0.0 0.0 0.0 0.0 0.0 0.0 0.0 0.0 0.0 0.0 0.0 0.0 0.0 0.0 0.0 0.0 0.0 0.0 0.0 0.0 0.0 
0.0 0.0 0.0 0.0 0.0 0.0 0.0 0.0 0.0 0.0 0.0 0.0 0.0 0.0 0.0 0.0 0.0 0.0 0.0 0.0 0.0 0.0 0.0 0.0 0.0 27.0 142.0 8.0 9.0 0.0 2.0 0.0 0.0 3.0 6.0 0.0 4.0 2.0 6.0 2.0 0.0 1.0 6.0 0.0 0.0 2.0 0.0 3.0 2.0 1.0 0.0 0.0 0.0 3.0 3.0 1.0 3.0 0.0 2.0 0.0 0.0 2.0 0.0 0.0 9.0 0.0 0.0 2.0 0.0 2.0 2.0 2.0 0.0 1.0 5.0 0.0 152.0 0.0 0.0 0.0 0.0 0.0 0.0 0.0 0.0 0.0 0.0 0.0 0.0 0.0 0.0 0.0 0.0 0.0 0.0 0.0 0.0 0.0 0.0 0.0 
0.0 0.0 0.0 0.0 0.0 0.0 0.0 0.0 0.0 0.0 0.0 0.0 0.0 0.0 0.0 0.0 0.0 0.0 0.0 0.0 0.0 0.0 0.0 0.0 74.0 60.0 16.0 8.0 2.0 0.0 0.0 5.0 2.0 2.0 0.0 9.0 3.0 1.0 1.0 0.0 1.0 7.0 2.0 2.0 2.0 0.0 0.0 9.0 3.0 2.0 7.0 3.0 1.0 3.0 6.0 0.0 2.0 5.0 0.0 2.0 4.0 4.0 0.0 1.0 4.0 1.0 0.0 1.0 0.0 4.0 2.0 0.0 0.0 2.0 7.0 2.0 3.0 182.0 27.0 0.0 0.0 0.0 0.0 0.0 0.0 0.0 0.0 0.0 0.0 0.0 0.0 0.0 0.0 0.0 0.0 0.0 0.0 0.0 0.0 0.0 
0.0 0.0 0.0 0.0 0.0 0.0 0.0 0.0 0.0 0.0 0.0 0.0 0.0 0.0 0.0 0.0 0.0 0.0 0.0 0.0 0.0 0.0 0.0 109.0 6.0 26.0 5.0 2.0 1.0 0.0 6.0 0.0 1.0 0.0 4.0 3.0 5.0 0.0 1.0 4.0 1.0 3.0 2.0 1.0 4.0 0.0 2.0 3.0 3.0 1.0 0.0 7.0 2.0 2.0 0.0 11.0 1.0 0.0 2.0 4.0 1.0 5.0 12.0 4.0 2.0 3.0 12.0 5.0 2.0 3.0 4.0 4.0 3.0 2.0 0.0 4.0 0.0 2.0 9.0 46.0 0.0 0.0 0.0 0.0 0.0 0.0 0.0 0.0 0.0 0.0 0.0 0.0 0.0 0.0 0.0 0.0 0.0 0.0 0.0 0.0 
0.0 0.0 0.0 0.0 0.0 0.0 0.0 0.0 0.0 0.0 0.0 0.0 0.0 0.0 0.0 0.0 0.0 0.0 0.0 0.0 0.0 0.0 110.0 7.0 0.0 2.0 2.0 1.0 1.0 1.0 3.0 0.0 0.0 2.0 1.0 2.0 7.0 0.0 1.0 3.0 0.0 2.0 3.0 3.0 0.0 1.0 0.0 2.0 3.0 0.0 0.0 3.0 1.0 6.0 8.0 0.0 0.0 1.0 1.0 2.0 3.0 0.0 1.0 3.0 5.0 0.0 9.0 2.0 4.0 6.0 0.0 0.0 0.0 1.0 2.0 4.0 4.0 0.0 37.0 42.0 78.0 0.0 0.0 0.0 0.0 0.0 0.0 0.0 0.0 0.0 0.0 0.0 0.0 0.0 0.0 0.0 0.0 0.0 0.0 0.0 
0.0 0.0 0.0 0.0 0.0 0.0 0.0 0.0 0.0 0.0 0.0 0.0 0.0 0.0 0.0 0.0 0.0 0.0 0.0 0.0 29.0 148.0 0.0 1.0 4.0 0.0 0.0 4.0 0.0 1.0 1.0 0.0 5.0 4.0 2.0 4.0 6.0 0.0 6.0 0.0 1.0 0.0 4.0 1.0 1.0 0.0 0.0 9.0 4.0 0.0 1.0 3.0 0.0 0.0 1.0 0.0 3.0 0.0 2.0 1.0 3.0 6.0 1.0 5.0 7.0 8.0 0.0 1.0 1.0 9.0 0.0 2.0 1.0 0.0 1.0 0.0 1.0 4.0 1.0 33.0 7.0 98.0 0.0 0.0 0.0 0.0 0.0 0.0 0.0 0.0 0.0 0.0 0.0 0.0 0.0 0.0 0.0 0.0 0.0 0.0 
0.0 0.0 0.0 0.0 0.0 0.0 0.0 0.0 0.0 0.0 0.0 0.0 0.0 0.0 0.0 0.0 0.0 0.0 0.0 37.0 29.0 28.0 2.0 2.0 4.0 4.0 3.0 0.0 7.0 3.0 2.0 4.0 6.0 1.0 0.0 0.0 0.0 16.0 1.0 5.0 0.0 2.0 1.0 1.0 8.0 0.0 1.0 0.0 0.0 2.0 3.0 2.0 1.0 1.0 4.0 1.0 1.0 9.0 3.0 4.0 13.0 1.0 2.0 3.0 6.0 4.0 0.0 3.0 4.0 1.0 3.0 2.0 8.0 0.0 0.0 0.0 1.0 6.0 2.0 4.0 2.0 8.0 94.0 0.0 0.0 0.0 0.0 0.0 0.0 0.0 0.0 0.0 0.0 0.0 0.0 0.0 0.0 0.0 0.0 0.0 
0.0 0.0 0.0 0.0 0.0 0.0 0.0 0.0 0.0 0.0 0.0 0.0 0.0 0.0 0.0 0.0 0.0 0.0 10.0 110.0 43.0 2.0 4.0 2.0 2.0 0.0 4.0 0.0 0.0 0.0 2.0 0.0 1.0 2.0 0.0 2.0 3.0 0.0 0.0 0.0 0.0 0.0 1.0 7.0 4.0 2.0 4.0 4.0 0.0 3.0 0.0 0.0 2.0 2.0 4.0 7.0 3.0 0.0 1.0 0.0 1.0 1.0 1.0 3.0 0.0 0.0 0.0 4.0 0.0 4.0 1.0 3.0 1.0 1.0 6.0 6.0 3.0 1.0 0.0 5.0 0.0 6.0 9.0 91.0 0.0 0.0 0.0 0.0 0.0 0.0 0.0 0.0 0.0 0.0 0.0 0.0 0.0 0.0 0.0 0.0 
0.0 0.0 0.0 0.0 0.0 0.0 0.0 0.0 0.0 0.0 0.0 0.0 0.0 0.0 0.0 0.0 0.0 0.0 112.0 9.0 0.0 0.0 0.0 0.0 2.0 5.0 2.0 0.0 0.0 4.0 2.0 3.0 1.0 6.0 2.0 0.0 4.0 0.0 0.0 0.0 1.0 0.0 4.0 0.0 4.0 2.0 0.0 3.0 0.0 0.0 1.0 2.0 1.0 1.0 1.0 0.0 0.0 4.0 1.0 0.0 2.0 0.0 4.0 2.0 0.0 4.0 3.0 0.0 4.0 6.0 4.0 0.0 0.0 1.0 2.0 2.0 2.0 4.0 0.0 0.0 2.0 4.0 3.0 4.0 111.0 0.0 0.0 0.0 0.0 0.0 0.0 0.0 0.0 0.0 0.0 0.0 0.0 0.0 0.0 0.0 
0.0 0.0 0.0 0.0 0.0 0.0 0.0 0.0 0.0 0.0 0.0 0.0 0.0 0.0 0.0 0.0 15.0 201.0 6.0 0.0 6.0 1.0 3.0 2.0 2.0 6.0 0.0 0.0 3.0 1.0 3.0 1.0 0.0 1.0 2.0 3.0 2.0 1.0 4.0 3.0 0.0 0.0 1.0 2.0 1.0 4.0 7.0 4.0 1.0 0.0 1.0 3.0 3.0 4.0 7.0 8.0 1.0 1.0 1.0 2.0 0.0 3.0 1.0 2.0 5.0 0.0 0.0 1.0 0.0 4.0 3.0 1.0 1.0 0.0 0.0 3.0 5.0 1.0 0.0 6.0 2.0 0.0 3.0 1.0 3.0 90.0 0.0 0.0 0.0 0.0 0.0 0.0 0.0 0.0 0.0 0.0 0.0 0.0 0.0 0.0 
0.0 0.0 0.0 0.0 0.0 0.0 0.0 0.0 0.0 0.0 0.0 0.0 0.0 0.0 0.0 57.0 40.0 32.0 0.0 0.0 2.0 4.0 0.0 0.0 0.0 1.0 1.0 4.0 4.0 4.0 2.0 2.0 6.0 0.0 0.0 0.0 1.0 0.0 6.0 1.0 0.0 4.0 6.0 2.0 3.0 0.0 0.0 3.0 1.0 0.0 1.0 0.0 5.0 8.0 1.0 6.0 1.0 2.0 0.0 5.0 2.0 2.0 2.0 1.0 0.0 1.0 3.0 1.0 0.0 1.0 2.0 4.0 2.0 1.0 2.0 1.0 0.0 3.0 0.0 1.0 0.0 0.0 1.0 4.0 1.0 2.0 74.0 0.0 0.0 0.0 0.0 0.0 0.0 0.0 0.0 0.0 0.0 0.0 0.0 0.0 
0.0 0.0 0.0 0.0 0.0 0.0 0.0 0.0 0.0 0.0 0.0 0.0 0.0 0.0 51.0 35.0 53.0 2.0 0.0 4.0 2.0 1.0 3.0 4.0 0.0 7.0 0.0 0.0 0.0 2.0 2.0 3.0 0.0 1.0 0.0 0.0 1.0 1.0 4.0 1.0 1.0 0.0 5.0 0.0 3.0 2.0 0.0 4.0 2.0 0.0 1.0 2.0 2.0 0.0 1.0 2.0 3.0 2.0 0.0 4.0 3.0 0.0 0.0 2.0 0.0 0.0 3.0 0.0 5.0 0.0 2.0 1.0 4.0 0.0 0.0 1.0 4.0 0.0 0.0 1.0 1.0 0.0 5.0 0.0 0.0 7.0 10.0 44.0 0.0 0.0 0.0 0.0 0.0 0.0 0.0 0.0 0.0 0.0 0.0 0.0 
0.0 0.0 0.0 0.0 0.0 0.0 0.0 0.0 0.0 0.0 0.0 0.0 0.0 21.0 24.0 51.0 0.0 3.0 0.0 1.0 0.0 0.0 7.0 0.0 4.0 0.0 0.0 2.0 1.0 3.0 3.0 3.0 0.0 2.0 5.0 6.0 0.0 3.0 0.0 3.0 2.0 0.0 7.0 4.0 1.0 4.0 1.0 6.0 0.0 2.0 2.0 3.0 1.0 0.0 4.0 2.0 4.0 4.0 9.0 7.0 1.0 5.0 2.0 0.0 2.0 2.0 4.0 4.0 3.0 5.0 0.0 2.0 0.0 0.0 6.0 1.0 0.0 3.0 1.0 0.0 1.0 2.0 2.0 6.0 2.0 0.0 25.0 89.0 13.0 0.0 0.0 0.0 0.0 0.0 0.0 0.0 0.0 0.0 0.0 0.0 
0.0 0.0 0.0 0.0 0.0 0.0 0.0 0.0 0.0 0.0 0.0 0.0 0.0 152.0 21.0 3.0 4.0 0.0 1.0 0.0 2.0 1.0 1.0 6.0 1.0 1.0 4.0 1.0 0.0 5.0 0.0 0.0 0.0 2.0 1.0 2.0 1.0 4.0 0.0 4.0 3.0 0.0 1.0 5.0 3.0 0.0 3.0 0.0 0.0 0.0 2.0 6.0 1.0 2.0 6.0 1.0 2.0 1.0 0.0 5.0 2.0 4.0 3.0 6.0 7.0 2.0 0.0 2.0 2.0 8.0 0.0 3.0 0.0 5.0 2.0 0.0 2.0 4.0 0.0 3.0 4.0 1.0 4.0 0.0 2.0 1.0 1.0 17.0 100.0 0.0 0.0 0.0 0.0 0.0 0.0 0.0 0.0 0.0 0.0 0.0 
0.0 0.0 0.0 0.0 0.0 0.0 0.0 0.0 0.0 0.0 0.0 0.0 162.0 0.0 2.0 2.0 1.0 0.0 0.0 0.0 0.0 3.0 5.0 2.0 0.0 0.0 0.0 3.0 0.0 0.0 11.0 6.0 1.0 0.0 4.0 1.0 1.0 4.0 1.0 6.0 0.0 2.0 1.0 3.0 2.0 1.0 2.0 2.0 0.0 6.0 1.0 0.0 3.0 0.0 1.0 3.0 3.0 0.0 5.0 1.0 5.0 1.0 1.0 1.0 2.0 2.0 7.0 2.0 1.0 0.0 0.0 2.0 0.0 1.0 1.0 0.0 0.0 1.0 1.0 6.0 0.0 2.0 1.0 7.0 2.0 0.0 0.0 2.0 8.0 93.0 0.0 0.0 0.0 0.0 0.0 0.0 0.0 0.0 0.0 0.0 
0.0 0.0 0.0 0.0 0.0 0.0 0.0 0.0 0.0 0.0 0.0 144.0 3.0 6.0 0.0 1.0 1.0 2.0 6.0 0.0 3.0 0.0 8.0 4.0 1.0 2.0 1.0 3.0 0.0 2.0 3.0 4.0 1.0 1.0 0.0 1.0 1.0 2.0 0.0 0.0 0.0 2.0 0.0 2.0 2.0 7.0 0.0 2.0 14.0 4.0 1.0 0.0 1.0 0.0 5.0 3.0 0.0 1.0 3.0 2.0 1.0 6.0 1.0 0.0 1.0 3.0 3.0 3.0 3.0 1.0 2.0 1.0 1.0 5.0 5.0 3.0 0.0 0.0 12.0 3.0 1.0 3.0 0.0 0.0 3.0 0.0 1.0 2.0 5.0 3.0 73.0 0.0 0.0 0.0 0.0 0.0 0.0 0.0 0.0 0.0 
0.0 0.0 0.0 0.0 0.0 0.0 0.0 0.0 0.0 0.0 118.0 4.0 1.0 1.0 1.0 0.0 8.0 1.0 2.0 1.0 0.0 4.0 2.0 4.0 2.0 1.0 3.0 5.0 7.0 0.0 1.0 2.0 5.0 1.0 0.0 2.0 0.0 1.0 5.0 3.0 4.0 3.0 2.0 3.0 2.0 0.0 0.0 2.0 2.0 0.0 1.0 1.0 0.0 2.0 2.0 3.0 1.0 0.0 3.0 0.0 9.0 1.0 2.0 1.0 0.0 0.0 0.0 0.0 2.0 1.0 2.0 0.0 1.0 2.0 0.0 0.0 2.0 2.0 5.0 2.0 2.0 2.0 2.0 0.0 3.0 0.0 1.0 1.0 1.0 13.0 25.0 27.0 0.0 0.0 0.0 0.0 0.0 0.0 0.0 0.0 
0.0 0.0 0.0 0.0 0.0 0.0 0.0 0.0 0.0 66.0 5.0 13.0 2.0 0.0 0.0 4.0 0.0 8.0 1.0 6.0 0.0 7.0 0.0 1.0 1.0 0.0 2.0 9.0 1.0 0.0 1.0 0.0 3.0 2.0 0.0 2.0 2.0 2.0 1.0 0.0 2.0 0.0 13.0 1.0 0.0 0.0 0.0 4.0 4.0 1.0 4.0 1.0 0.0 2.0 0.0 1.0 1.0 12.0 0.0 2.0 0.0 0.0 1.0 7.0 6.0 1.0 2.0 3.0 1.0 1.0 1.0 2.0 0.0 7.0 1.0 0.0 1.0 2.0 0.0 1.0 6.0 0.0 0.0 1.0 2.0 1.0 3.0 4.0 1.0 2.0 7.0 164.0 0.0 0.0 0.0 0.0 0.0 0.0 0.0 0.0 
0.0 0.0 0.0 0.0 0.0 0.0 0.0 0.0 20.0 29.0 28.0 0.0 7.0 1.0 1.0 0.0 8.0 8.0 1.0 2.0 10.0 1.0 2.0 3.0 4.0 2.0 1.0 1.0 3.0 3.0 2.0 17.0 1.0 2.0 3.0 5.0 4.0 1.0 0.0 1.0 0.0 5.0 6.0 2.0 2.0 0.0 1.0 2.0 0.0 1.0 3.0 3.0 0.0 0.0 3.0 5.0 0.0 0.0 4.0 1.0 6.0 0.0 2.0 3.0 0.0 3.0 2.0 0.0 1.0 0.0 1.0 0.0 2.0 2.0 0.0 7.0 0.0 1.0 3.0 0.0 0.0 1.0 3.0 1.0 8.0 2.0 1.0 1.0 1.0 0.0 0.0 1.0 104.0 0.0 0.0 0.0 0.0 0.0 0.0 0.0 
0.0 0.0 0.0 0.0 0.0 0.0 0.0 0.0 152.0 36.0 2.0 0.0 2.0 0.0 2.0 9.0 2.0 0.0 0.0 5.0 1.0 5.0 2.0 1.0 0.0 12.0 0.0 0.0 3.0 0.0 2.0 3.0 1.0 0.0 2.0 3.0 4.0 1.0 0.0 1.0 0.0 0.0 0.0 0.0 1.0 5.0 1.0 3.0 0.0 1.0 1.0 2.0 2.0 3.0 0.0 6.0 0.0 5.0 0.0 3.0 4.0 0.0 0.0 0.0 0.0 9.0 3.0 4.0 2.0 1.0 1.0 0.0 2.0 0.0 1.0 0.0 1.0 2.0 1.0 3.0 3.0 1.0 1.0 1.0 1.0 4.0 1.0 4.0 4.0 0.0 1.0 12.0 15.0 29.0 0.0 0.0 0.0 0.0 0.0 0.0 
0.0 0.0 0.0 0.0 0.0 0.0 0.0 70.0 1.0 2.0 0.0 1.0 8.0 3.0 2.0 8.0 3.0 2.0 0.0 2.0 6.0 0.0 0.0 1.0 5.0 1.0 4.0 0.0 4.0 1.0 7.0 3.0 0.0 2.0 0.0 4.0 2.0 2.0 2.0 0.0 0.0 0.0 0.0 2.0 5.0 1.0 1.0 12.0 1.0 0.0 0.0 2.0 2.0 3.0 0.0 0.0 2.0 2.0 1.0 0.0 0.0 0.0 5.0 3.0 4.0 2.0 0.0 0.0 10.0 4.0 1.0 3.0 0.0 3.0 1.0 0.0 2.0 2.0 4.0 1.0 3.0 0.0 6.0 0.0 0.0 0.0 0.0 1.0 0.0 0.0 5.0 2.0 16.0 65.0 0.0 0.0 0.0 0.0 0.0 0.0 
0.0 0.0 0.0 0.0 0.0 0.0 18.0 80.0 30.0 0.0 2.0 0.0 1.0 3.0 4.0 3.0 2.0 2.0 4.0 10.0 2.0 0.0 0.0 3.0 0.0 0.0 0.0 4.0 4.0 2.0 1.0 0.0 0.0 1.0 1.0 2.0 2.0 1.0 6.0 1.0 0.0 1.0 0.0 0.0 1.0 2.0 2.0 2.0 1.0 2.0 1.0 0.0 2.0 1.0 0.0 6.0 1.0 6.0 2.0 2.0 0.0 0.0 1.0 2.0 2.0 5.0 1.0 0.0 0.0 3.0 5.0 1.0 1.0 0.0 7.0 4.0 1.0 8.0 8.0 1.0 1.0 0.0 1.0 0.0 2.0 1.0 5.0 1.0 0.0 3.0 1.0 1.0 6.0 110.0 10.0 0.0 0.0 0.0 0.0 0.0 
0.0 0.0 0.0 0.0 0.0 0.0 46.0 24.0 0.0 0.0 3.0 4.0 0.0 4.0 4.0 4.0 0.0 9.0 3.0 2.0 0.0 0.0 0.0 6.0 1.0 2.0 1.0 0.0 5.0 4.0 5.0 0.0 1.0 0.0 0.0 4.0 2.0 0.0 0.0 3.0 2.0 3.0 2.0 0.0 2.0 2.0 2.0 1.0 0.0 0.0 0.0 4.0 3.0 1.0 2.0 1.0 2.0 1.0 2.0 1.0 1.0 0.0 5.0 0.0 6.0 1.0 2.0 0.0 0.0 2.0 0.0 10.0 2.0 1.0 0.0 4.0 2.0 2.0 0.0 4.0 1.0 4.0 0.0 2.0 5.0 2.0 3.0 5.0 0.0 6.0 3.0 0.0 1.0 13.0 151.0 0.0 0.0 0.0 0.0 0.0 
0.0 0.0 0.0 0.0 0.0 3.0 159.0 4.0 5.0 3.0 0.0 3.0 1.0 0.0 0.0 2.0 0.0 3.0 4.0 0.0 1.0 2.0 2.0 0.0 0.0 0.0 3.0 6.0 3.0 1.0 1.0 6.0 3.0 0.0 0.0 3.0 2.0 4.0 0.0 1.0 0.0 6.0 5.0 0.0 2.0 5.0 5.0 2.0 1.0 5.0 0.0 0.0 1.0 4.0 0.0 0.0 3.0 1.0 7.0 1.0 7.0 1.0 4.0 0.0 0.0 3.0 0.0 0.0 1.0 0.0 1.0 1.0 1.0 8.0 3.0 1.0 3.0 2.0 1.0 3.0 2.0 0.0 4.0 0.0 5.0 5.0 2.0 0.0 0.0 1.0 4.0 4.0 1.0 7.0 12.0 26.0 0.0 0.0 0.0 0.0 
0.0 0.0 0.0 0.0 0.0 82.0 5.0 0.0 1.0 0.0 5.0 0.0 0.0 1.0 2.0 3.0 3.0 0.0 1.0 1.0 2.0 1.0 1.0 1.0 2.0 0.0 1.0 0.0 5.0 2.0 2.0 3.0 2.0 0.0 0.0 0.0 1.0 0.0 1.0 1.0 1.0 3.0 0.0 3.0 3.0 0.0 6.0 1.0 1.0 3.0 5.0 1.0 1.0 1.0 0.0 3.0 0.0 1.0 1.0 0.0 2.0 0.0 2.0 3.0 4.0 1.0 0.0 3.0 4.0 0.0 2.0 3.0 1.0 4.0 3.0 6.0 1.0 0.0 6.0 4.0 2.0 0.0 0.0 2.0 2.0 0.0 0.0 4.0 1.0 2.0 0.0 2.0 1.0 1.0 10.0 35.0 0.0 0.0 0.0 0.0 
0.0 0.0 0.0 0.0 0.0 151.0 1.0 3.0 2.0 0.0 1.0 1.0 6.0 0.0 0.0 0.0 3.0 0.0 1.0 5.0 0.0 3.0 4.0 1.0 1.0 1.0 3.0 0.0 1.0 2.0 3.0 1.0 0.0 5.0 1.0 6.0 0.0 4.0 1.0 0.0 1.0 1.0 1.0 0.0 4.0 0.0 6.0 7.0 1.0 1.0 4.0 0.0 3.0 2.0 0.0 0.0 3.0 2.0 0.0 0.0 2.0 0.0 0.0 4.0 0.0 6.0 3.0 4.0 5.0 1.0 0.0 0.0 3.0 2.0 2.0 1.0 2.0 1.0 2.0 5.0 0.0 2.0 0.0 4.0 0.0 0.0 4.0 6.0 2.0 0.0 15.0 2.0 1.0 0.0 0.0 96.0 0.0 0.0 0.0 0.0 
0.0 0.0 0.0 0.0 28.0 61.0 29.0 2.0 0.0 2.0 3.0 5.0 0.0 7.0 1.0 2.0 0.0 3.0 2.0 0.0 2.0 4.0 1.0 3.0 1.0 0.0 3.0 2.0 4.0 2.0 0.0 1.0 6.0 1.0 1.0 1.0 0.0 2.0 4.0 2.0 2.0 0.0 4.0 2.0 4.0 0.0 1.0 2.0 3.0 2.0 0.0 1.0 3.0 0.0 0.0 0.0 0.0 3.0 0.0 2.0 1.0 0.0 2.0 2.0 1.0 0.0 7.0 0.0 8.0 2.0 3.0 2.0 1.0 3.0 3.0 0.0 2.0 1.0 0.0 5.0 0.0 2.0 3.0 0.0 8.0 0.0 5.0 3.0 1.0 1.0 7.0 2.0 0.0 6.0 7.0 3.0 44.0 0.0 0.0 0.0 
0.0 0.0 0.0 0.0 21.0 31.0 10.0 0.0 4.0 0.0 1.0 1.0 0.0 1.0 7.0 1.0 5.0 0.0 0.0 4.0 2.0 1.0 1.0 4.0 3.0 8.0 5.0 1.0 3.0 0.0 4.0 0.0 2.0 1.0 5.0 0.0 0.0 3.0 3.0 1.0 0.0 11.0 2.0 0.0 3.0 2.0 5.0 5.0 2.0 2.0 0.0 0.0 4.0 0.0 0.0 1.0 0.0 1.0 0.0 5.0 4.0 6.0 1.0 2.0 0.0 6.0 1.0 2.0 0.0 2.0 0.0 2.0 3.0 1.0 2.0 0.0 2.0 2.0 7.0 1.0 2.0 0.0 0.0 2.0 4.0 0.0 4.0 1.0 1.0 1.0 0.0 0.0 5.0 0.0 1.0 14.0 163.0 5.0 0.0 0.0 
0.0 0.0 0.0 0.0 70.0 8.0 0.0 7.0 0.0 0.0 1.0 2.0 0.0 1.0 0.0 8.0 5.0 1.0 5.0 7.0 3.0 3.0 3.0 2.0 0.0 0.0 3.0 0.0 0.0 0.0 6.0 0.0 6.0 0.0 5.0 4.0 8.0 1.0 1.0 5.0 0.0 0.0 4.0 3.0 0.0 4.0 0.0 4.0 0.0 4.0 0.0 4.0 4.0 1.0 3.0 1.0 5.0 0.0 1.0 3.0 4.0 3.0 5.0 1.0 2.0 0.0 1.0 0.0 2.0 3.0 7.0 4.0 2.0 5.0 0.0 1.0 1.0 2.0 3.0 0.0 0.0 4.0 5.0 1.0 6.0 0.0 0.0 0.0 4.0 4.0 2.0 2.0 7.0 6.0 7.0 2.0 12.0 55.0 0.0 0.0 
0.0 0.0 0.0 0.0 110.0 0.0 2.0 1.0 3.0 1.0 6.0 4.0 1.0 3.0 5.0 0.0 3.0 2.0 4.0 5.0 2.0 0.0 0.0 0.0 1.0 0.0 0.0 0.0 1.0 0.0 1.0 2.0 0.0 2.0 4.0 0.0 4.0 2.0 4.0 0.0 0.0 4.0 2.0 3.0 1.0 8.0 8.0 2.0 3.0 3.0 0.0 3.0 3.0 4.0 1.0 0.0 2.0 3.0 4.0 0.0 2.0 1.0 9.0 2.0 2.0 5.0 1.0 4.0 2.0 4.0 1.0 7.0 5.0 1.0 2.0 1.0 0.0 1.0 0.0 0.0 0.0 0.0 0.0 5.0 0.0 0.0 1.0 0.0 4.0 3.0 3.0 0.0 2.0 4.0 1.0 3.0 1.0 141.0 0.0 0.0 
0.0 0.0 0.0 7.0 114.0 11.0 2.0 5.0 2.0 4.0 1.0 3.0 3.0 4.0 2.0 2.0 7.0 3.0 0.0 3.0 0.0 5.0 4.0 7.0 5.0 0.0 3.0 2.0 0.0 5.0 1.0 0.0 0.0 0.0 0.0 1.0 4.0 4.0 0.0 7.0 1.0 0.0 2.0 6.0 0.0 2.0 1.0 7.0 0.0 1.0 1.0 4.0 0.0 3.0 2.0 3.0 0.0 0.0 0.0 1.0 1.0 0.0 2.0 0.0 2.0 9.0 4.0 0.0 4.0 0.0 0.0 1.0 0.0 1.0 3.0 2.0 0.0 0.0 4.0 1.0 0.0 1.0 5.0 2.0 0.0 2.0 0.0 3.0 2.0 6.0 7.0 1.0 3.0 1.0 1.0 2.0 28.0 25.0 27.0 0.0 
0.0 0.0 0.0 30.0 14.0 11.0 1.0 0.0 0.0 6.0 3.0 5.0 2.0 0.0 2.0 5.0 0.0 5.0 8.0 0.0 0.0 1.0 0.0 2.0 4.0 1.0 5.0 1.0 1.0 0.0 0.0 1.0 4.0 4.0 1.0 2.0 3.0 2.0 0.0 4.0 3.0 1.0 2.0 2.0 0.0 3.0 0.0 12.0 0.0 0.0 4.0 0.0 3.0 0.0 1.0 0.0 0.0 4.0 4.0 1.0 3.0 0.0 0.0 3.0 1.0 0.0 0.0 2.0 2.0 0.0 1.0 2.0 0.0 6.0 1.0 0.0 0.0 3.0 2.0 3.0 0.0 3.0 0.0 0.0 0.0 0.0 2.0 5.0 1.0 1.0 1.0 2.0 2.0 3.0 0.0 6.0 2.0 20.0 41.0 0.0 
0.0 0.0 0.0 53.0 6.0 6.0 3.0 4.0 2.0 4.0 1.0 6.0 2.0 0.0 0.0 0.0 0.0 1.0 1.0 0.0 0.0 2.0 5.0 0.0 4.0 0.0 3.0 0.0 0.0 4.0 8.0 0.0 0.0 0.0 3.0 0.0 1.0 1.0 3.0 0.0 1.0 2.0 2.0 4.0 6.0 0.0 1.0 0.0 7.0 2.0 0.0 2.0 1.0 1.0 1.0 4.0 0.0 4.0 1.0 4.0 0.0 4.0 0.0 6.0 0.0 0.0 6.0 4.0 5.0 6.0 3.0 0.0 6.0 0.0 0.0 2.0 0.0 5.0 0.0 0.0 1.0 0.0 0.0 0.0 6.0 9.0 2.0 4.0 3.0 1.0 2.0 4.0 5.0 1.0 3.0 0.0 4.0 1.0 99.0 0.0 
0.0 0.0 0.0 77.0 5.0 3.0 0.0 2.0 2.0 0.0 5.0 7.0 0.0 6.0 2.0 3.0 2.0 3.0 5.0 3.0 0.0 0.0 0.0 0.0 3.0 5.0 2.0 4.0 0.0 3.0 1.0 1.0 0.0 0.0 0.0 0.0 2.0 2.0 4.0 4.0 5.0 2.0 1.0 10.0 0.0 0.0 0.0 2.0 2.0 1.0 0.0 0.0 1.0 6.0 0.0 0.0 1.0 0.0 3.0 2.0 1.0 0.0 2.0 0.0 1.0 1.0 0.0 1.0 0.0 0.0 0.0 0.0 2.0 0.0 0.0 2.0 4.0 1.0 0.0 4.0 3.0 8.0 2.0 0.0 6.0 0.0 2.0 2.0 0.0 3.0 0.0 5.0 2.0 1.0 1.0 1.0 1.0 2.0 89.0 0.0 
0.0 0.0 21.0 86.0 30.0 2.0 1.0 1.0 2.0 0.0 4.0 1.0 1.0 0.0 0.0 6.0 7.0 0.0 0.0 6.0 3.0 2.0 4.0 0.0 2.0 0.0 0.0 0.0 1.0 5.0 1.0 2.0 0.0 8.0 0.0 0.0 5.0 0.0 0.0 0.0 1.0 1.0 4.0 0.0 0.0 0.0 2.0 3.0 8.0 0.0 2.0 5.0 0.0 3.0 10.0 1.0 2.0 1.0 0.0 2.0 2.0 2.0 12.0 1.0 3.0 2.0 2.0 0.0 1.0 0.0 1.0 6.0 0.0 0.0 0.0 1.0 3.0 2.0 4.0 3.0 1.0 0.0 4.0 1.0 1.0 0.0 0.0 0.0 0.0 1.0 0.0 1.0 1.0 5.0 0.0 5.0 2.0 0.0 148.0 0.0 
0.0 0.0 34.0 24.0 1.0 0.0 6.0 0.0 0.0 4.0 1.0 1.0 1.0 5.0 3.0 4.0 7.0 1.0 0.0 2.0 5.0 1.0 2.0 1.0 1.0 0.0 0.0 1.0 1.0 0.0 1.0 1.0 1.0 3.0 1.0 0.0 8.0 0.0 4.0 3.0 1.0 0.0 3.0 4.0 0.0 0.0 4.0 0.0 1.0 4.0 1.0 1.0 4.0 0.0 6.0 7.0 2.0 1.0 1.0 1.0 1.0 3.0 0.0 5.0 0.0 2.0 0.0 0.0 2.0 0.0 0.0 3.0 4.0 1.0 3.0 0.0 1.0 1.0 0.0 2.0 4.0 2.0 0.0 0.0 1.0 4.0 4.0 0.0 1.0 2.0 1.0 5.0 2.0 1.0 1.0 0.0 2.0 26.0 21.0 21.0 
0.0 0.0 33.0 18.0 6.0 1.0 1.0 15.0 0.0 4.0 1.0 4.0 1.0 9.0 2.0 0.0 0.0 0.0 0.0 1.0 1.0 0.0 3.0 0.0 2.0 0.0 2.0 4.0 11.0 2.0 5.0 1.0 2.0 0.0 1.0 1.0 4.0 2.0 1.0 8.0 0.0 8.0 2.0 0.0 5.0 3.0 0.0 0.0 3.0 0.0 1.0 0.0 0.0 4.0 0.0 1.0 0.0 1.0 1.0 6.0 3.0 2.0 1.0 2.0 6.0 2.0 0.0 5.0 0.0 3.0 0.0 0.0 4.0 2.0 3.0 3.0 1.0 3.0 0.0 4.0 2.0 0.0 0.0 4.0 3.0 0.0 1.0 4.0 0.0 2.0 1.0 2.0 1.0 8.0 2.0 1.0 2.0 2.0 41.0 31.0 
0.0 0.0 25.0 16.0 12.0 2.0 0.0 0.0 2.0 1.0 1.0 0.0 0.0 1.0 0.0 0.0 0.0 0.0 0.0 0.0 0.0 4.0 5.0 3.0 3.0 0.0 0.0 1.0 5.0 4.0 1.0 1.0 4.0 0.0 4.0 0.0 1.0 0.0 3.0 3.0 2.0 1.0 0.0 1.0 1.0 2.0 5.0 0.0 3.0 0.0 3.0 1.0 5.0 1.0 4.0 1.0 0.0 4.0 2.0 1.0 4.0 1.0 0.0 4.0 0.0 0.0 1.0 3.0 1.0 0.0 0.0 3.0 1.0 0.0 2.0 5.0 2.0 2.0 4.0 0.0 4.0 3.0 4.0 0.0 0.0 2.0 4.0 0.0 4.0 0.0 5.0 4.0 0.0 7.0 8.0 1.0 7.0 30.0 37.0 23.0 
0.0 0.0 36.0 10.0 2.0 2.0 6.0 1.0 3.0 3.0 0.0 0.0 3.0 0.0 2.0 6.0 0.0 2.0 9.0 4.0 2.0 2.0 3.0 6.0 6.0 1.0 3.0 2.0 1.0 0.0 1.0 0.0 1.0 0.0 0.0 8.0 1.0 1.0 1.0 1.0 2.0 0.0 11.0 2.0 0.0 1.0 0.0 1.0 0.0 1.0 3.0 1.0 3.0 4.0 2.0 0.0 1.0 2.0 1.0 2.0 3.0 1.0 3.0 2.0 4.0 6.0 1.0 3.0 0.0 1.0 1.0 0.0 6.0 0.0 1.0 0.0 2.0 0.0 2.0 2.0 2.0 0.0 4.0 2.0 1.0 1.0 4.0 1.0 1.0 3.0 0.0 2.0 6.0 0.0 2.0 3.0 0.0 4.0 28.0 42.0 
0.0 0.0 93.0 3.0 0.0 1.0 1.0 3.0 1.0 2.0 2.0 2.0 10.0 1.0 2.0 7.0 1.0 1.0 5.0 1.0 5.0 2.0 4.0 1.0 0.0 0.0 5.0 1.0 0.0 2.0 0.0 0.0 3.0 0.0 4.0 3.0 1.0 1.0 1.0 0.0 7.0 6.0 0.0 0.0 1.0 11.0 4.0 1.0 4.0 1.0 0.0 3.0 0.0 0.0 9.0 4.0 1.0 4.0 0.0 2.0 1.0 2.0 2.0 3.0 4.0 0.0 6.0 12.0 4.0 0.0 4.0 2.0 2.0 5.0 1.0 2.0 0.0 0.0 0.0 3.0 4.0 1.0 0.0 2.0 0.0 1.0 3.0 3.0 1.0 0.0 3.0 0.0 1.0 10.0 0.0 0.0 0.0 9.0 13.0 39.0 
0.0 0.0 57.0 2.0 1.0 4.0 0.0 0.0 0.0 4.0 4.0 0.0 5.0 1.0 3.0 0.0 1.0 0.0 3.0 0.0 0.0 5.0 0.0 2.0 3.0 3.0 1.0 0.0 0.0 0.0 0.0 3.0 0.0 2.0 2.0 0.0 3.0 5.0 9.0 0.0 0.0 1.0 5.0 1.0 1.0 5.0 1.0 1.0 0.0 1.0 4.0 1.0 3.0 10.0 0.0 3.0 7.0 1.0 0.0 0.0 2.0 2.0 0.0 7.0 4.0 1.0 0.0 1.0 2.0 2.0 1.0 1.0 0.0 0.0 1.0 1.0 7.0 0.0 0.0 1.0 1.0 0.0 0.0 6.0 3.0 5.0 1.0 3.0 0.0 2.0 6.0 7.0 0.0 0.0 0.0 5.0 1.0 0.0 4.0 108.0 
0.0 0.0 172.0 1.0 3.0 0.0 0.0 1.0 3.0 0.0 2.0 6.0 0.0 0.0 0.0 1.0 2.0 3.0 6.0 1.0 0.0 0.0 1.0 4.0 1.0 0.0 1.0 0.0 0.0 0.0 3.0 1.0 9.0 5.0 0.0 3.0 5.0 3.0 0.0 8.0 3.0 1.0 0.0 7.0 0.0 3.0 4.0 3.0 4.0 6.0 1.0 3.0 0.0 2.0 4.0 0.0 3.0 1.0 2.0 0.0 2.0 0.0 0.0 12.0 0.0 0.0 2.0 0.0 2.0 3.0 0.0 4.0 2.0 4.0 4.0 6.0 1.0 3.0 0.0 0.0 6.0 5.0 1.0 7.0 0.0 0.0 0.0 0.0 4.0 4.0 6.0 2.0 1.0 0.0 1.0 4.0 0.0 1.0 0.0 85.0 
0.0 0.0 68.0 5.0 0.0 3.0 0.0 0.0 0.0 5.0 8.0 7.0 3.0 2.0 1.0 0.0 3.0 0.0 5.0 8.0 3.0 1.0 0.0 5.0 0.0 1.0 0.0 9.0 4.0 0.0 0.0 3.0 1.0 0.0 6.0 1.0 2.0 2.0 4.0 0.0 1.0 15.0 2.0 0.0 1.0 1.0 2.0 0.0 0.0 4.0 1.0 2.0 4.0 2.0 3.0 0.0 2.0 1.0 0.0 6.0 7.0 9.0 0.0 0.0 0.0 1.0 1.0 1.0 10.0 5.0 5.0 2.0 1.0 2.0 5.0 5.0 2.0 2.0 7.0 0.0 0.0 0.0 2.0 0.0 1.0 3.0 3.0 1.0 0.0 2.0 2.0 3.0 7.0 7.0 1.0 1.0 1.0 0.0 1.0 77.0 
0.0 0.0 40.0 8.0 0.0 1.0 4.0 0.0 5.0 0.0 3.0 2.0 1.0 4.0 0.0 6.0 4.0 0.0 2.0 5.0 0.0 1.0 4.0 0.0 3.0 4.0 2.0 0.0 2.0 0.0 4.0 0.0 1.0 3.0 4.0 3.0 6.0 1.0 3.0 3.0 1.0 0.0 5.0 0.0 2.0 3.0 0.0 4.0 0.0 0.0 0.0 5.0 0.0 4.0 2.0 0.0 6.0 0.0 2.0 0.0 0.0 1.0 0.0 2.0 0.0 2.0 3.0 0.0 1.0 1.0 0.0 2.0 1.0 0.0 3.0 4.0 3.0 0.0 2.0 2.0 9.0 0.0 1.0 0.0 7.0 0.0 0.0 1.0 1.0 9.0 2.0 0.0 4.0 1.0 0.0 5.0 2.0 1.0 5.0 61.0 
0.0 0.0 25.0 16.0 6.0 0.0 5.0 3.0 6.0 2.0 2.0 0.0 6.0 0.0 8.0 0.0 2.0 2.0 0.0 1.0 3.0 0.0 0.0 3.0 3.0 0.0 0.0 0.0 0.0 0.0 10.0 1.0 6.0 2.0 1.0 2.0 1.0 0.0 1.0 9.0 0.0 2.0 4.0 1.0 5.0 7.0 0.0 5.0 2.0 2.0 1.0 3.0 3.0 1.0 4.0 6.0 0.0 2.0 3.0 5.0 1.0 0.0 5.0 1.0 1.0 5.0 0.0 1.0 1.0 0.0 1.0 0.0 3.0 1.0 1.0 2.0 4.0 7.0 0.0 3.0 0.0 2.0 1.0 6.0 2.0 6.0 2.0 1.0 1.0 4.0 0.0 0.0 1.0 1.0 0.0 8.0 0.0 12.0 23.0 27.0 
0.0 0.0 17.0 19.0 12.0 2.0 0.0 1.0 4.0 1.0 0.0 1.0 1.0 0.0 1.0 1.0 4.0 4.0 1.0 5.0 0.0 1.0 4.0 0.0 0.0 0.0 0.0 0.0 0.0 0.0 2.0 1.0 3.0 1.0 5.0 3.0 0.0 1.0 1.0 4.0 0.0 0.0 0.0 0.0 0.0 0.0 1.0 2.0 6.0 0.0 0.0 1.0 3.0 6.0 3.0 5.0 0.0 2.0 2.0 2.0 2.0 4.0 0.0 4.0 0.0 1.0 7.0 5.0 2.0 10.0 0.0 3.0 0.0 3.0 0.0 0.0 0.0 3.0 4.0 3.0 2.0 0.0 1.0 3.0 0.0 10.0 0.0 4.0 2.0 0.0 2.0 0.0 5.0 1.0 1.0 1.0 0.0 20.0 99.0 17.0 
0.0 0.0 2.0 149.0 4.0 2.0 1.0 4.0 0.0 5.0 1.0 5.0 0.0 0.0 2.0 0.0 2.0 0.0 1.0 3.0 3.0 0.0 0.0 0.0 0.0 0.0 2.0 0.0 0.0 0.0 3.0 0.0 5.0 0.0 0.0 4.0 8.0 5.0 3.0 0.0 1.0 1.0 5.0 4.0 5.0 1.0 1.0 0.0 0.0 1.0 8.0 0.0 0.0 0.0 2.0 1.0 0.0 2.0 0.0 4.0 1.0 0.0 0.0 1.0 0.0 1.0 2.0 0.0 10.0 0.0 5.0 3.0 1.0 2.0 0.0 10.0 3.0 1.0 2.0 0.0 1.0 0.0 0.0 3.0 0.0 0.0 4.0 1.0 2.0 3.0 3.0 7.0 1.0 3.0 0.0 1.0 0.0 12.0 30.0 27.0 
0.0 0.0 0.0 173.0 1.0 4.0 0.0 0.0 4.0 0.0 1.0 0.0 1.0 5.0 2.0 1.0 0.0 0.0 1.0 0.0 3.0 2.0 1.0 4.0 0.0 4.0 7.0 0.0 0.0 3.0 1.0 1.0 8.0 9.0 0.0 4.0 4.0 5.0 0.0 6.0 0.0 4.0 0.0 6.0 1.0 3.0 1.0 4.0 0.0 1.0 0.0 0.0 0.0 0.0 1.0 2.0 2.0 0.0 0.0 1.0 5.0 4.0 0.0 1.0 0.0 1.0 5.0 0.0 4.0 6.0 2.0 0.0 1.0 8.0 3.0 5.0 0.0 0.0 1.0 2.0 1.0 3.0 2.0 5.0 0.0 5.0 10.0 6.0 15.0 1.0 3.0 1.0 3.0 3.0 0.0 2.0 1.0 9.0 110.0 13.0 
0.0 0.0 0.0 131.0 0.0 1.0 1.0 0.0 1.0 4.0 1.0 0.0 4.0 0.0 3.0 7.0 0.0 2.0 4.0 2.0 0.0 1.0 6.0 1.0 1.0 0.0 3.0 2.0 2.0 2.0 3.0 1.0 3.0 3.0 7.0 2.0 3.0 2.0 10.0 2.0 0.0 2.0 3.0 1.0 1.0 0.0 0.0 1.0 6.0 0.0 1.0 3.0 1.0 0.0 1.0 1.0 3.0 1.0 0.0 1.0 0.0 1.0 3.0 0.0 3.0 2.0 0.0 2.0 1.0 4.0 2.0 2.0 1.0 0.0 2.0 0.0 3.0 2.0 4.0 5.0 0.0 0.0 2.0 5.0 1.0 0.0 0.0 4.0 7.0 0.0 5.0 1.0 4.0 8.0 0.0 0.0 3.0 3.0 127.0 0.0 
0.0 0.0 0.0 153.0 1.0 4.0 3.0 3.0 0.0 1.0 3.0 0.0 2.0 0.0 7.0 2.0 3.0 0.0 4.0 3.0 5.0 3.0 6.0 0.0 0.0 2.0 0.0 0.0 3.0 3.0 0.0 0.0 2.0 0.0 4.0 0.0 3.0 4.0 2.0 5.0 0.0 7.0 2.0 1.0 0.0 1.0 2.0 4.0 1.0 1.0 0.0 4.0 1.0 2.0 2.0 1.0 4.0 0.0 1.0 0.0 0.0 0.0 1.0 0.0 0.0 0.0 0.0 8.0 4.0 2.0 0.0 0.0 5.0 0.0 0.0 2.0 1.0 1.0 1.0 0.0 3.0 2.0 2.0 1.0 2.0 0.0 3.0 1.0 4.0 0.0 0.0 3.0 1.0 4.0 0.0 2.0 4.0 34.0 48.0 0.0 
0.0 0.0 0.0 127.0 0.0 0.0 6.0 2.0 5.0 6.0 2.0 1.0 4.0 2.0 0.0 2.0 1.0 2.0 1.0 3.0 3.0 2.0 0.0 4.0 3.0 1.0 3.0 2.0 1.0 2.0 3.0 3.0 3.0 3.0 2.0 3.0 2.0 2.0 6.0 1.0 0.0 0.0 1.0 0.0 0.0 5.0 4.0 1.0 1.0 1.0 2.0 2.0 0.0 3.0 0.0 1.0 5.0 1.0 0.0 1.0 0.0 4.0 1.0 1.0 3.0 0.0 2.0 0.0 7.0 6.0 0.0 2.0 2.0 2.0 4.0 0.0 0.0 2.0 2.0 6.0 0.0 0.0 1.0 1.0 0.0 0.0 3.0 0.0 0.0 0.0 0.0 6.0 1.0 2.0 5.0 0.0 23.0 67.0 27.0 0.0 
0.0 0.0 0.0 83.0 1.0 0.0 7.0 0.0 1.0 0.0 2.0 0.0 0.0 0.0 0.0 1.0 0.0 1.0 5.0 0.0 0.0 1.0 6.0 1.0 6.0 1.0 1.0 1.0 4.0 4.0 4.0 3.0 1.0 1.0 2.0 3.0 0.0 9.0 1.0 1.0 1.0 1.0 3.0 0.0 5.0 2.0 0.0 2.0 7.0 3.0 3.0 1.0 2.0 0.0 0.0 1.0 2.0 0.0 0.0 1.0 0.0 0.0 2.0 4.0 0.0 0.0 2.0 0.0 1.0 3.0 1.0 5.0 2.0 4.0 0.0 1.0 1.0 4.0 0.0 8.0 0.0 0.0 0.0 5.0 0.0 3.0 3.0 2.0 3.0 0.0 2.0 0.0 0.0 0.0 0.0 1.0 25.0 62.0 25.0 0.0 
0.0 0.0 0.0 50.0 15.0 0.0 3.0 4.0 0.0 0.0 8.0 0.0 5.0 2.0 0.0 7.0 0.0 3.0 0.0 3.0 0.0 8.0 0.0 1.0 1.0 0.0 2.0 6.0 2.0 2.0 0.0 0.0 2.0 1.0 4.0 6.0 2.0 2.0 0.0 1.0 1.0 0.0 2.0 3.0 5.0 5.0 0.0 4.0 1.0 0.0 2.0 4.0 5.0 0.0 2.0 1.0 1.0 3.0 0.0 1.0 1.0 0.0 1.0 4.0 4.0 0.0 0.0 5.0 0.0 3.0 0.0 0.0 0.0 1.0 0.0 1.0 2.0 0.0 4.0 8.0 0.0 0.0 1.0 1.0 2.0 1.0 1.0 4.0 0.0 0.0 5.0 2.0 0.0 1.0 0.0 2.0 3.0 131.0 0.0 0.0 
0.0 0.0 0.0 15.0 18.0 17.0 0.0 4.0 1.0 4.0 3.0 2.0 0.0 0.0 1.0 0.0 0.0 0.0 6.0 1.0 0.0 0.0 1.0 5.0 4.0 1.0 8.0 4.0 1.0 3.0 1.0 4.0 0.0 1.0 3.0 7.0 0.0 0.0 0.0 1.0 3.0 8.0 5.0 0.0 3.0 0.0 1.0 1.0 1.0 1.0 0.0 7.0 3.0 6.0 0.0 1.0 7.0 8.0 1.0 3.0 9.0 2.0 3.0 3.0 0.0 0.0 2.0 0.0 0.0 1.0 0.0 1.0 1.0 0.0 2.0 1.0 0.0 0.0 0.0 0.0 4.0 3.0 0.0 5.0 0.0 0.0 3.0 2.0 4.0 7.0 0.0 0.0 1.0 11.0 3.0 3.0 28.0 42.0 0.0 0.0 
0.0 0.0 0.0 0.0 108.0 12.0 6.0 5.0 0.0 3.0 1.0 1.0 2.0 0.0 0.0 0.0 0.0 2.0 5.0 0.0 6.0 1.0 0.0 4.0 0.0 0.0 0.0 0.0 2.0 4.0 4.0 3.0 3.0 2.0 7.0 7.0 1.0 0.0 3.0 6.0 2.0 1.0 2.0 1.0 0.0 3.0 3.0 1.0 0.0 0.0 0.0 2.0 0.0 0.0 6.0 1.0 1.0 6.0 1.0 4.0 1.0 1.0 3.0 5.0 0.0 0.0 0.0 4.0 3.0 0.0 2.0 1.0 1.0 4.0 2.0 2.0 3.0 1.0 5.0 5.0 0.0 1.0 1.0 0.0 6.0 1.0 2.0 1.0 0.0 0.0 0.0 0.0 3.0 7.0 4.0 24.0 58.0 21.0 0.0 0.0 
0.0 0.0 0.0 0.0 33.0 32.0 14.0 2.0 1.0 0.0 2.0 4.0 4.0 3.0 1.0 4.0 0.0 2.0 0.0 0.0 0.0 8.0 0.0 5.0 5.0 7.0 0.0 6.0 0.0 2.0 1.0 5.0 0.0 0.0 1.0 0.0 2.0 0.0 1.0 4.0 2.0 0.0 7.0 3.0 1.0 3.0 4.0 3.0 0.0 1.0 8.0 3.0 6.0 2.0 0.0 4.0 0.0 1.0 2.0 1.0 2.0 0.0 0.0 5.0 1.0 3.0 5.0 1.0 3.0 1.0 0.0 0.0 5.0 0.0 2.0 0.0 6.0 2.0 0.0 0.0 0.0 6.0 6.0 1.0 4.0 1.0 2.0 0.0 4.0 0.0 9.0 0.0 3.0 3.0 7.0 4.0 72.0 0.0 0.0 0.0 
0.0 0.0 0.0 0.0 2.0 102.0 6.0 2.0 0.0 2.0 10.0 5.0 0.0 0.0 0.0 4.0 5.0 0.0 0.0 1.0 1.0 2.0 0.0 4.0 1.0 2.0 4.0 3.0 1.0 1.0 1.0 2.0 0.0 4.0 2.0 4.0 1.0 1.0 3.0 1.0 7.0 0.0 4.0 1.0 0.0 3.0 2.0 5.0 1.0 18.0 0.0 0.0 7.0 0.0 0.0 0.0 7.0 1.0 7.0 0.0 1.0 1.0 0.0 0.0 0.0 2.0 0.0 8.0 5.0 3.0 1.0 5.0 0.0 2.0 0.0 0.0 2.0 0.0 1.0 2.0 1.0 2.0 1.0 3.0 6.0 1.0 0.0 0.0 1.0 3.0 0.0 0.0 3.0 2.0 2.0 2.0 38.0 0.0 0.0 0.0 
0.0 0.0 0.0 0.0 0.0 67.0 12.0 2.0 0.0 2.0 2.0 1.0 2.0 5.0 0.0 0.0 0.0 0.0 0.0 6.0 2.0 0.0 4.0 2.0 1.0 0.0 0.0 4.0 1.0 1.0 5.0 1.0 2.0 8.0 1.0 2.0 2.0 1.0 0.0 6.0 1.0 0.0 3.0 4.0 2.0 1.0 3.0 3.0 4.0 5.0 2.0 2.0 2.0 1.0 4.0 0.0 0.0 4.0 0.0 5.0 1.0 2.0 0.0 1.0 1.0 3.0 2.0 0.0 2.0 0.0 4.0 1.0 0.0 3.0 1.0 0.0 0.0 0.0 3.0 0.0 5.0 2.0 3.0 0.0 4.0 0.0 3.0 7.0 4.0 2.0 4.0 0.0 3.0 0.0 0.0 142.0 0.0 0.0 0.0 0.0 
0.0 0.0 0.0 0.0 0.0 4.0 134.0 13.0 2.0 2.0 0.0 0.0 0.0 0.0 4.0 1.0 0.0 3.0 3.0 5.0 2.0 1.0 7.0 2.0 2.0 0.0 4.0 1.0 2.0 2.0 3.0 2.0 0.0 0.0 1.0 2.0 2.0 12.0 7.0 1.0 1.0 2.0 0.0 1.0 1.0 1.0 3.0 0.0 0.0 2.0 0.0 2.0 7.0 2.0 3.0 2.0 2.0 1.0 0.0 3.0 0.0 0.0 0.0 0.0 0.0 0.0 12.0 0.0 2.0 5.0 2.0 1.0 3.0 6.0 1.0 6.0 1.0 5.0 3.0 2.0 3.0 0.0 5.0 4.0 1.0 1.0 2.0 2.0 0.0 1.0 6.0 0.0 6.0 1.0 4.0 42.0 0.0 0.0 0.0 0.0 
0.0 0.0 0.0 0.0 0.0 0.0 110.0 21.0 6.0 1.0 4.0 0.0 0.0 4.0 3.0 0.0 1.0 0.0 3.0 1.0 0.0 1.0 1.0 0.0 3.0 2.0 3.0 1.0 0.0 0.0 2.0 1.0 1.0 0.0 6.0 3.0 4.0 0.0 4.0 0.0 0.0 0.0 8.0 1.0 1.0 0.0 6.0 0.0 8.0 5.0 1.0 12.0 3.0 0.0 0.0 0.0 0.0 0.0 1.0 1.0 0.0 0.0 0.0 4.0 0.0 1.0 0.0 0.0 2.0 2.0 7.0 0.0 6.0 0.0 0.0 2.0 3.0 1.0 3.0 0.0 0.0 2.0 0.0 0.0 3.0 4.0 0.0 3.0 3.0 0.0 0.0 0.0 0.0 7.0 157.0 7.0 0.0 0.0 0.0 0.0 
0.0 0.0 0.0 0.0 0.0 0.0 31.0 51.0 33.0 1.0 0.0 2.0 2.0 2.0 0.0 3.0 0.0 0.0 0.0 1.0 0.0 0.0 0.0 2.0 1.0 1.0 2.0 1.0 7.0 4.0 0.0 1.0 0.0 2.0 1.0 1.0 8.0 1.0 2.0 6.0 0.0 3.0 0.0 3.0 0.0 2.0 1.0 1.0 0.0 1.0 0.0 3.0 1.0 7.0 7.0 0.0 4.0 1.0 1.0 0.0 0.0 1.0 1.0 2.0 4.0 1.0 2.0 3.0 3.0 0.0 1.0 1.0 0.0 1.0 0.0 1.0 0.0 0.0 2.0 3.0 3.0 1.0 0.0 1.0 7.0 9.0 2.0 1.0 0.0 2.0 1.0 1.0 1.0 8.0 51.0 0.0 0.0 0.0 0.0 0.0 
0.0 0.0 0.0 0.0 0.0 0.0 0.0 171.0 2.0 0.0 6.0 1.0 2.0 3.0 3.0 1.0 2.0 5.0 0.0 1.0 3.0 0.0 0.0 1.0 2.0 9.0 1.0 4.0 10.0 0.0 18.0 3.0 3.0 2.0 2.0 2.0 1.0 1.0 5.0 0.0 1.0 3.0 2.0 4.0 1.0 3.0 2.0 3.0 1.0 2.0 0.0 2.0 3.0 0.0 1.0 1.0 0.0 2.0 1.0 2.0 1.0 0.0 0.0 4.0 0.0 3.0 2.0 2.0 7.0 10.0 3.0 1.0 1.0 4.0 3.0 3.0 2.0 1.0 1.0 4.0 0.0 1.0 1.0 0.0 6.0 2.0 3.0 0.0 2.0 1.0 5.0 1.0 6.0 113.0 0.0 0.0 0.0 0.0 0.0 0.0 
0.0 0.0 0.0 0.0 0.0 0.0 0.0 40.0 3.0 1.0 0.0 4.0 1.0 1.0 2.0 2.0 0.0 1.0 7.0 2.0 0.0 1.0 1.0 6.0 1.0 0.0 1.0 2.0 2.0 3.0 0.0 4.0 4.0 0.0 1.0 7.0 0.0 1.0 1.0 10.0 2.0 0.0 0.0 0.0 2.0 0.0 3.0 1.0 5.0 0.0 0.0 0.0 3.0 1.0 0.0 0.0 2.0 0.0 6.0 0.0 0.0 0.0 1.0 0.0 1.0 1.0 1.0 0.0 0.0 0.0 1.0 0.0 6.0 2.0 1.0 4.0 1.0 0.0 4.0 6.0 5.0 1.0 5.0 6.0 1.0 3.0 0.0 1.0 0.0 5.0 1.0 8.0 8.0 33.0 0.0 0.0 0.0 0.0 0.0 0.0 
0.0 0.0 0.0 0.0 0.0 0.0 0.0 0.0 168.0 9.0 2.0 1.0 0.0 1.0 2.0 0.0 2.0 1.0 3.0 5.0 0.0 2.0 2.0 0.0 2.0 1.0 3.0 0.0 3.0 0.0 3.0 1.0 5.0 1.0 0.0 7.0 4.0 0.0 2.0 3.0 1.0 10.0 0.0 1.0 2.0 4.0 1.0 2.0 0.0 0.0 5.0 4.0 1.0 2.0 2.0 0.0 6.0 1.0 1.0 0.0 2.0 0.0 4.0 1.0 5.0 0.0 1.0 0.0 0.0 0.0 3.0 3.0 9.0 1.0 0.0 0.0 5.0 11.0 5.0 1.0 4.0 1.0 2.0 4.0 6.0 4.0 2.0 5.0 3.0 3.0 3.0 8.0 98.0 0.0 0.0 0.0 0.0 0.0 0.0 0.0 
0.0 0.0 0.0 0.0 0.0 0.0 0.0 0.0 33.0 5.0 3.0 0.0 0.0 0.0 5.0 0.0 0.0 0.0 0.0 0.0 12.0 11.0 1.0 10.0 0.0 1.0 1.0 0.0 3.0 1.0 2.0 2.0 2.0 0.0 3.0 2.0 3.0 0.0 3.0 0.0 1.0 0.0 2.0 1.0 2.0 3.0 0.0 0.0 0.0 0.0 3.0 2.0 0.0 2.0 0.0 0.0 1.0 5.0 1.0 2.0 0.0 0.0 2.0 0.0 2.0 0.0 0.0 2.0 4.0 3.0 5.0 1.0 3.0 0.0 1.0 1.0 1.0 3.0 4.0 1.0 1.0 4.0 10.0 5.0 3.0 1.0 0.0 0.0 4.0 3.0 16.0 125.0 11.0 0.0 0.0 0.0 0.0 0.0 0.0 0.0 
0.0 0.0 0.0 0.0 0.0 0.0 0.0 0.0 0.0 112.0 20.0 1.0 4.0 3.0 2.0 5.0 0.0 0.0 1.0 0.0 2.0 1.0 4.0 1.0 0.0 0.0 0.0 3.0 3.0 0.0 1.0 4.0 2.0 0.0 1.0 3.0 2.0 1.0 2.0 1.0 1.0 2.0 2.0 3.0 3.0 0.0 2.0 7.0 1.0 0.0 4.0 0.0 8.0 0.0 4.0 0.0 2.0 5.0 0.0 4.0 0.0 1.0 2.0 0.0 3.0 0.0 4.0 2.0 6.0 0.0 2.0 0.0 6.0 3.0 0.0 0.0 8.0 3.0 3.0 0.0 0.0 2.0 0.0 3.0 0.0 0.0 3.0 0.0 1.0 8.0 8.0 37.0 0.0 0.0 0.0 0.0 0.0 0.0 0.0 0.0 
0.0 0.0 0.0 0.0 0.0 0.0 0.0 0.0 0.0 7.0 100.0 16.0 3.0 3.0 1.0 0.0 0.0 1.0 2.0 6.0 1.0 5.0 0.0 9.0 0.0 2.0 0.0 0.0 2.0 0.0 0.0 1.0 4.0 3.0 0.0 2.0 1.0 0.0 2.0 3.0 2.0 1.0 0.0 0.0 4.0 1.0 7.0 2.0 3.0 1.0 1.0 0.0 2.0 3.0 0.0 4.0 0.0 0.0 0.0 3.0 1.0 2.0 1.0 1.0 3.0 1.0 3.0 0.0 7.0 5.0 6.0 7.0 0.0 1.0 5.0 0.0 0.0 4.0 0.0 3.0 1.0 1.0 0.0 4.0 1.0 2.0 0.0 0.0 2.0 0.0 82.0 0.0 0.0 0.0 0.0 0.0 0.0 0.0 0.0 0.0 
0.0 0.0 0.0 0.0 0.0 0.0 0.0 0.0 0.0 0.0 90.0 3.0 3.0 0.0 1.0 3.0 0.0 6.0 0.0 3.0 2.0 0.0 0.0 6.0 0.0 2.0 1.0 0.0 0.0 8.0 1.0 0.0 1.0 2.0 0.0 1.0 0.0 3.0 0.0 0.0 3.0 3.0 0.0 0.0 1.0 4.0 0.0 2.0 0.0 5.0 2.0 5.0 2.0 4.0 1.0 0.0 4.0 6.0 4.0 2.0 3.0 2.0 1.0 1.0 2.0 2.0 5.0 3.0 4.0 2.0 2.0 0.0 0.0 6.0 2.0 5.0 3.0 2.0 0.0 0.0 0.0 2.0 5.0 1.0 5.0 2.0 0.0 1.0 3.0 109.0 0.0 0.0 0.0 0.0 0.0 0.0 0.0 0.0 0.0 0.0 
0.0 0.0 0.0 0.0 0.0 0.0 0.0 0.0 0.0 0.0 0.0 138.0 0.0 0.0 1.0 0.0 0.0 0.0 1.0 4.0 5.0 13.0 0.0 14.0 1.0 0.0 6.0 3.0 1.0 2.0 0.0 4.0 3.0 0.0 0.0 3.0 0.0 0.0 2.0 2.0 6.0 3.0 4.0 0.0 0.0 0.0 5.0 1.0 0.0 0.0 2.0 1.0 3.0 0.0 2.0 4.0 1.0 1.0 1.0 6.0 0.0 2.0 0.0 1.0 0.0 5.0 5.0 1.0 6.0 0.0 0.0 2.0 1.0 0.0 0.0 0.0 2.0 0.0 0.0 1.0 2.0 1.0 0.0 13.0 1.0 0.0 2.0 27.0 161.0 0.0 0.0 0.0 0.0 0.0 0.0 0.0 0.0 0.0 0.0 0.0 
0.0 0.0 0.0 0.0 0.0 0.0 0.0 0.0 0.0 0.0 0.0 0.0 203.0 22.0 1.0 0.0 0.0 2.0 11.0 2.0 0.0 1.0 2.0 5.0 1.0 1.0 4.0 1.0 3.0 1.0 1.0 2.0 0.0 2.0 2.0 0.0 0.0 2.0 3.0 0.0 3.0 4.0 6.0 0.0 1.0 3.0 2.0 0.0 2.0 5.0 0.0 0.0 0.0 1.0 0.0 11.0 6.0 5.0 0.0 3.0 2.0 1.0 0.0 1.0 0.0 1.0 2.0 2.0 1.0 0.0 2.0 0.0 5.0 0.0 0.0 0.0 0.0 0.0 3.0 5.0 0.0 5.0 1.0 1.0 0.0 1.0 32.0 31.0 23.0 0.0 0.0 0.0 0.0 0.0 0.0 0.0 0.0 0.0 0.0 0.0 
0.0 0.0 0.0 0.0 0.0 0.0 0.0 0.0 0.0 0.0 0.0 0.0 23.0 36.0 29.0 3.0 0.0 2.0 2.0 2.0 1.0 1.0 0.0 3.0 0.0 0.0 0.0 1.0 1.0 3.0 2.0 2.0 3.0 0.0 2.0 0.0 0.0 4.0 0.0 4.0 1.0 6.0 2.0 2.0 0.0 4.0 0.0 3.0 1.0 1.0 2.0 3.0 1.0 3.0 1.0 1.0 1.0 5.0 1.0 0.0 2.0 1.0 6.0 0.0 2.0 0.0 10.0 3.0 3.0 1.0 1.0 0.0 0.0 0.0 2.0 5.0 9.0 6.0 0.0 0.0 1.0 0.0 0.0 6.0 2.0 21.0 25.0 51.0 0.0 0.0 0.0 0.0 0.0 0.0 0.0 0.0 0.0 0.0 0.0 0.0 
0.0 0.0 0.0 0.0 0.0 0.0 0.0 0.0 0.0 0.0 0.0 0.0 0.0 41.0 18.0 19.0 5.0 3.0 3.0 0.0 2.0 2.0 0.0 0.0 4.0 0.0 4.0 3.0 1.0 3.0 0.0 7.0 2.0 2.0 1.0 4.0 1.0 0.0 1.0 1.0 0.0 1.0 4.0 1.0 0.0 1.0 1.0 2.0 0.0 4.0 0.0 6.0 1.0 3.0 2.0 1.0 4.0 2.0 2.0 1.0 0.0 6.0 0.0 0.0 5.0 7.0 0.0 5.0 7.0 3.0 0.0 5.0 0.0 2.0 0.0 2.0 1.0 0.0 0.0 3.0 0.0 0.0 0.0 3.0 2.0 4.0 59.0 0.0 0.0 0.0 0.0 0.0 0.0 0.0 0.0 0.0 0.0 0.0 0.0 0.0 
0.0 0.0 0.0 0.0 0.0 0.0 0.0 0.0 0.0 0.0 0.0 0.0 0.0 0.0 56.0 1.0 5.0 0.0 3.0 0.0 7.0 0.0 5.0 3.0 2.0 0.0 1.0 4.0 1.0 6.0 0.0 0.0 0.0 2.0 0.0 2.0 2.0 0.0 2.0 5.0 2.0 2.0 6.0 4.0 1.0 4.0 1.0 6.0 0.0 3.0 3.0 2.0 0.0 0.0 2.0 2.0 1.0 0.0 2.0 0.0 4.0 4.0 2.0 0.0 0.0 1.0 2.0 1.0 0.0 4.0 1.0 1.0 1.0 5.0 3.0 5.0 0.0 4.0 1.0 1.0 1.0 1.0 0.0 5.0 0.0 151.0 0.0 0.0 0.0 0.0 0.0 0.0 0.0 0.0 0.0 0.0 0.0 0.0 0.0 0.0 
0.0 0.0 0.0 0.0 0.0 0.0 0.0 0.0 0.0 0.0 0.0 0.0 0.0 0.0 0.0 87.0 3.0 30.0 2.0 4.0 1.0 1.0 0.0 0.0 1.0 0.0 3.0 1.0 3.0 8.0 6.0 2.0 5.0 0.0 0.0 8.0 0.0 3.0 0.0 1.0 3.0 1.0 4.0 3.0 4.0 6.0 1.0 0.0 1.0 2.0 2.0 2.0 1.0 2.0 2.0 0.0 2.0 2.0 2.0 0.0 2.0 3.0 1.0 2.0 3.0 0.0 0.0 0.0 0.0 0.0 0.0 0.0 0.0 0.0 3.0 4.0 3.0 7.0 0.0 0.0 1.0 3.0 0.0 1.0 183.0 0.0 0.0 0.0 0.0 0.0 0.0 0.0 0.0 0.0 0.0 0.0 0.0 0.0 0.0 0.0 
0.0 0.0 0.0 0.0 0.0 0.0 0.0 0.0 0.0 0.0 0.0 0.0 0.0 0.0 0.0 0.0 63.0 45.0 38.0 1.0 0.0 8.0 0.0 2.0 1.0 0.0 1.0 2.0 2.0 1.0 1.0 1.0 2.0 0.0 5.0 0.0 0.0 1.0 1.0 2.0 2.0 0.0 3.0 0.0 0.0 1.0 3.0 1.0 0.0 0.0 2.0 2.0 8.0 10.0 2.0 4.0 1.0 1.0 2.0 4.0 1.0 10.0 1.0 0.0 0.0 0.0 5.0 4.0 0.0 4.0 0.0 4.0 1.0 0.0 1.0 0.0 4.0 3.0 0.0 0.0 4.0 1.0 0.0 172.0 0.0 0.0 0.0 0.0 0.0 0.0 0.0 0.0 0.0 0.0 0.0 0.0 0.0 0.0 0.0 0.0 
0.0 0.0 0.0 0.0 0.0 0.0 0.0 0.0 0.0 0.0 0.0 0.0 0.0 0.0 0.0 0.0 0.0 32.0 120.0 19.0 2.0 0.0 1.0 0.0 7.0 3.0 5.0 0.0 0.0 7.0 1.0 2.0 5.0 2.0 1.0 0.0 4.0 1.0 0.0 0.0 3.0 6.0 5.0 1.0 0.0 0.0 3.0 2.0 1.0 1.0 1.0 1.0 4.0 0.0 0.0 6.0 0.0 3.0 1.0 3.0 2.0 0.0 2.0 2.0 3.0 1.0 0.0 6.0 1.0 4.0 0.0 7.0 1.0 1.0 0.0 0.0 0.0 4.0 1.0 3.0 7.0 2.0 116.0 0.0 0.0 0.0 0.0 0.0 0.0 0.0 0.0 0.0 0.0 0.0 0.0 0.0 0.0 0.0 0.0 0.0 
0.0 0.0 0.0 0.0 0.0 0.0 0.0 0.0 0.0 0.0 0.0 0.0 0.0 0.0 0.0 0.0 0.0 0.0 36.0 50.0 18.0 3.0 1.0 4.0 4.0 1.0 9.0 0.0 2.0 3.0 1.0 1.0 6.0 0.0 0.0 4.0 2.0 2.0 3.0 0.0 1.0 3.0 0.0 6.0 3.0 10.0 1.0 2.0 0.0 0.0 5.0 9.0 0.0 3.0 0.0 2.0 0.0 4.0 0.0 4.0 8.0 4.0 4.0 1.0 0.0 2.0 2.0 2.0 6.0 0.0 3.0 1.0 3.0 0.0 0.0 5.0 1.0 0.0 3.0 3.0 5.0 108.0 0.0 0.0 0.0 0.0 0.0 0.0 0.0 0.0 0.0 0.0 0.0 0.0 0.0 0.0 0.0 0.0 0.0 0.0 
0.0 0.0 0.0 0.0 0.0 0.0 0.0 0.0 0.0 0.0 0.0 0.0 0.0 0.0 0.0 0.0 0.0 0.0 0.0 24.0 139.0 0.0 6.0 1.0 0.0 2.0 3.0 0.0 1.0 1.0 0.0 0.0 2.0 2.0 4.0 0.0 4.0 0.0 0.0 4.0 0.0 0.0 1.0 2.0 2.0 3.0 13.0 5.0 1.0 1.0 1.0 2.0 2.0 7.0 1.0 3.0 4.0 2.0 4.0 12.0 2.0 1.0 1.0 3.0 6.0 1.0 2.0 0.0 0.0 0.0 2.0 4.0 4.0 0.0 0.0 5.0 1.0 0.0 9.0 3.0 110.0 0.0 0.0 0.0 0.0 0.0 0.0 0.0 0.0 0.0 0.0 0.0 0.0 0.0 0.0 0.0 0.0 0.0 0.0 0.0 
0.0 0.0 0.0 0.0 0.0 0.0 0.0 0.0 0.0 0.0 0.0 0.0 0.0 0.0 0.0 0.0 0.0 0.0 0.0 0.0 0.0 111.0 3.0 8.0 2.0 3.0 0.0 2.0 2.0 2.0 1.0 6.0 1.0 1.0 3.0 6.0 1.0 4.0 2.0 6.0 6.0 3.0 7.0 8.0 3.0 4.0 6.0 1.0 0.0 2.0 0.0 1.0 0.0 0.0 0.0 2.0 5.0 1.0 2.0 1.0 0.0 4.0 0.0 0.0 9.0 0.0 3.0 7.0 2.0 4.0 3.0 4.0 5.0 6.0 2.0 1.0 1.0 7.0 3.0 101.0 0.0 0.0 0.0 0.0 0.0 0.0 0.0 0.0 0.0 0.0 0.0 0.0 0.0 0.0 0.0 0.0 0.0 0.0 0.0 0.0 
0.0 0.0 0.0 0.0 0.0 0.0 0.0 0.0 0.0 0.0 0.0 0.0 0.0 0.0 0.0 0.0 0.0 0.0 0.0 0.0 0.0 0.0 90.0 7.0 6.0 8.0 2.0 3.0 0.0 8.0 1.0 2.0 4.0 2.0 5.0 3.0 3.0 3.0 1.0 7.0 2.0 1.0 1.0 0.0 1.0 2.0 3.0 1.0 1.0 0.0 1.0 1.0 1.0 0.0 3.0 0.0 2.0 2.0 2.0 1.0 2.0 0.0 5.0 2.0 5.0 1.0 1.0 0.0 0.0 0.0 1.0 2.0 0.0 2.0 0.0 2.0 22.0 3.0 81.0 0.0 0.0 0.0 0.0 0.0 0.0 0.0 0.0 0.0 0.0 0.0 0.0 0.0 0.0 0.0 0.0 0.0 0.0 0.0 0.0 0.0 
0.0 0.0 0.0 0.0 0.0 0.0 0.0 0.0 0.0 0.0 0.0 0.0 0.0 0.0 0.0 0.0 0.0 0.0 0.0 0.0 0.0 0.0 0.0 28.0 154.0 2.0 3.0 2.0 1.0 0.0 1.0 1.0 6.0 6.0 3.0 0.0 2.0 1.0 5.0 1.0 0.0 1.0 0.0 5.0 1.0 1.0 0.0 0.0 5.0 0.0 1.0 4.0 1.0 6.0 2.0 1.0 5.0 2.0 0.0 2.0 3.0 1.0 1.0 0.0 1.0 8.0 4.0 5.0 0.0 5.0 2.0 3.0 5.0 1.0 8.0 16.0 105.0 36.0 0.0 0.0 0.0 0.0 0.0 0.0 0.0 0.0 0.0 0.0 0.0 0.0 0.0 0.0 0.0 0.0 0.0 0.0 0.0 0.0 0.0 0.0 
0.0 0.0 0.0 0.0 0.0 0.0 0.0 0.0 0.0 0.0 0.0 0.0 0.0 0.0 0.0 0.0 0.0 0.0 0.0 0.0 0.0 0.0 0.0 0.0 0.0 120.0 3.0 8.0 2.0 5.0 0.0 1.0 1.0 1.0 5.0 2.0 1.0 3.0 8.0 1.0 5.0 3.0 2.0 0.0 1.0 2.0 2.0 3.0 1.0 2.0 0.0 3.0 6.0 1.0 2.0 0.0 2.0 1.0 0.0 1.0 4.0 5.0 0.0 1.0 1.0 3.0 5.0 4.0 2.0 0.0 3.0 5.0 0.0 7.0 7.0 129.0 14.0 0.0 0.0 0.0 0.0 0.0 0.0 0.0 0.0 0.0 0.0 0.0 0.0 0.0 0.0 0.0 0.0 0.0 0.0 0.0 0.0 0.0 0.0 0.0 
0.0 0.0 0.0 0.0 0.0 0.0 0.0 0.0 0.0 0.0 0.0 0.0 0.0 0.0 0.0 0.0 0.0 0.0 0.0 0.0 0.0 0.0 0.0 0.0 0.0 0.0 71.0 142.0 8.0 11.0 1.0 0.0 2.0 1.0 1.0 0.0 0.0 1.0 0.0 9.0 0.0 2.0 1.0 5.0 2.0 5.0 1.0 2.0 1.0 4.0 4.0 0.0 4.0 0.0 8.0 8.0 1.0 1.0 0.0 1.0 0.0 8.0 0.0 0.0 6.0 3.0 1.0 0.0 4.0 0.0 1.0 11.0 2.0 169.0 36.0 0.0 0.0 0.0 0.0 0.0 0.0 0.0 0.0 0.0 0.0 0.0 0.0 0.0 0.0 0.0 0.0 0.0 0.0 0.0 0.0 0.0 0.0 0.0 0.0 0.0 
0.0 0.0 0.0 0.0 0.0 0.0 0.0 0.0 0.0 0.0 0.0 0.0 0.0 0.0 0.0 0.0 0.0 0.0 0.0 0.0 0.0 0.0 0.0 0.0 0.0 0.0 0.0 7.0 106.0 26.0 27.0 30.0 6.0 5.0 1.0 5.0 0.0 1.0 2.0 0.0 7.0 2.0 0.0 0.0 3.0 0.0 0.0 2.0 0.0 0.0 1.0 0.0 1.0 0.0 0.0 0.0 0.0 2.0 3.0 2.0 2.0 2.0 8.0 0.0 8.0 3.0 1.0 4.0 2.0 1.0 16.0 14.0 78.0 0.0 0.0 0.0 0.0 0.0 0.0 0.0 0.0 0.0 0.0 0.0 0.0 0.0 0.0 0.0 0.0 0.0 0.0 0.0 0.0 0.0 0.0 0.0 0.0 0.0 0.0 0.0 
0.0 0.0 0.0 0.0 0.0 0.0 0.0 0.0 0.0 0.0 0.0 0.0 0.0 0.0 0.0 0.0 0.0 0.0 0.0 0.0 0.0 0.0 0.0 0.0 0.0 0.0 0.0 0.0 0.0 34.0 124.0 41.0 27.0 8.0 0.0 1.0 3.0 4.0 0.0 9.0 0.0 3.0 0.0 4.0 1.0 4.0 3.0 0.0 2.0 2.0 7.0 0.0 0.0 0.0 0.0 3.0 0.0 5.0 0.0 4.0 3.0 2.0 3.0 4.0 0.0 2.0 4.0 14.0 17.0 12.0 154.0 25.0 0.0 0.0 0.0 0.0 0.0 0.0 0.0 0.0 0.0 0.0 0.0 0.0 0.0 0.0 0.0 0.0 0.0 0.0 0.0 0.0 0.0 0.0 0.0 0.0 0.0 0.0 0.0 0.0 
0.0 0.0 0.0 0.0 0.0 0.0 0.0 0.0 0.0 0.0 0.0 0.0 0.0 0.0 0.0 0.0 0.0 0.0 0.0 0.0 0.0 0.0 0.0 0.0 0.0 0.0 0.0 0.0 0.0 0.0 0.0 32.0 104.0 1.0 1.0 14.0 4.0 1.0 6.0 3.0 1.0 0.0 1.0 0.0 0.0 0.0 0.0 1.0 1.0 0.0 1.0 2.0 4.0 2.0 2.0 4.0 0.0 1.0 2.0 5.0 6.0 0.0 0.0 4.0 2.0 7.0 14.0 24.0 91.0 47.0 0.0 0.0 0.0 0.0 0.0 0.0 0.0 0.0 0.0 0.0 0.0 0.0 0.0 0.0 0.0 0.0 0.0 0.0 0.0 0.0 0.0 0.0 0.0 0.0 0.0 0.0 0.0 0.0 0.0 0.0 
0.0 0.0 0.0 0.0 0.0 0.0 0.0 0.0 0.0 0.0 0.0 0.0 0.0 0.0 0.0 0.0 0.0 0.0 0.0 0.0 0.0 0.0 0.0 0.0 0.0 0.0 0.0 0.0 0.0 0.0 0.0 0.0 0.0 36.0 62.0 126.0 14.0 20.0 8.0 15.0 14.0 1.0 3.0 0.0 6.0 0.0 0.0 2.0 2.0 1.0 1.0 3.0 0.0 1.0 1.0 0.0 0.0 0.0 4.0 2.0 0.0 6.0 2.0 22.0 3.0 18.0 89.0 33.0 16.0 0.0 0.0 0.0 0.0 0.0 0.0 0.0 0.0 0.0 0.0 0.0 0.0 0.0 0.0 0.0 0.0 0.0 0.0 0.0 0.0 0.0 0.0 0.0 0.0 0.0 0.0 0.0 0.0 0.0 0.0 0.0 
0.0 0.0 0.0 0.0 0.0 0.0 0.0 0.0 0.0 0.0 0.0 0.0 0.0 0.0 0.0 0.0 0.0 0.0 0.0 0.0 0.0 0.0 0.0 0.0 0.0 0.0 0.0 0.0 0.0 0.0 0.0 0.0 0.0 0.0 0.0 14.0 59.0 66.0 31.0 40.0 61.0 23.0 0.0 0.0 19.0 9.0 3.0 1.0 4.0 2.0 4.0 2.0 1.0 0.0 2.0 5.0 0.0 7.0 9.0 17.0 10.0 3.0 14.0 34.0 86.0 26.0 0.0 0.0 0.0 0.0 0.0 0.0 0.0 0.0 0.0 0.0 0.0 0.0 0.0 0.0 0.0 0.0 0.0 0.0 0.0 0.0 0.0 0.0 0.0 0.0 0.0 0.0 0.0 0.0 0.0 0.0 0.0 0.0 0.0 0.0 
0.0 0.0 0.0 0.0 0.0 0.0 0.0 0.0 0.0 0.0 0.0 0.0 0.0 0.0 0.0 0.0 0.0 0.0 0.0 0.0 0.0 0.0 0.0 0.0 0.0 0.0 0.0 0.0 0.0 0.0 0.0 0.0 0.0 0.0 0.0 0.0 0.0 10.0 20.0 15.0 21.0 74.0 64.0 160.0 43.0 27.0 11.0 5.0 2.0 0.0 1.0 2.0 16.0 13.0 9.0 2.0 10.0 4.0 22.0 77.0 27.0 159.0 73.0 32.0 0.0 0.0 0.0 0.0 0.0 0.0 0.0 0.0 0.0 0.0 0.0 0.0 0.0 0.0 0.0 0.0 0.0 0.0 0.0 0.0 0.0 0.0 0.0 0.0 0.0 0.0 0.0 0.0 0.0 0.0 0.0 0.0 0.0 0.0 0.0 0.0 
0.0 0.0 0.0 0.0 0.0 0.0 0.0 0.0 0.0 0.0 0.0 0.0 0.0 0.0 0.0 0.0 0.0 0.0 0.0 0.0 0.0 0.0 0.0 0.0 0.0 0.0 0.0 0.0 0.0 0.0 0.0 0.0 0.0 0.0 0.0 0.0 0.0 0.0 0.0 0.0 0.0 0.0 0.0 0.0 13.0 17.0 55.0 45.0 70.0 100.0 77.0 95.0 97.0 41.0 10.0 19.0 133.0 102.0 41.0 18.0 21.0 0.0 0.0 0.0 0.0 0.0 0.0 0.0 0.0 0.0 0.0 0.0 0.0 0.0 0.0 0.0 0.0 0.0 0.0 0.0 0.0 0.0 0.0 0.0 0.0 0.0 0.0 0.0 0.0 0.0 0.0 0.0 0.0 0.0 0.0 0.0 0.0 0.0 0.0 0.0 
0.0 0.0 0.0 0.0 0.0 0.0 0.0 0.0 0.0 0.0 0.0 0.0 0.0 0.0 0.0 0.0 0.0 0.0 0.0 0.0 0.0 0.0 0.0 0.0 0.0 0.0 0.0 0.0 0.0 0.0 0.0 0.0 0.0 0.0 0.0 0.0 0.0 0.0 0.0 0.0 0.0 0.0 0.0 0.0 0.0 0.0 0.0 0.0 0.0 0.0 0.0 0.0 15.0 31.0 38.0 37.0 7.0 0.0 0.0 0.0 0.0 0.0 0.0 0.0 0.0 0.0 0.0 0.0 0.0 0.0 0.0 0.0 0.0 0.0 0.0 0.0 0.0 0.0 0.0 0.0 0.0 0.0 0.0 0.0 0.0 0.0 0.0 0.0 0.0 0.0 0.0 0.0 0.0 0.0 0.0 0.0 0.0 0.0 0.0 0.0 
