0.0 0.0 0.0 0.0 0.0 0.0 0.0 0.0 0.0 0.0 0.0 0.0 0.0 0.0 0.0 0.0 0.0 0.0 0.0 0.0 0.0 0.0 0.0 0.0 0.0 0.0 0.0 0.0 0.0 0.0 0.0 0.0 0.0 0.0 0.0 0.0 0.0 0.0 0.0 0.0 0.0 0.0 0.0 0.0 0.0 0.0 0.0 0.0 0.0 0.0 0.0 0.0 0.0 0.0 0.0 0.0 0.0 0.0 0.0 0.0 0.0 0.0 0.0 0.0 0.0 0.0 0.0 0.0 0.0 0.0 0.0 0.0 0.0 0.0 0.0 0.0 0.0 0.0 0.0 0.0 0.0 0.0 0.0 0.0 0.0 0.0 0.0 0.0 0.0 0.0 0.0 0.0 0.0 0.0 0.0 0.0 0.0 0.0 0.0 0.0 
0.0 0.0 0.0 0.0 0.0 0.0 0.0 0.0 0.0 0.0 0.0 0.0 0.0 0.0 0.0 0.0 0.0 0.0 0.0 0.0 0.0 0.0 0.0 0.0 0.0 0.0 0.0 0.0 0.0 0.0 0.0 0.0 0.0 0.0 0.0 0.0 0.0 0.0 0.0 0.0 0.0 0.0 10.0 13.0 24.0 36.0 46.0 61.0 49.0 25.0 48.0 57.0 1.0 31.0 15.0 20.0 0.0 0.0 0.0 0.0 0.0 0.0 0.0 0.0 0.0 0.0 0.0 0.0 0.0 0.0 0.0 0.0 0.0 0.0 0.0 0.0 0.0 0.0 0.0 0.0 0.0 0.0 0.0 0.0 0.0 0.0 0.0 0.0 0.0 0.0 0.0 0.0 0.0 0.0 0.0 0.0 0.0 0.0 0.0 0.0 
0.0 0.0 0.0 0.0 0.0 0.0 0.0 0.0 0.0 0.0 0.0 0.0 0.0 0.0 0.0 0.0 0.0 0.0 0.0 0.0 0.0 0.0 0.0 0.0 0.0 0.0 0.0 0.0 0.0 0.0 0.0 0.0 0.0 0.0 0.0 0.0 4.0 19.0 19.0 48.0 82.0 112.0 141.0 93.0 83.0 27.0 14.0 5.0 3.0 4.0 3.0 10.0 168.0 19.0 36.0 37.0 120.0 93.0 56.0 27.0 43.0 16.0 0.0 0.0 0.0 0.0 0.0 0.0 0.0 0.0 0.0 0.0 0.0 0.0 0.0 0.0 0.0 0.0 0.0 0.0 0.0 0.0 0.0 0.0 0.0 0.0 0.0 0.0 0.0 0.0 0.0 0.0 0.0 0.0 0.0 0.0 0.0 0.0 0.0 0.0 
0.0 0.0 0.0 0.0 0.0 0.0 0.0 0.0 0.0 0.0 0.0 0.0 0.0 0.0 0.0 0.0 0.0 0.0 0.0 0.0 0.0 0.0 0.0 0.0 0.0 0.0 0.0 0.0 0.0 0.0 0.0 0.0 0.0 0.0 19.0 41.0 174.0 36.0 27.0 9.0 1.0 1.0 4.0 19.0 23.0 16.0 1.0 3.0 1.0 5.0 4.0 5.0 7.0 10.0 7.0 18.0 2.0 0.0 30.0 24.0 36.0 26.0 123.0 0.0 0.0 0.0 0.0 0.0 0.0 0.0 0.0 0.0 0.0 0.0 0.0 0.0 0.0 0.0 0.0 0.0 0.0 0.0 0.0 0.0 0.0 0.0 0.0 0.0 0.0 0.0 0.0 0.0 0.0 0.0 0.0 0.0 0.0 0.0 0.0 0.0 
0.0 0.0 0.0 0.0 0.0 0.0 0.0 0.0 0.0 0.0 0.0 0.0 0.0 0.0 0.0 0.0 0.0 0.0 0.0 0.0 0.0 0.0 0.0 0.0 0.0 0.0 0.0 0.0 0.0 0.0 0.0 0.0 40.0 122.0 46.0 19.0 4.0 27.0 4.0 5.0 0.0 0.0 2.0 1.0 2.0 0.0 0.0 2.0 1.0 0.0 0.0 1.0 0.0 1.0 0.0 1.0 1.0 1.0 2.0 19.0 5.0 26.0 1.0 206.0 106.0 23.0 0.0 0.0 0.0 0.0 0.0 0.0 0.0 0.0 0.0 0.0 0.0 0.0 0.0 0.0 0.0 0.0 0.0 0.0 0.0 0.0 0.0 0.0 0.0 0.0 0.0 0.0 0.0 0.0 0.0 0.0 0.0 0.0 0.0 0.0 
0.0 0.0 0.0 0.0 0.0 0.0 0.0 0.0 0.0 0.0 0.0 0.0 0.0 0.0 0.0 0.0 0.0 0.0 0.0 0.0 0.0 0.0 0.0 0.0 0.0 0.0 0.0 0.0 0.0 0.0 23.0 123.0 8.0 3.0 27.0 1.0 2.0 2.0 1.0 3.0 8.0 1.0 5.0 4.0 0.0 4.0 1.0 4.0 1.0 0.0 6.0 3.0 3.0 0.0 4.0 1.0 5.0 6.0 0.0 1.0 4.0 3.0 0.0 1.0 5.0 5.0 93.0 18.0 0.0 0.0 0.0 0.0 0.0 0.0 0.0 0.0 0.0 0.0 0.0 0.0 0.0 0.0 0.0 0.0 0.0 0.0 0.0 0.0 0.0 0.0 0.0 0.0 0.0 0.0 0.0 0.0 0.0 0.0 0.0 0.0 
0.0 0.0 0.0 0.0 0.0 0.0 0.0 0.0 0.0 0.0 0.0 0.0 0.0 0.0 0.0 0.0 0.0 0.0 0.0 0.0 0.0 0.0 0.0 0.0 0.0 0.0 0.0 0.0 0.0 88.0 48.0 36.0 2.0 3.0 3.0 0.0 0.0 0.0 2.0 2.0 1.0 7.0 0.0 2.0 2.0 2.0 0.0 2.0 3.0 0.0 2.0 2.0 4.0 2.0 0.0 3.0 4.0 0.0 2.0 1.0 1.0 0.0 0.0 0.0 2.0 13.0 21.0 52.0 67.0 0.0 0.0 0.0 0.0 0.0 0.0 0.0 0.0 0.0 0.0 0.0 0.0 0.0 0.0 0.0 0.0 0.0 0.0 0.0 0.0 0.0 0.0 0.0 0.0 0.0 0.0 0.0 0.0 0.0 0.0 0.0 
0.0 0.0 0.0 0.0 0.0 0.0 0.0 0.0 0.0 0.0 0.0 0.0 0.0 0.0 0.0 0.0 0.0 0.0 0.0 0.0 0.0 0.0 0.0 0.0 0.0 0.0 0.0 51.0 164.0 1.0 35.0 1.0 1.0 2.0 1.0 0.0 1.0 0.0 1.0 1.0 0.0 2.0 1.0 4.0 0.0 4.0 2.0 0.0 0.0 2.0 0.0 0.0 5.0 5.0 1.0 4.0 5.0 0.0 2.0 2.0 1.0 3.0 0.0 2.0 0.0 9.0 6.0 25.0 5.0 128.0 45.0 0.0 0.0 0.0 0.0 0.0 0.0 0.0 0.0 0.0 0.0 0.0 0.0 0.0 0.0 0.0 0.0 0.0 0.0 0.0 0.0 0.0 0.0 0.0 0.0 0.0 0.0 0.0 0.0 0.0 
0.0 0.0 0.0 0.0 0.0 0.0 0.0 0.0 0.0 0.0 0.0 0.0 0.0 0.0 0.0 0.0 0.0 0.0 0.0 0.0 0.0 0.0 0.0 0.0 0.0 23.0 177.0 1.0 8.0 0.0 1.0 2.0 0.0 3.0 1.0 2.0 3.0 0.0 0.0 2.0 1.0 1.0 1.0 4.0 3.0 6.0 0.0 3.0 2.0 1.0 0.0 1.0 1.0 4.0 2.0 3.0 7.0 5.0 0.0 0.0 6.0 4.0 0.0 3.0 3.0 1.0 2.0 1.0 1.0 2.0 8.0 134.0 48.0 0.0 0.0 0.0 0.0 0.0 0.0 0.0 0.0 0.0 0.0 0.0 0.0 0.0 0.0 0.0 0.0 0.0 0.0 0.0 0.0 0.0 0.0 0.0 0.0 0.0 0.0 0.0 
0.0 0.0 0.0 0.0 0.0 0.0 0.0 0.0 0.0 0.0 0.0 0.0 0.0 0.0 0.0 0.0 0.0 0.0 0.0 0.0 0.0 0.0 0.0 0.0 54.0 39.0 18.0 3.0 0.0 1.0 3.0 2.0 2.0 2.0 9.0 2.0 2.0 2.0 0.0 2.0 1.0 2.0 0.0 2.0 0.0 5.0 3.0 2.0 2.0 1.0 2.0 1.0 2.0 2.0 7.0 0.0 2.0 2.0 1.0 1.0 2.0 2.0 2.0 1.0 0.0 2.0 2.0 0.0 2.0 1.0 8.0 1.0 9.0 165.0 0.0 0.0 0.0 0.0 0.0 0.0 0.0 0.0 0.0 0.0 0.0 0.0 0.0 0.0 0.0 0.0 0.0 0.0 0.0 0.0 0.0 0.0 0.0 0.0 0.0 0.0 
0.0 0.0 0.0 0.0 0.0 0.0 0.0 0.0 0.0 0.0 0.0 0.0 0.0 0.0 0.0 0.0 0.0 0.0 0.0 0.0 0.0 0.0 0.0 62.0 23.0 27.0 0.0 6.0 4.0 3.0 1.0 1.0 6.0 1.0 2.0 1.0 2.0 1.0 4.0 1.0 0.0 0.0 0.0 1.0 4.0 0.0 2.0 6.0 0.0 4.0 0.0 0.0 3.0 2.0 3.0 1.0 0.0 7.0 8.0 4.0 0.0 3.0 2.0 0.0 0.0 0.0 0.0 2.0 0.0 0.0 2.0 1.0 4.0 0.0 156.0 0.0 0.0 0.0 0.0 0.0 0.0 0.0 0.0 0.0 0.0 0.0 0.0 0.0 0.0 0.0 0.0 0.0 0.0 0.0 0.0 0.0 0.0 0.0 0.0 0.0 
0.0 0.0 0.0 0.0 0.0 0.0 0.0 0.0 0.0 0.0 0.0 0.0 0.0 0.0 0.0 0.0 0.0 0.0 0.0 0.0 0.0 0.0 39.0 9.0 26.0 0.0 2.0 1.0 0.0 12.0 0.0 3.0 0.0 6.0 0.0 2.0 4.0 0.0 0.0 5.0 0.0 2.0 2.0 6.0 0.0 0.0 1.0 1.0 5.0 1.0 5.0 2.0 3.0 1.0 2.0 2.0 0.0 0.0 3.0 2.0 3.0 5.0 1.0 1.0 0.0 11.0 0.0 0.0 6.0 0.0 0.0 3.0 1.0 1.0 2.0 161.0 32.0 0.0 0.0 0.0 0.0 0.0 0.0 0.0 0.0 0.0 0.0 0.0 0.0 0.0 0.0 0.0 0.0 0.0 0.0 0.0 0.0 0.0 0.0 0.0 
0.0 0.0 0.0 0.0 0.0 0.0 0.0 0.0 0.0 0.0 0.0 0.0 0.0 0.0 0.0 0.0 0.0 0.0 0.0 0.0 0.0 56.0 41.0 37.0 2.0 2.0 0.0 4.0 6.0 5.0 1.0 1.0 2.0 3.0 4.0 0.0 0.0 3.0 1.0 3.0 2.0 0.0 3.0 1.0 10.0 4.0 4.0 2.0 4.0 3.0 3.0 4.0 8.0 2.0 1.0 1.0 5.0 3.0 5.0 2.0 2.0 3.0 2.0 0.0 2.0 8.0 1.0 4.0 1.0 2.0 1.0 0.0 0.0 4.0 1.0 11.0 38.0 55.0 0.0 0.0 0.0 0.0 0.0 0.0 0.0 0.0 0.0 0.0 0.0 0.0 0.0 0.0 0.0 0.0 0.0 0.0 0.0 0.0 0.0 0.0 
0.0 0.0 0.0 0.0 0.0 0.0 0.0 0.0 0.0 0.0 0.0 0.0 0.0 0.0 0.0 0.0 0.0 0.0 0.0 0.0 59.0 11.0 24.0 2.0 7.0 1.0 7.0 0.0 0.0 1.0 0.0 0.0 1.0 7.0 0.0 8.0 0.0 2.0 1.0 0.0 2.0 0.0 2.0 1.0 0.0 2.0 1.0 0.0 3.0 2.0 0.0 7.0 2.0 3.0 6.0 2.0 0.0 0.0 1.0 6.0 3.0 0.0 1.0 2.0 0.0 1.0 5.0 3.0 8.0 0.0 8.0 0.0 9.0 0.0 4.0 2.0 48.0 35.0 91.0 0.0 0.0 0.0 0.0 0.0 0.0 0.0 0.0 0.0 0.0 0.0 0.0 0.0 0.0 0.0 0.0 0.0 0.0 0.0 0.0 0.0 
0.0 0.0 0.0 0.0 0.0 0.0 0.0 0.0 0.0 0.0 0.0 0.0 0.0 0.0 0.0 0.0 0.0 0.0 0.0 89.0 7.0 13.0 4.0 0.0 2.0 3.0 3.0 0.0 6.0 7.0 2.0 5.0 1.0 3.0 0.0 1.0 1.0 5.0 3.0 6.0 1.0 1.0 11.0 0.0 8.0 4.0 3.0 0.0 3.0 4.0 0.0 9.0 5.0 0.0 6.0 3.0 0.0 0.0 0.0 2.0 0.0 5.0 2.0 4.0 0.0 1.0 1.0 0.0 4.0 0.0 1.0 1.0 1.0 2.0 0.0 5.0 1.0 21.0 1.0 135.0 0.0 0.0 0.0 0.0 0.0 0.0 0.0 0.0 0.0 0.0 0.0 0.0 0.0 0.0 0.0 0.0 0.0 0.0 0.0 0.0 
0.0 0.0 0.0 0.0 0.0 0.0 0.0 0.0 0.0 0.0 0.0 0.0 0.0 0.0 0.0 0.0 0.0 0.0 127.0 5.0 4.0 0.0 1.0 0.0 0.0 4.0 0.0 3.0 2.0 0.0 1.0 0.0 9.0 8.0 2.0 1.0 3.0 2.0 3.0 6.0 1.0 9.0 0.0 7.0 0.0 3.0 0.0 0.0 1.0 1.0 0.0 2.0 0.0 2.0 7.0 0.0 1.0 1.0 1.0 1.0 3.0 1.0 4.0 0.0 3.0 3.0 1.0 5.0 2.0 8.0 0.0 6.0 0.0 0.0 0.0 2.0 3.0 0.0 3.0 1.0 150.0 0.0 0.0 0.0 0.0 0.0 0.0 0.0 0.0 0.0 0.0 0.0 0.0 0.0 0.0 0.0 0.0 0.0 0.0 0.0 
0.0 0.0 0.0 0.0 0.0 0.0 0.0 0.0 0.0 0.0 0.0 0.0 0.0 0.0 0.0 0.0 0.0 87.0 1.0 1.0 1.0 1.0 4.0 1.0 0.0 1.0 0.0 0.0 0.0 0.0 4.0 5.0 0.0 1.0 1.0 2.0 2.0 4.0 0.0 4.0 3.0 0.0 4.0 6.0 3.0 6.0 3.0 0.0 3.0 1.0 2.0 2.0 0.0 1.0 2.0 0.0 6.0 2.0 0.0 0.0 2.0 1.0 5.0 3.0 6.0 0.0 4.0 5.0 1.0 1.0 0.0 4.0 0.0 3.0 2.0 6.0 2.0 0.0 1.0 5.0 3.0 222.0 0.0 0.0 0.0 0.0 0.0 0.0 0.0 0.0 0.0 0.0 0.0 0.0 0.0 0.0 0.0 0.0 0.0 0.0 
0.0 0.0 0.0 0.0 0.0 0.0 0.0 0.0 0.0 0.0 0.0 0.0 0.0 0.0 0.0 0.0 84.0 9.0 4.0 3.0 2.0 2.0 1.0 0.0 7.0 2.0 2.0 0.0 6.0 0.0 0.0 1.0 2.0 6.0 0.0 0.0 2.0 2.0 3.0 2.0 7.0 2.0 0.0 0.0 0.0 0.0 7.0 0.0 3.0 2.0 0.0 5.0 2.0 1.0 1.0 4.0 1.0 1.0 0.0 4.0 1.0 5.0 0.0 6.0 2.0 2.0 0.0 1.0 4.0 4.0 1.0 0.0 0.0 0.0 0.0 1.0 4.0 3.0 4.0 2.0 3.0 0.0 219.0 0.0 0.0 0.0 0.0 0.0 0.0 0.0 0.0 0.0 0.0 0.0 0.0 0.0 0.0 0.0 0.0 0.0 
0.0 0.0 0.0 0.0 0.0 0.0 0.0 0.0 0.0 0.0 0.0 0.0 0.0 0.0 0.0 65.0 21.0 15.0 0.0 2.0 0.0 2.0 0.0 1.0 0.0 0.0 0.0 4.0 1.0 0.0 3.0 4.0 2.0 1.0 1.0 1.0 0.0 2.0 1.0 1.0 0.0 0.0 0.0 1.0 3.0 0.0 4.0 4.0 0.0 0.0 1.0 8.0 0.0 0.0 3.0 9.0 0.0 0.0 10.0 0.0 3.0 3.0 1.0 3.0 1.0 2.0 5.0 5.0 0.0 4.0 0.0 0.0 0.0 2.0 0.0 2.0 1.0 0.0 0.0 0.0 4.0 0.0 0.0 169.0 0.0 0.0 0.0 0.0 0.0 0.0 0.0 0.0 0.0 0.0 0.0 0.0 0.0 0.0 0.0 0.0 
0.0 0.0 0.0 0.0 0.0 0.0 0.0 0.0 0.0 0.0 0.0 0.0 0.0 0.0 21.0 27.0 35.0 0.0 1.0 0.0 0.0 0.0 1.0 4.0 4.0 1.0 5.0 6.0 4.0 1.0 0.0 1.0 0.0 4.0 0.0 4.0 1.0 2.0 3.0 4.0 0.0 0.0 2.0 6.0 0.0 1.0 0.0 4.0 3.0 1.0 0.0 5.0 4.0 2.0 4.0 2.0 2.0 0.0 1.0 2.0 0.0 0.0 1.0 1.0 2.0 4.0 4.0 5.0 2.0 0.0 0.0 1.0 1.0 0.0 1.0 6.0 18.0 5.0 0.0 1.0 3.0 0.0 2.0 0.0 63.0 0.0 0.0 0.0 0.0 0.0 0.0 0.0 0.0 0.0 0.0 0.0 0.0 0.0 0.0 0.0 
0.0 0.0 0.0 0.0 0.0 0.0 0.0 0.0 0.0 0.0 0.0 0.0 0.0 0.0 211.0 23.0 0.0 0.0 3.0 0.0 0.0 2.0 4.0 0.0 0.0 2.0 0.0 9.0 1.0 2.0 3.0 1.0 3.0 1.0 1.0 2.0 0.0 0.0 1.0 1.0 4.0 2.0 3.0 0.0 3.0 0.0 0.0 1.0 1.0 4.0 3.0 0.0 3.0 0.0 0.0 0.0 3.0 0.0 3.0 0.0 0.0 3.0 7.0 1.0 7.0 1.0 1.0 1.0 0.0 0.0 0.0 2.0 3.0 2.0 1.0 3.0 0.0 2.0 0.0 0.0 0.0 2.0 3.0 3.0 10.0 75.0 0.0 0.0 0.0 0.0 0.0 0.0 0.0 0.0 0.0 0.0 0.0 0.0 0.0 0.0 
0.0 0.0 0.0 0.0 0.0 0.0 0.0 0.0 0.0 0.0 0.0 0.0 0.0 168.0 4.0 0.0 2.0 2.0 1.0 0.0 4.0 0.0 0.0 1.0 2.0 0.0 0.0 2.0 1.0 5.0 1.0 0.0 3.0 2.0 0.0 0.0 0.0 0.0 6.0 2.0 0.0 0.0 2.0 3.0 1.0 2.0 1.0 1.0 5.0 2.0 1.0 0.0 3.0 2.0 0.0 1.0 0.0 2.0 1.0 2.0 4.0 0.0 3.0 0.0 5.0 0.0 0.0 6.0 0.0 1.0 1.0 0.0 2.0 3.0 0.0 1.0 0.0 1.0 0.0 1.0 3.0 0.0 9.0 1.0 5.0 5.0 95.0 0.0 0.0 0.0 0.0 0.0 0.0 0.0 0.0 0.0 0.0 0.0 0.0 0.0 
0.0 0.0 0.0 0.0 0.0 0.0 0.0 0.0 0.0 0.0 0.0 0.0 89.0 0.0 0.0 4.0 0.0 4.0 0.0 7.0 3.0 0.0 3.0 1.0 1.0 3.0 8.0 3.0 4.0 2.0 1.0 3.0 3.0 3.0 2.0 2.0 0.0 2.0 0.0 1.0 0.0 1.0 0.0 3.0 2.0 5.0 4.0 0.0 5.0 8.0 1.0 4.0 0.0 1.0 0.0 4.0 0.0 0.0 0.0 9.0 0.0 8.0 0.0 0.0 1.0 10.0 0.0 0.0 2.0 2.0 0.0 1.0 0.0 10.0 1.0 0.0 1.0 13.0 6.0 0.0 0.0 2.0 2.0 2.0 3.0 4.0 6.0 95.0 0.0 0.0 0.0 0.0 0.0 0.0 0.0 0.0 0.0 0.0 0.0 0.0 
0.0 0.0 0.0 0.0 0.0 0.0 0.0 0.0 0.0 0.0 0.0 67.0 3.0 2.0 0.0 1.0 0.0 1.0 1.0 3.0 1.0 0.0 0.0 0.0 1.0 0.0 3.0 0.0 3.0 0.0 0.0 2.0 3.0 4.0 0.0 4.0 3.0 2.0 6.0 3.0 1.0 2.0 1.0 4.0 0.0 8.0 4.0 2.0 5.0 3.0 1.0 3.0 0.0 0.0 11.0 1.0 3.0 3.0 5.0 1.0 6.0 1.0 6.0 0.0 7.0 1.0 3.0 0.0 2.0 1.0 2.0 0.0 2.0 1.0 4.0 0.0 3.0 2.0 2.0 12.0 0.0 5.0 0.0 4.0 2.0 1.0 10.0 4.0 79.0 0.0 0.0 0.0 0.0 0.0 0.0 0.0 0.0 0.0 0.0 0.0 
0.0 0.0 0.0 0.0 0.0 0.0 0.0 0.0 0.0 0.0 100.0 2.0 4.0 6.0 2.0 0.0 2.0 0.0 0.0 5.0 4.0 0.0 2.0 4.0 1.0 0.0 0.0 2.0 1.0 1.0 3.0 1.0 7.0 1.0 3.0 0.0 1.0 1.0 0.0 0.0 0.0 0.0 1.0 1.0 5.0 2.0 2.0 0.0 0.0 2.0 0.0 6.0 0.0 1.0 1.0 7.0 4.0 5.0 1.0 0.0 0.0 1.0 0.0 6.0 2.0 7.0 0.0 4.0 0.0 5.0 0.0 6.0 7.0 5.0 1.0 9.0 0.0 2.0 0.0 0.0 4.0 1.0 1.0 1.0 0.0 1.0 1.0 7.0 17.0 26.0 0.0 0.0 0.0 0.0 0.0 0.0 0.0 0.0 0.0 0.0 
0.0 0.0 0.0 0.0 0.0 0.0 0.0 0.0 0.0 72.0 10.0 1.0 2.0 2.0 6.0 0.0 1.0 8.0 2.0 4.0 2.0 2.0 2.0 6.0 0.0 1.0 0.0 2.0 5.0 1.0 8.0 2.0 1.0 1.0 1.0 3.0 0.0 0.0 2.0 2.0 2.0 5.0 0.0 3.0 2.0 2.0 1.0 2.0 0.0 2.0 4.0 0.0 2.0 3.0 2.0 4.0 2.0 0.0 4.0 1.0 0.0 2.0 1.0 1.0 0.0 3.0 1.0 0.0 0.0 3.0 2.0 2.0 1.0 1.0 4.0 1.0 0.0 4.0 4.0 0.0 0.0 2.0 0.0 4.0 11.0 5.0 3.0 1.0 36.0 116.0 6.0 0.0 0.0 0.0 0.0 0.0 0.0 0.0 0.0 0.0 
0.0 0.0 0.0 0.0 0.0 0.0 0.0 0.0 23.0 33.0 20.0 1.0 1.0 7.0 2.0 4.0 0.0 0.0 4.0 0.0 9.0 2.0 5.0 0.0 1.0 0.0 1.0 5.0 4.0 0.0 0.0 0.0 2.0 0.0 1.0 1.0 1.0 1.0 3.0 0.0 1.0 1.0 3.0 2.0 0.0 3.0 0.0 6.0 4.0 6.0 2.0 0.0 7.0 1.0 0.0 2.0 3.0 0.0 4.0 1.0 0.0 0.0 8.0 1.0 4.0 0.0 0.0 1.0 1.0 2.0 3.0 3.0 0.0 3.0 0.0 0.0 2.0 4.0 2.0 2.0 4.0 2.0 4.0 1.0 0.0 5.0 0.0 1.0 1.0 8.0 129.0 0.0 0.0 0.0 0.0 0.0 0.0 0.0 0.0 0.0 
0.0 0.0 0.0 0.0 0.0 0.0 0.0 0.0 98.0 24.0 1.0 6.0 3.0 4.0 10.0 0.0 0.0 0.0 4.0 2.0 6.0 8.0 0.0 1.0 1.0 6.0 3.0 4.0 1.0 0.0 2.0 0.0 1.0 0.0 0.0 1.0 3.0 8.0 0.0 0.0 2.0 8.0 0.0 0.0 2.0 1.0 1.0 2.0 0.0 1.0 2.0 1.0 0.0 0.0 0.0 4.0 4.0 2.0 0.0 7.0 1.0 0.0 2.0 3.0 4.0 6.0 1.0 0.0 2.0 1.0 4.0 5.0 0.0 2.0 6.0 0.0 2.0 6.0 6.0 0.0 6.0 3.0 3.0 1.0 0.0 5.0 0.0 0.0 0.0 5.0 2.0 46.0 0.0 0.0 0.0 0.0 0.0 0.0 0.0 0.0 
0.0 0.0 0.0 0.0 0.0 0.0 0.0 26.0 13.0 3.0 0.0 0.0 1.0 0.0 1.0 6.0 1.0 1.0 3.0 1.0 0.0 2.0 2.0 0.0 2.0 0.0 3.0 0.0 0.0 2.0 1.0 0.0 0.0 6.0 4.0 7.0 1.0 1.0 2.0 2.0 1.0 5.0 0.0 1.0 4.0 0.0 2.0 0.0 1.0 0.0 3.0 0.0 2.0 0.0 2.0 4.0 0.0 0.0 5.0 0.0 2.0 5.0 0.0 0.0 4.0 2.0 4.0 0.0 1.0 4.0 3.0 4.0 0.0 2.0 6.0 2.0 1.0 0.0 1.0 0.0 0.0 1.0 2.0 2.0 5.0 1.0 1.0 0.0 6.0 2.0 4.0 131.0 0.0 0.0 0.0 0.0 0.0 0.0 0.0 0.0 
0.0 0.0 0.0 0.0 0.0 0.0 0.0 90.0 4.0 1.0 0.0 1.0 0.0 1.0 1.0 6.0 0.0 4.0 0.0 3.0 10.0 1.0 1.0 8.0 4.0 0.0 1.0 1.0 2.0 0.0 1.0 1.0 0.0 0.0 2.0 6.0 1.0 0.0 2.0 8.0 0.0 2.0 0.0 6.0 9.0 1.0 0.0 0.0 6.0 2.0 0.0 6.0 1.0 1.0 1.0 1.0 6.0 0.0 1.0 4.0 2.0 0.0 1.0 0.0 4.0 2.0 2.0 1.0 4.0 0.0 0.0 5.0 1.0 0.0 1.0 1.0 6.0 9.0 2.0 2.0 4.0 1.0 0.0 7.0 1.0 3.0 2.0 3.0 2.0 5.0 10.0 11.0 31.0 0.0 0.0 0.0 0.0 0.0 0.0 0.0 
0.0 0.0 0.0 0.0 0.0 0.0 20.0 57.0 21.0 3.0 1.0 0.0 1.0 2.0 1.0 1.0 2.0 2.0 7.0 0.0 0.0 0.0 3.0 2.0 0.0 5.0 5.0 6.0 1.0 1.0 1.0 1.0 0.0 1.0 0.0 3.0 2.0 0.0 8.0 2.0 0.0 1.0 6.0 5.0 9.0 1.0 3.0 1.0 0.0 0.0 4.0 0.0 0.0 13.0 1.0 3.0 4.0 0.0 1.0 1.0 5.0 0.0 0.0 2.0 1.0 2.0 1.0 1.0 2.0 5.0 0.0 8.0 2.0 3.0 2.0 3.0 1.0 3.0 0.0 0.0 2.0 2.0 0.0 5.0 4.0 1.0 0.0 0.0 0.0 2.0 1.0 2.0 123.0 0.0 0.0 0.0 0.0 0.0 0.0 0.0 
0.0 0.0 0.0 0.0 0.0 0.0 99.0 18.0 3.0 0.0 1.0 0.0 1.0 4.0 10.0 2.0 0.0 2.0 2.0 7.0 2.0 4.0 2.0 0.0 2.0 0.0 1.0 1.0 1.0 0.0 3.0 1.0 3.0 0.0 2.0 0.0 0.0 1.0 2.0 8.0 0.0 6.0 1.0 4.0 9.0 3.0 3.0 7.0 6.0 0.0 0.0 3.0 0.0 0.0 5.0 4.0 0.0 5.0 4.0 0.0 0.0 0.0 1.0 4.0 5.0 2.0 2.0 2.0 0.0 2.0 4.0 3.0 2.0 1.0 2.0 0.0 0.0 3.0 5.0 2.0 4.0 1.0 3.0 4.0 1.0 4.0 0.0 3.0 0.0 2.0 2.0 10.0 9.0 46.0 0.0 0.0 0.0 0.0 0.0 0.0 
0.0 0.0 0.0 0.0 0.0 0.0 217.0 7.0 2.0 7.0 4.0 0.0 0.0 0.0 1.0 2.0 4.0 0.0 2.0 2.0 1.0 2.0 2.0 7.0 0.0 0.0 1.0 8.0 0.0 0.0 0.0 2.0 2.0 3.0 0.0 1.0 0.0 5.0 1.0 2.0 3.0 0.0 1.0 4.0 0.0 5.0 5.0 0.0 1.0 3.0 7.0 2.0 0.0 3.0 8.0 4.0 0.0 7.0 0.0 0.0 5.0 6.0 1.0 5.0 4.0 1.0 0.0 4.0 3.0 2.0 1.0 2.0 2.0 2.0 3.0 5.0 4.0 1.0 2.0 0.0 0.0 3.0 4.0 5.0 2.0 1.0 0.0 6.0 1.0 3.0 2.0 0.0 6.0 172.0 0.0 0.0 0.0 0.0 0.0 0.0 
0.0 0.0 0.0 0.0 0.0 96.0 1.0 1.0 3.0 0.0 5.0 2.0 1.0 4.0 2.0 5.0 0.0 0.0 0.0 3.0 0.0 0.0 7.0 1.0 3.0 4.0 2.0 1.0 3.0 0.0 1.0 5.0 0.0 0.0 0.0 4.0 0.0 4.0 0.0 2.0 0.0 6.0 3.0 0.0 2.0 1.0 0.0 0.0 0.0 0.0 2.0 1.0 1.0 3.0 3.0 0.0 5.0 1.0 3.0 7.0 0.0 0.0 2.0 12.0 1.0 1.0 1.0 1.0 6.0 0.0 6.0 2.0 2.0 6.0 6.0 2.0 1.0 0.0 8.0 3.0 4.0 5.0 0.0 1.0 0.0 9.0 1.0 0.0 0.0 1.0 0.0 4.0 2.0 3.0 52.0 0.0 0.0 0.0 0.0 0.0 
0.0 0.0 0.0 0.0 24.0 21.0 14.0 2.0 1.0 3.0 1.0 5.0 3.0 1.0 0.0 8.0 0.0 8.0 12.0 4.0 7.0 4.0 7.0 3.0 0.0 4.0 0.0 0.0 2.0 1.0 1.0 0.0 2.0 3.0 3.0 1.0 6.0 0.0 5.0 0.0 4.0 0.0 1.0 1.0 4.0 2.0 1.0 4.0 0.0 0.0 4.0 3.0 1.0 0.0 5.0 0.0 0.0 1.0 0.0 4.0 7.0 1.0 1.0 0.0 0.0 1.0 4.0 1.0 1.0 1.0 3.0 2.0 1.0 0.0 0.0 7.0 1.0 9.0 2.0 0.0 1.0 0.0 4.0 0.0 2.0 0.0 4.0 2.0 0.0 0.0 4.0 0.0 1.0 0.0 179.0 0.0 0.0 0.0 0.0 0.0 
0.0 0.0 0.0 0.0 71.0 12.0 1.0 0.0 2.0 2.0 5.0 1.0 3.0 0.0 0.0 0.0 0.0 4.0 1.0 3.0 0.0 2.0 0.0 1.0 4.0 0.0 2.0 1.0 6.0 5.0 2.0 0.0 2.0 1.0 0.0 2.0 2.0 4.0 0.0 3.0 0.0 0.0 5.0 4.0 6.0 0.0 0.0 0.0 1.0 1.0 2.0 4.0 0.0 0.0 0.0 0.0 2.0 1.0 1.0 1.0 0.0 2.0 0.0 0.0 0.0 0.0 0.0 0.0 2.0 0.0 3.0 0.0 1.0 1.0 3.0 0.0 1.0 1.0 2.0 4.0 1.0 3.0 0.0 3.0 0.0 0.0 3.0 0.0 2.0 0.0 2.0 4.0 2.0 4.0 5.0 43.0 0.0 0.0 0.0 0.0 
0.0 0.0 0.0 0.0 58.0 1.0 0.0 3.0 1.0 4.0 1.0 6.0 0.0 1.0 0.0 0.0 0.0 1.0 5.0 0.0 1.0 1.0 0.0 1.0 1.0 0.0 3.0 3.0 0.0 0.0 1.0 0.0 1.0 5.0 1.0 0.0 3.0 1.0 1.0 0.0 2.0 3.0 1.0 2.0 3.0 0.0 1.0 2.0 4.0 0.0 3.0 7.0 0.0 5.0 1.0 0.0 8.0 0.0 6.0 0.0 0.0 6.0 2.0 0.0 0.0 7.0 2.0 1.0 1.0 2.0 0.0 9.0 2.0 0.0 0.0 2.0 0.0 5.0 0.0 7.0 1.0 4.0 2.0 0.0 0.0 0.0 0.0 1.0 3.0 5.0 0.0 5.0 3.0 1.0 6.0 80.0 0.0 0.0 0.0 0.0 
0.0 0.0 0.0 0.0 180.0 1.0 1.0 0.0 4.0 0.0 2.0 3.0 1.0 5.0 2.0 2.0 0.0 0.0 1.0 0.0 2.0 2.0 0.0 2.0 3.0 0.0 2.0 2.0 4.0 0.0 0.0 2.0 0.0 0.0 1.0 4.0 6.0 0.0 0.0 1.0 1.0 0.0 3.0 1.0 3.0 1.0 0.0 0.0 0.0 0.0 2.0 0.0 3.0 4.0 0.0 7.0 0.0 5.0 3.0 5.0 2.0 0.0 0.0 4.0 1.0 1.0 0.0 0.0 0.0 5.0 1.0 2.0 0.0 2.0 0.0 3.0 0.0 10.0 2.0 4.0 1.0 3.0 0.0 0.0 0.0 6.0 4.0 1.0 2.0 0.0 2.0 0.0 0.0 1.0 2.0 174.0 0.0 0.0 0.0 0.0 
0.0 0.0 0.0 50.0 1.0 1.0 0.0 4.0 3.0 6.0 1.0 0.0 6.0 0.0 2.0 4.0 0.0 0.0 2.0 0.0 3.0 0.0 0.0 0.0 2.0 2.0 0.0 4.0 0.0 0.0 0.0 2.0 0.0 0.0 1.0 1.0 4.0 3.0 3.0 0.0 0.0 0.0 1.0 1.0 5.0 0.0 0.0 3.0 2.0 1.0 12.0 1.0 4.0 2.0 0.0 0.0 4.0 2.0 0.0 0.0 0.0 2.0 2.0 0.0 1.0 1.0 0.0 1.0 1.0 3.0 3.0 0.0 1.0 0.0 1.0 1.0 1.0 0.0 0.0 0.0 0.0 8.0 0.0 1.0 1.0 0.0 5.0 2.0 1.0 3.0 2.0 6.0 1.0 0.0 5.0 4.0 41.0 0.0 0.0 0.0 
0.0 0.0 0.0 62.0 1.0 6.0 0.0 1.0 0.0 6.0 0.0 3.0 1.0 0.0 1.0 1.0 4.0 1.0 1.0 5.0 7.0 5.0 5.0 2.0 4.0 0.0 1.0 2.0 4.0 0.0 1.0 1.0 1.0 1.0 2.0 2.0 1.0 5.0 1.0 0.0 0.0 1.0 0.0 3.0 4.0 2.0 2.0 0.0 8.0 0.0 0.0 2.0 2.0 2.0 1.0 0.0 7.0 0.0 6.0 2.0 4.0 0.0 3.0 3.0 0.0 6.0 2.0 3.0 1.0 0.0 5.0 11.0 1.0 1.0 2.0 0.0 0.0 6.0 0.0 1.0 0.0 1.0 6.0 1.0 2.0 1.0 2.0 2.0 4.0 3.0 2.0 0.0 3.0 0.0 6.0 4.0 64.0 0.0 0.0 0.0 
0.0 0.0 0.0 122.0 3.0 0.0 0.0 3.0 1.0 1.0 3.0 1.0 1.0 2.0 4.0 2.0 3.0 1.0 9.0 1.0 0.0 0.0 7.0 10.0 4.0 3.0 2.0 2.0 9.0 2.0 0.0 1.0 2.0 0.0 2.0 1.0 1.0 4.0 4.0 5.0 0.0 0.0 2.0 5.0 1.0 3.0 0.0 3.0 0.0 0.0 0.0 1.0 2.0 1.0 2.0 0.0 1.0 0.0 0.0 4.0 1.0 5.0 0.0 2.0 0.0 1.0 2.0 0.0 2.0 3.0 3.0 0.0 4.0 4.0 3.0 1.0 2.0 1.0 5.0 0.0 3.0 0.0 2.0 1.0 0.0 4.0 4.0 0.0 1.0 2.0 15.0 0.0 2.0 0.0 1.0 2.0 115.0 0.0 0.0 0.0 
0.0 0.0 0.0 153.0 0.0 5.0 4.0 2.0 1.0 1.0 3.0 0.0 5.0 9.0 2.0 4.0 8.0 2.0 0.0 1.0 0.0 0.0 6.0 3.0 0.0 1.0 7.0 5.0 0.0 1.0 3.0 3.0 3.0 0.0 4.0 0.0 1.0 0.0 3.0 2.0 0.0 2.0 1.0 3.0 6.0 0.0 1.0 2.0 4.0 2.0 3.0 1.0 1.0 1.0 2.0 3.0 2.0 2.0 0.0 2.0 4.0 1.0 2.0 1.0 0.0 4.0 7.0 0.0 0.0 1.0 2.0 0.0 0.0 2.0 7.0 1.0 0.0 2.0 0.0 1.0 1.0 2.0 1.0 1.0 1.0 2.0 3.0 1.0 1.0 7.0 0.0 2.0 1.0 0.0 3.0 2.0 197.0 0.0 0.0 0.0 
0.0 0.0 0.0 163.0 1.0 0.0 2.0 0.0 2.0 0.0 0.0 3.0 0.0 6.0 3.0 0.0 0.0 2.0 8.0 2.0 0.0 2.0 1.0 1.0 1.0 3.0 0.0 5.0 8.0 2.0 6.0 2.0 2.0 0.0 0.0 0.0 5.0 0.0 1.0 5.0 2.0 3.0 0.0 7.0 1.0 2.0 1.0 3.0 1.0 5.0 5.0 10.0 5.0 1.0 1.0 0.0 0.0 0.0 0.0 0.0 1.0 0.0 0.0 3.0 4.0 0.0 1.0 0.0 3.0 10.0 0.0 4.0 0.0 7.0 0.0 1.0 4.0 1.0 0.0 2.0 5.0 1.0 0.0 2.0 2.0 2.0 4.0 1.0 0.0 2.0 1.0 11.0 1.0 0.0 5.0 4.0 7.0 34.0 0.0 0.0 
0.0 0.0 21.0 30.0 12.0 0.0 0.0 8.0 2.0 4.0 7.0 4.0 0.0 2.0 4.0 6.0 0.0 2.0 0.0 0.0 3.0 1.0 2.0 1.0 0.0 6.0 2.0 2.0 2.0 6.0 3.0 0.0 0.0 1.0 1.0 4.0 1.0 2.0 0.0 2.0 2.0 3.0 3.0 1.0 0.0 7.0 6.0 1.0 1.0 3.0 1.0 0.0 6.0 0.0 2.0 3.0 0.0 4.0 4.0 2.0 3.0 2.0 3.0 0.0 4.0 0.0 11.0 3.0 7.0 2.0 2.0 3.0 0.0 3.0 5.0 0.0 0.0 0.0 4.0 0.0 1.0 0.0 1.0 0.0 3.0 6.0 0.0 2.0 1.0 1.0 0.0 0.0 5.0 3.0 0.0 5.0 5.0 27.0 0.0 0.0 
0.0 0.0 31.0 40.0 6.0 1.0 0.0 8.0 1.0 0.0 2.0 5.0 4.0 2.0 0.0 1.0 2.0 1.0 2.0 0.0 2.0 0.0 0.0 1.0 2.0 0.0 1.0 0.0 1.0 0.0 0.0 0.0 3.0 0.0 4.0 0.0 1.0 5.0 10.0 1.0 7.0 9.0 2.0 11.0 2.0 1.0 2.0 2.0 1.0 0.0 2.0 5.0 1.0 0.0 1.0 0.0 1.0 5.0 5.0 3.0 0.0 0.0 0.0 5.0 1.0 1.0 2.0 2.0 2.0 2.0 1.0 0.0 0.0 1.0 3.0 0.0 0.0 0.0 2.0 4.0 3.0 0.0 1.0 3.0 1.0 1.0 1.0 2.0 0.0 1.0 0.0 0.0 2.0 5.0 1.0 0.0 229.0 0.0 0.0 0.0 
0.0 0.0 20.0 23.0 9.0 2.0 5.0 1.0 1.0 1.0 0.0 4.0 1.0 6.0 3.0 2.0 2.0 0.0 1.0 0.0 0.0 3.0 5.0 3.0 4.0 2.0 5.0 0.0 0.0 0.0 0.0 0.0 4.0 0.0 4.0 1.0 2.0 1.0 4.0 7.0 0.0 0.0 2.0 0.0 4.0 0.0 6.0 1.0 2.0 3.0 0.0 0.0 2.0 9.0 1.0 3.0 2.0 0.0 0.0 2.0 2.0 0.0 0.0 2.0 0.0 2.0 1.0 4.0 0.0 5.0 3.0 0.0 5.0 7.0 0.0 4.0 5.0 0.0 1.0 0.0 3.0 3.0 4.0 3.0 2.0 0.0 1.0 0.0 0.0 3.0 3.0 2.0 5.0 0.0 2.0 19.0 56.0 25.0 0.0 0.0 
0.0 0.0 56.0 14.0 2.0 0.0 0.0 3.0 5.0 6.0 1.0 0.0 0.0 1.0 4.0 0.0 0.0 4.0 1.0 2.0 1.0 1.0 1.0 1.0 2.0 0.0 7.0 0.0 0.0 4.0 2.0 0.0 0.0 5.0 2.0 0.0 6.0 0.0 2.0 0.0 2.0 2.0 1.0 0.0 2.0 2.0 1.0 3.0 0.0 2.0 1.0 3.0 6.0 2.0 1.0 2.0 1.0 9.0 6.0 1.0 1.0 0.0 0.0 4.0 2.0 0.0 1.0 0.0 2.0 1.0 6.0 1.0 6.0 0.0 1.0 4.0 0.0 7.0 1.0 0.0 0.0 0.0 2.0 0.0 0.0 3.0 1.0 1.0 3.0 0.0 2.0 1.0 2.0 1.0 1.0 12.0 32.0 24.0 0.0 0.0 
0.0 0.0 45.0 5.0 3.0 2.0 4.0 3.0 3.0 1.0 2.0 1.0 1.0 7.0 1.0 0.0 1.0 8.0 0.0 4.0 0.0 5.0 1.0 0.0 0.0 4.0 0.0 13.0 2.0 5.0 0.0 12.0 1.0 2.0 5.0 1.0 2.0 0.0 3.0 0.0 5.0 7.0 4.0 1.0 0.0 2.0 0.0 1.0 2.0 1.0 1.0 5.0 0.0 3.0 1.0 1.0 2.0 1.0 0.0 0.0 0.0 6.0 0.0 2.0 0.0 0.0 2.0 0.0 0.0 0.0 0.0 3.0 1.0 1.0 0.0 3.0 1.0 2.0 4.0 5.0 0.0 0.0 1.0 2.0 3.0 3.0 3.0 2.0 2.0 12.0 0.0 1.0 0.0 2.0 3.0 7.0 14.0 48.0 0.0 0.0 
0.0 0.0 114.0 2.0 0.0 2.0 0.0 1.0 0.0 4.0 1.0 0.0 1.0 0.0 4.0 3.0 0.0 3.0 0.0 0.0 0.0 7.0 1.0 5.0 6.0 0.0 4.0 9.0 0.0 0.0 2.0 7.0 3.0 0.0 0.0 3.0 0.0 2.0 4.0 3.0 3.0 0.0 0.0 1.0 0.0 3.0 2.0 6.0 1.0 0.0 0.0 4.0 0.0 0.0 3.0 0.0 6.0 3.0 4.0 1.0 2.0 1.0 1.0 4.0 0.0 0.0 0.0 0.0 0.0 0.0 1.0 1.0 6.0 2.0 1.0 3.0 0.0 1.0 0.0 2.0 1.0 2.0 6.0 0.0 0.0 2.0 2.0 1.0 1.0 1.0 3.0 1.0 1.0 0.0 0.0 9.0 21.0 27.0 0.0 0.0 
0.0 11.0 98.0 13.0 0.0 0.0 3.0 0.0 9.0 5.0 5.0 0.0 0.0 6.0 2.0 0.0 1.0 0.0 0.0 3.0 1.0 1.0 1.0 0.0 0.0 2.0 3.0 0.0 0.0 6.0 7.0 1.0 2.0 3.0 1.0 0.0 2.0 0.0 0.0 4.0 4.0 3.0 1.0 2.0 0.0 4.0 0.0 0.0 3.0 0.0 0.0 6.0 1.0 0.0 1.0 5.0 4.0 6.0 0.0 0.0 1.0 2.0 2.0 4.0 5.0 5.0 4.0 0.0 7.0 1.0 3.0 1.0 11.0 1.0 5.0 0.0 1.0 0.0 2.0 1.0 3.0 2.0 0.0 2.0 1.0 3.0 0.0 4.0 2.0 2.0 0.0 0.0 1.0 0.0 2.0 22.0 55.0 26.0 0.0 0.0 
0.0 0.0 128.0 0.0 1.0 1.0 10.0 1.0 1.0 0.0 0.0 6.0 2.0 0.0 3.0 1.0 8.0 1.0 5.0 0.0 8.0 4.0 0.0 3.0 3.0 6.0 1.0 6.0 0.0 5.0 2.0 0.0 0.0 7.0 1.0 6.0 1.0 0.0 2.0 3.0 3.0 0.0 0.0 10.0 1.0 1.0 0.0 2.0 1.0 0.0 1.0 0.0 0.0 0.0 0.0 1.0 7.0 2.0 1.0 2.0 5.0 1.0 5.0 6.0 2.0 2.0 0.0 7.0 1.0 2.0 0.0 0.0 0.0 1.0 4.0 1.0 2.0 0.0 0.0 8.0 1.0 0.0 7.0 0.0 1.0 2.0 5.0 1.0 3.0 1.0 9.0 3.0 3.0 0.0 7.0 24.0 40.0 21.0 0.0 0.0 
0.0 0.0 109.0 0.0 1.0 2.0 2.0 0.0 1.0 0.0 1.0 1.0 0.0 1.0 6.0 8.0 1.0 1.0 0.0 0.0 1.0 4.0 5.0 1.0 2.0 2.0 1.0 0.0 7.0 1.0 1.0 0.0 0.0 0.0 4.0 1.0 4.0 3.0 3.0 5.0 4.0 3.0 6.0 2.0 3.0 0.0 2.0 2.0 3.0 1.0 6.0 1.0 2.0 3.0 0.0 0.0 0.0 2.0 1.0 4.0 1.0 4.0 0.0 1.0 5.0 3.0 1.0 1.0 3.0 6.0 4.0 0.0 0.0 3.0 0.0 1.0 0.0 2.0 0.0 1.0 1.0 7.0 0.0 1.0 11.0 0.0 0.0 0.0 0.0 5.0 0.0 2.0 0.0 3.0 2.0 11.0 108.0 0.0 0.0 0.0 
0.0 0.0 135.0 1.0 0.0 2.0 4.0 1.0 2.0 2.0 3.0 2.0 0.0 6.0 1.0 1.0 3.0 1.0 2.0 2.0 8.0 1.0 0.0 4.0 3.0 1.0 2.0 6.0 4.0 0.0 0.0 0.0 3.0 0.0 2.0 0.0 2.0 4.0 0.0 3.0 2.0 0.0 0.0 0.0 0.0 2.0 0.0 5.0 6.0 2.0 1.0 1.0 2.0 4.0 3.0 1.0 0.0 0.0 2.0 4.0 5.0 0.0 4.0 1.0 0.0 0.0 0.0 2.0 0.0 1.0 0.0 1.0 0.0 4.0 3.0 0.0 2.0 0.0 1.0 0.0 2.0 0.0 1.0 7.0 0.0 5.0 3.0 3.0 5.0 4.0 2.0 0.0 1.0 1.0 6.0 31.0 23.0 0.0 0.0 0.0 
0.0 0.0 92.0 6.0 0.0 2.0 2.0 0.0 2.0 1.0 2.0 0.0 2.0 0.0 2.0 1.0 2.0 0.0 1.0 3.0 0.0 1.0 0.0 0.0 1.0 2.0 0.0 0.0 2.0 0.0 0.0 6.0 9.0 0.0 1.0 2.0 3.0 1.0 1.0 4.0 1.0 7.0 1.0 2.0 6.0 0.0 1.0 0.0 2.0 0.0 1.0 3.0 1.0 3.0 0.0 1.0 3.0 1.0 1.0 0.0 1.0 1.0 0.0 8.0 2.0 1.0 2.0 1.0 0.0 1.0 0.0 2.0 0.0 0.0 4.0 2.0 3.0 0.0 1.0 0.0 2.0 2.0 7.0 1.0 10.0 4.0 0.0 0.0 3.0 2.0 0.0 0.0 4.0 1.0 29.0 41.0 26.0 0.0 0.0 0.0 
0.0 0.0 47.0 5.0 1.0 3.0 3.0 3.0 5.0 4.0 3.0 4.0 0.0 9.0 0.0 2.0 1.0 0.0 2.0 2.0 3.0 4.0 1.0 5.0 5.0 1.0 4.0 4.0 0.0 12.0 2.0 0.0 6.0 4.0 0.0 0.0 0.0 0.0 3.0 2.0 1.0 6.0 0.0 0.0 0.0 2.0 0.0 0.0 0.0 1.0 5.0 0.0 4.0 6.0 2.0 6.0 0.0 2.0 3.0 1.0 3.0 0.0 8.0 2.0 1.0 1.0 4.0 1.0 7.0 4.0 7.0 2.0 1.0 3.0 1.0 0.0 0.0 0.0 1.0 2.0 0.0 1.0 4.0 1.0 1.0 0.0 2.0 6.0 2.0 2.0 0.0 4.0 4.0 1.0 4.0 41.0 20.0 0.0 0.0 0.0 
0.0 0.0 29.0 26.0 5.0 1.0 0.0 1.0 0.0 6.0 5.0 3.0 0.0 5.0 2.0 2.0 1.0 4.0 0.0 0.0 0.0 4.0 0.0 4.0 0.0 0.0 0.0 0.0 0.0 3.0 0.0 2.0 0.0 3.0 4.0 2.0 2.0 4.0 0.0 2.0 2.0 3.0 0.0 6.0 3.0 3.0 1.0 1.0 6.0 3.0 1.0 3.0 1.0 7.0 4.0 0.0 2.0 3.0 3.0 1.0 1.0 2.0 0.0 4.0 2.0 2.0 1.0 1.0 0.0 2.0 1.0 2.0 2.0 0.0 0.0 2.0 4.0 0.0 0.0 1.0 2.0 0.0 3.0 1.0 0.0 3.0 2.0 1.0 1.0 5.0 0.0 0.0 1.0 0.0 15.0 46.0 28.0 0.0 0.0 0.0 
0.0 0.0 27.0 48.0 20.0 1.0 1.0 0.0 5.0 0.0 3.0 1.0 7.0 1.0 2.0 0.0 7.0 0.0 7.0 1.0 3.0 3.0 0.0 4.0 0.0 0.0 4.0 0.0 1.0 7.0 1.0 0.0 1.0 2.0 2.0 1.0 1.0 1.0 0.0 2.0 2.0 0.0 8.0 0.0 4.0 1.0 3.0 3.0 2.0 5.0 3.0 0.0 0.0 5.0 2.0 0.0 0.0 0.0 2.0 0.0 3.0 1.0 2.0 3.0 0.0 0.0 2.0 8.0 0.0 1.0 0.0 3.0 3.0 4.0 8.0 1.0 0.0 0.0 2.0 2.0 0.0 2.0 2.0 1.0 2.0 0.0 1.0 1.0 1.0 2.0 1.0 1.0 4.0 0.0 12.0 127.0 10.0 0.0 0.0 0.0 
0.0 0.0 0.0 203.0 0.0 1.0 5.0 1.0 1.0 2.0 1.0 1.0 1.0 1.0 1.0 0.0 6.0 4.0 0.0 2.0 1.0 2.0 1.0 1.0 1.0 0.0 8.0 2.0 2.0 0.0 0.0 4.0 3.0 1.0 3.0 0.0 6.0 4.0 1.0 11.0 2.0 1.0 1.0 2.0 1.0 4.0 0.0 1.0 0.0 0.0 3.0 4.0 1.0 2.0 6.0 0.0 2.0 4.0 2.0 2.0 1.0 4.0 0.0 3.0 2.0 0.0 0.0 1.0 2.0 0.0 2.0 12.0 1.0 0.0 2.0 0.0 1.0 3.0 3.0 1.0 5.0 0.0 7.0 2.0 0.0 0.0 1.0 2.0 4.0 4.0 0.0 0.0 0.0 1.0 16.0 38.0 19.0 0.0 0.0 0.0 
0.0 0.0 12.0 100.0 9.0 0.0 1.0 0.0 4.0 2.0 1.0 3.0 1.0 3.0 0.0 2.0 0.0 1.0 0.0 1.0 3.0 2.0 3.0 0.0 1.0 0.0 2.0 0.0 0.0 1.0 12.0 2.0 0.0 2.0 0.0 1.0 3.0 1.0 3.0 2.0 0.0 4.0 0.0 1.0 0.0 0.0 4.0 0.0 1.0 0.0 3.0 0.0 1.0 1.0 3.0 0.0 0.0 2.0 3.0 0.0 0.0 7.0 0.0 0.0 5.0 0.0 2.0 0.0 4.0 1.0 4.0 2.0 3.0 2.0 2.0 2.0 6.0 2.0 4.0 3.0 0.0 7.0 1.0 14.0 4.0 5.0 4.0 1.0 3.0 11.0 0.0 4.0 4.0 0.0 10.0 24.0 19.0 0.0 0.0 0.0 
0.0 0.0 0.0 120.0 0.0 0.0 0.0 1.0 1.0 0.0 2.0 2.0 0.0 0.0 6.0 0.0 8.0 3.0 5.0 2.0 4.0 4.0 2.0 2.0 0.0 0.0 1.0 2.0 1.0 1.0 0.0 4.0 1.0 5.0 4.0 3.0 6.0 1.0 1.0 0.0 2.0 0.0 2.0 0.0 1.0 1.0 3.0 4.0 0.0 0.0 0.0 0.0 0.0 0.0 0.0 2.0 0.0 4.0 3.0 1.0 1.0 2.0 3.0 4.0 1.0 1.0 3.0 0.0 3.0 0.0 0.0 0.0 4.0 7.0 1.0 0.0 3.0 4.0 3.0 0.0 0.0 1.0 1.0 0.0 0.0 4.0 2.0 1.0 1.0 2.0 1.0 1.0 3.0 3.0 4.0 82.0 0.0 0.0 0.0 0.0 
0.0 0.0 0.0 80.0 22.0 2.0 0.0 1.0 1.0 7.0 2.0 3.0 0.0 0.0 0.0 0.0 3.0 6.0 1.0 4.0 0.0 6.0 1.0 4.0 3.0 6.0 1.0 1.0 1.0 0.0 5.0 4.0 1.0 1.0 0.0 1.0 0.0 7.0 5.0 6.0 3.0 3.0 0.0 3.0 3.0 1.0 0.0 0.0 0.0 5.0 0.0 4.0 2.0 8.0 0.0 1.0 0.0 2.0 0.0 0.0 2.0 2.0 1.0 1.0 1.0 4.0 0.0 3.0 0.0 0.0 4.0 3.0 4.0 2.0 4.0 0.0 5.0 1.0 9.0 1.0 0.0 3.0 1.0 8.0 0.0 0.0 0.0 3.0 4.0 6.0 4.0 2.0 0.0 2.0 1.0 40.0 0.0 0.0 0.0 0.0 
0.0 0.0 0.0 25.0 49.0 33.0 1.0 5.0 2.0 5.0 0.0 1.0 4.0 0.0 5.0 1.0 1.0 4.0 2.0 4.0 2.0 2.0 0.0 2.0 3.0 3.0 6.0 5.0 4.0 3.0 1.0 4.0 6.0 0.0 2.0 3.0 5.0 2.0 5.0 2.0 7.0 3.0 1.0 4.0 0.0 4.0 0.0 8.0 0.0 0.0 0.0 1.0 2.0 5.0 0.0 3.0 2.0 1.0 4.0 0.0 0.0 0.0 3.0 1.0 4.0 1.0 0.0 1.0 2.0 2.0 0.0 2.0 4.0 0.0 2.0 0.0 3.0 0.0 0.0 0.0 7.0 0.0 4.0 0.0 0.0 4.0 4.0 4.0 0.0 1.0 4.0 0.0 5.0 5.0 175.0 0.0 0.0 0.0 0.0 0.0 
0.0 0.0 0.0 18.0 88.0 17.0 1.0 0.0 0.0 0.0 3.0 2.0 3.0 0.0 0.0 8.0 1.0 0.0 1.0 0.0 3.0 6.0 1.0 2.0 3.0 1.0 1.0 0.0 7.0 0.0 6.0 5.0 8.0 1.0 2.0 1.0 0.0 5.0 1.0 0.0 1.0 3.0 2.0 0.0 4.0 3.0 2.0 2.0 3.0 4.0 4.0 3.0 0.0 8.0 0.0 6.0 3.0 0.0 1.0 5.0 1.0 1.0 0.0 1.0 1.0 2.0 1.0 0.0 2.0 3.0 0.0 1.0 5.0 2.0 0.0 7.0 2.0 2.0 12.0 2.0 1.0 1.0 5.0 6.0 1.0 0.0 4.0 4.0 1.0 2.0 1.0 0.0 1.0 1.0 121.0 0.0 0.0 0.0 0.0 0.0 
0.0 0.0 0.0 0.0 82.0 0.0 2.0 2.0 4.0 3.0 0.0 1.0 0.0 1.0 2.0 2.0 2.0 1.0 0.0 1.0 0.0 1.0 0.0 0.0 0.0 1.0 6.0 1.0 0.0 0.0 6.0 5.0 7.0 0.0 4.0 3.0 2.0 0.0 6.0 1.0 10.0 1.0 0.0 0.0 0.0 0.0 0.0 4.0 0.0 1.0 2.0 4.0 0.0 1.0 0.0 0.0 4.0 0.0 0.0 1.0 1.0 1.0 0.0 1.0 0.0 4.0 2.0 1.0 2.0 1.0 0.0 0.0 1.0 0.0 6.0 5.0 4.0 0.0 0.0 1.0 2.0 1.0 5.0 0.0 1.0 2.0 0.0 3.0 5.0 0.0 3.0 3.0 1.0 3.0 37.0 0.0 0.0 0.0 0.0 0.0 
0.0 0.0 0.0 0.0 38.0 14.0 1.0 0.0 3.0 0.0 1.0 1.0 0.0 4.0 1.0 6.0 1.0 3.0 0.0 3.0 4.0 0.0 4.0 1.0 2.0 0.0 1.0 1.0 1.0 4.0 6.0 4.0 0.0 1.0 1.0 1.0 0.0 3.0 0.0 3.0 1.0 0.0 0.0 2.0 1.0 0.0 1.0 7.0 5.0 6.0 0.0 1.0 1.0 0.0 2.0 0.0 2.0 6.0 1.0 2.0 3.0 7.0 4.0 1.0 0.0 3.0 3.0 0.0 2.0 2.0 0.0 0.0 9.0 0.0 0.0 1.0 1.0 2.0 6.0 0.0 2.0 0.0 0.0 6.0 1.0 0.0 2.0 0.0 6.0 2.0 0.0 3.0 6.0 8.0 27.0 0.0 0.0 0.0 0.0 0.0 
0.0 0.0 0.0 0.0 5.0 112.0 8.0 0.0 1.0 2.0 12.0 0.0 5.0 1.0 2.0 1.0 2.0 1.0 1.0 5.0 0.0 0.0 3.0 5.0 16.0 0.0 4.0 0.0 1.0 0.0 4.0 0.0 0.0 0.0 1.0 0.0 4.0 0.0 0.0 2.0 1.0 0.0 2.0 6.0 0.0 2.0 3.0 1.0 9.0 3.0 1.0 0.0 2.0 0.0 2.0 0.0 0.0 0.0 2.0 2.0 0.0 3.0 0.0 0.0 0.0 0.0 1.0 0.0 0.0 0.0 1.0 0.0 0.0 7.0 0.0 5.0 3.0 0.0 0.0 0.0 0.0 1.0 3.0 1.0 3.0 4.0 0.0 6.0 0.0 1.0 5.0 0.0 18.0 94.0 0.0 0.0 0.0 0.0 0.0 0.0 
0.0 0.0 0.0 0.0 0.0 82.0 29.0 1.0 1.0 3.0 0.0 9.0 0.0 0.0 1.0 4.0 0.0 2.0 2.0 8.0 0.0 0.0 7.0 0.0 0.0 2.0 4.0 2.0 0.0 4.0 3.0 1.0 1.0 2.0 4.0 1.0 0.0 1.0 0.0 2.0 2.0 3.0 1.0 2.0 2.0 1.0 0.0 9.0 0.0 5.0 4.0 3.0 0.0 2.0 7.0 1.0 1.0 9.0 7.0 2.0 2.0 2.0 2.0 4.0 4.0 4.0 0.0 1.0 3.0 0.0 1.0 2.0 4.0 1.0 3.0 9.0 1.0 4.0 1.0 3.0 0.0 3.0 0.0 0.0 2.0 1.0 2.0 2.0 3.0 2.0 4.0 11.0 18.0 31.0 0.0 0.0 0.0 0.0 0.0 0.0 
0.0 0.0 0.0 0.0 0.0 27.0 30.0 24.0 1.0 0.0 3.0 11.0 0.0 11.0 2.0 0.0 0.0 0.0 1.0 8.0 6.0 0.0 1.0 4.0 0.0 1.0 1.0 4.0 1.0 0.0 4.0 0.0 3.0 1.0 0.0 2.0 0.0 4.0 0.0 0.0 4.0 0.0 1.0 6.0 0.0 2.0 1.0 5.0 2.0 1.0 3.0 2.0 9.0 8.0 1.0 1.0 0.0 5.0 0.0 1.0 0.0 0.0 0.0 6.0 2.0 2.0 1.0 3.0 0.0 0.0 0.0 0.0 2.0 0.0 3.0 1.0 3.0 3.0 0.0 1.0 0.0 0.0 5.0 3.0 3.0 1.0 1.0 6.0 5.0 4.0 2.0 2.0 121.0 0.0 0.0 0.0 0.0 0.0 0.0 0.0 
0.0 0.0 0.0 0.0 0.0 0.0 117.0 3.0 5.0 1.0 0.0 1.0 5.0 9.0 9.0 1.0 1.0 1.0 0.0 0.0 1.0 0.0 4.0 0.0 3.0 1.0 10.0 0.0 6.0 5.0 1.0 2.0 3.0 3.0 16.0 0.0 3.0 0.0 0.0 4.0 0.0 2.0 0.0 1.0 0.0 2.0 2.0 0.0 0.0 0.0 0.0 3.0 5.0 1.0 0.0 5.0 3.0 0.0 2.0 3.0 4.0 1.0 0.0 0.0 3.0 2.0 5.0 3.0 5.0 6.0 0.0 0.0 2.0 1.0 0.0 4.0 0.0 0.0 5.0 5.0 0.0 0.0 2.0 2.0 1.0 0.0 3.0 2.0 1.0 0.0 3.0 4.0 44.0 0.0 0.0 0.0 0.0 0.0 0.0 0.0 
0.0 0.0 0.0 0.0 0.0 0.0 22.0 7.0 4.0 3.0 0.0 2.0 7.0 3.0 4.0 1.0 4.0 2.0 1.0 0.0 3.0 3.0 15.0 3.0 3.0 2.0 0.0 4.0 5.0 1.0 2.0 2.0 1.0 1.0 1.0 0.0 2.0 2.0 1.0 6.0 4.0 1.0 6.0 3.0 2.0 0.0 1.0 0.0 3.0 0.0 4.0 1.0 0.0 2.0 1.0 0.0 0.0 4.0 0.0 0.0 4.0 0.0 2.0 0.0 0.0 0.0 4.0 0.0 1.0 4.0 1.0 3.0 1.0 4.0 0.0 0.0 1.0 0.0 1.0 1.0 0.0 2.0 0.0 0.0 1.0 1.0 0.0 3.0 2.0 2.0 20.0 94.0 0.0 0.0 0.0 0.0 0.0 0.0 0.0 0.0 
0.0 0.0 0.0 0.0 0.0 0.0 0.0 104.0 27.0 3.0 3.0 0.0 2.0 1.0 6.0 1.0 1.0 4.0 0.0 6.0 0.0 0.0 1.0 1.0 1.0 2.0 3.0 1.0 1.0 4.0 3.0 0.0 0.0 0.0 6.0 3.0 0.0 0.0 0.0 4.0 1.0 1.0 1.0 2.0 1.0 2.0 0.0 0.0 3.0 0.0 2.0 0.0 6.0 0.0 2.0 0.0 1.0 3.0 0.0 0.0 3.0 0.0 2.0 0.0 7.0 4.0 1.0 2.0 0.0 5.0 0.0 2.0 1.0 5.0 7.0 1.0 2.0 3.0 0.0 0.0 5.0 5.0 2.0 7.0 0.0 2.0 1.0 1.0 0.0 12.0 38.0 23.0 0.0 0.0 0.0 0.0 0.0 0.0 0.0 0.0 
0.0 0.0 0.0 0.0 0.0 0.0 0.0 31.0 60.0 26.0 0.0 3.0 1.0 0.0 2.0 1.0 3.0 0.0 6.0 3.0 4.0 0.0 1.0 1.0 1.0 2.0 2.0 2.0 1.0 0.0 0.0 5.0 0.0 1.0 0.0 2.0 2.0 1.0 0.0 5.0 1.0 0.0 0.0 1.0 0.0 4.0 11.0 5.0 2.0 1.0 2.0 0.0 1.0 2.0 3.0 3.0 0.0 10.0 0.0 1.0 0.0 1.0 1.0 3.0 0.0 4.0 1.0 0.0 2.0 2.0 1.0 2.0 0.0 0.0 5.0 1.0 0.0 2.0 2.0 4.0 0.0 2.0 1.0 0.0 5.0 0.0 0.0 0.0 3.0 2.0 65.0 0.0 0.0 0.0 0.0 0.0 0.0 0.0 0.0 0.0 
0.0 0.0 0.0 0.0 0.0 0.0 0.0 0.0 82.0 2.0 1.0 1.0 2.0 4.0 5.0 1.0 7.0 0.0 11.0 0.0 0.0 2.0 1.0 0.0 0.0 3.0 2.0 0.0 0.0 0.0 0.0 1.0 1.0 10.0 0.0 0.0 0.0 4.0 3.0 2.0 1.0 0.0 0.0 5.0 0.0 0.0 0.0 1.0 1.0 3.0 5.0 1.0 3.0 5.0 6.0 0.0 6.0 5.0 1.0 2.0 0.0 4.0 0.0 1.0 7.0 2.0 1.0 3.0 4.0 1.0 2.0 3.0 3.0 0.0 0.0 1.0 0.0 0.0 2.0 2.0 0.0 2.0 1.0 1.0 2.0 3.0 0.0 0.0 7.0 163.0 0.0 0.0 0.0 0.0 0.0 0.0 0.0 0.0 0.0 0.0 
0.0 0.0 0.0 0.0 0.0 0.0 0.0 0.0 0.0 199.0 9.0 1.0 2.0 0.0 0.0 8.0 0.0 0.0 6.0 0.0 5.0 1.0 7.0 3.0 5.0 0.0 4.0 1.0 0.0 1.0 8.0 0.0 4.0 1.0 3.0 0.0 3.0 0.0 8.0 0.0 6.0 0.0 9.0 2.0 7.0 1.0 0.0 3.0 1.0 0.0 0.0 0.0 1.0 1.0 0.0 0.0 0.0 0.0 8.0 5.0 5.0 0.0 2.0 5.0 2.0 0.0 2.0 0.0 5.0 1.0 0.0 1.0 1.0 1.0 1.0 1.0 0.0 0.0 10.0 0.0 7.0 0.0 2.0 4.0 0.0 1.0 0.0 6.0 0.0 32.0 0.0 0.0 0.0 0.0 0.0 0.0 0.0 0.0 0.0 0.0 
0.0 0.0 0.0 0.0 0.0 0.0 0.0 0.0 0.0 30.0 5.0 4.0 6.0 6.0 0.0 1.0 0.0 1.0 3.0 4.0 1.0 11.0 4.0 4.0 0.0 4.0 7.0 0.0 0.0 5.0 3.0 3.0 1.0 1.0 1.0 13.0 0.0 2.0 4.0 2.0 0.0 2.0 4.0 0.0 0.0 0.0 0.0 2.0 4.0 1.0 2.0 0.0 2.0 0.0 3.0 2.0 1.0 3.0 4.0 0.0 0.0 4.0 2.0 3.0 2.0 1.0 2.0 5.0 4.0 7.0 1.0 1.0 3.0 0.0 0.0 5.0 0.0 8.0 0.0 7.0 0.0 1.0 0.0 0.0 3.0 1.0 3.0 8.0 72.0 0.0 0.0 0.0 0.0 0.0 0.0 0.0 0.0 0.0 0.0 0.0 
0.0 0.0 0.0 0.0 0.0 0.0 0.0 0.0 0.0 0.0 100.0 15.0 4.0 2.0 0.0 0.0 3.0 0.0 1.0 1.0 1.0 2.0 0.0 1.0 9.0 6.0 0.0 6.0 0.0 2.0 3.0 0.0 3.0 2.0 2.0 0.0 0.0 7.0 1.0 0.0 0.0 4.0 4.0 0.0 0.0 7.0 8.0 0.0 0.0 3.0 0.0 1.0 6.0 5.0 1.0 3.0 0.0 2.0 1.0 2.0 1.0 1.0 0.0 5.0 2.0 5.0 0.0 3.0 3.0 4.0 0.0 0.0 4.0 2.0 0.0 0.0 0.0 6.0 0.0 4.0 0.0 4.0 2.0 2.0 1.0 1.0 4.0 89.0 0.0 0.0 0.0 0.0 0.0 0.0 0.0 0.0 0.0 0.0 0.0 0.0 
0.0 0.0 0.0 0.0 0.0 0.0 0.0 0.0 0.0 0.0 22.0 36.0 43.0 0.0 2.0 3.0 0.0 2.0 0.0 2.0 5.0 1.0 3.0 4.0 0.0 0.0 1.0 0.0 6.0 10.0 0.0 1.0 6.0 1.0 10.0 7.0 1.0 6.0 2.0 1.0 4.0 1.0 0.0 2.0 2.0 0.0 0.0 8.0 6.0 1.0 2.0 0.0 2.0 1.0 1.0 3.0 1.0 3.0 1.0 2.0 0.0 1.0 0.0 1.0 0.0 0.0 6.0 0.0 6.0 0.0 0.0 0.0 0.0 2.0 5.0 1.0 0.0 0.0 2.0 0.0 0.0 7.0 6.0 1.0 2.0 13.0 176.0 0.0 0.0 0.0 0.0 0.0 0.0 0.0 0.0 0.0 0.0 0.0 0.0 0.0 
0.0 0.0 0.0 0.0 0.0 0.0 0.0 0.0 0.0 0.0 0.0 55.0 60.0 30.0 5.0 1.0 2.0 2.0 5.0 2.0 0.0 5.0 0.0 0.0 4.0 2.0 5.0 0.0 0.0 6.0 1.0 4.0 0.0 3.0 2.0 0.0 0.0 1.0 1.0 0.0 0.0 1.0 9.0 0.0 7.0 0.0 0.0 0.0 0.0 2.0 4.0 4.0 2.0 0.0 1.0 1.0 6.0 2.0 6.0 0.0 0.0 2.0 1.0 3.0 0.0 0.0 4.0 1.0 6.0 1.0 5.0 0.0 3.0 0.0 0.0 1.0 0.0 6.0 5.0 1.0 0.0 0.0 1.0 2.0 16.0 25.0 20.0 0.0 0.0 0.0 0.0 0.0 0.0 0.0 0.0 0.0 0.0 0.0 0.0 0.0 
0.0 0.0 0.0 0.0 0.0 0.0 0.0 0.0 0.0 0.0 0.0 0.0 49.0 23.0 25.0 2.0 0.0 0.0 4.0 0.0 2.0 5.0 0.0 0.0 1.0 1.0 0.0 2.0 3.0 1.0 6.0 2.0 3.0 1.0 8.0 0.0 2.0 5.0 3.0 1.0 1.0 1.0 1.0 2.0 2.0 4.0 0.0 1.0 0.0 0.0 2.0 0.0 0.0 0.0 3.0 0.0 0.0 1.0 1.0 0.0 5.0 0.0 2.0 4.0 0.0 0.0 1.0 0.0 0.0 2.0 1.0 1.0 0.0 0.0 4.0 1.0 4.0 1.0 3.0 2.0 1.0 4.0 1.0 8.0 16.0 52.0 0.0 0.0 0.0 0.0 0.0 0.0 0.0 0.0 0.0 0.0 0.0 0.0 0.0 0.0 
0.0 0.0 0.0 0.0 0.0 0.0 0.0 0.0 0.0 0.0 0.0 0.0 0.0 59.0 7.0 4.0 0.0 3.0 0.0 0.0 0.0 7.0 0.0 0.0 1.0 1.0 0.0 1.0 2.0 1.0 5.0 0.0 3.0 3.0 6.0 3.0 2.0 1.0 2.0 7.0 0.0 2.0 0.0 1.0 4.0 3.0 4.0 0.0 0.0 0.0 0.0 2.0 1.0 5.0 3.0 4.0 2.0 1.0 5.0 1.0 0.0 2.0 0.0 0.0 2.0 0.0 1.0 1.0 2.0 0.0 1.0 0.0 4.0 0.0 5.0 0.0 4.0 1.0 3.0 2.0 2.0 5.0 1.0 5.0 100.0 0.0 0.0 0.0 0.0 0.0 0.0 0.0 0.0 0.0 0.0 0.0 0.0 0.0 0.0 0.0 
0.0 0.0 0.0 0.0 0.0 0.0 0.0 0.0 0.0 0.0 0.0 0.0 0.0 0.0 84.0 9.0 2.0 1.0 0.0 0.0 2.0 2.0 2.0 6.0 0.0 0.0 0.0 0.0 0.0 2.0 0.0 3.0 1.0 7.0 1.0 0.0 10.0 0.0 0.0 0.0 2.0 6.0 0.0 0.0 1.0 5.0 0.0 4.0 1.0 3.0 1.0 0.0 0.0 2.0 2.0 4.0 3.0 3.0 1.0 2.0 3.0 1.0 0.0 0.0 3.0 0.0 4.0 2.0 1.0 2.0 0.0 5.0 0.0 1.0 0.0 8.0 2.0 7.0 0.0 0.0 0.0 13.0 0.0 119.0 0.0 0.0 0.0 0.0 0.0 0.0 0.0 0.0 0.0 0.0 0.0 0.0 0.0 0.0 0.0 0.0 
0.0 0.0 0.0 0.0 0.0 0.0 0.0 0.0 0.0 0.0 0.0 0.0 0.0 0.0 0.0 100.0 1.0 4.0 2.0 4.0 2.0 1.0 0.0 2.0 2.0 1.0 0.0 0.0 0.0 0.0 0.0 1.0 0.0 0.0 2.0 0.0 0.0 2.0 2.0 3.0 2.0 1.0 3.0 0.0 1.0 0.0 2.0 1.0 2.0 2.0 2.0 1.0 5.0 7.0 6.0 4.0 3.0 9.0 4.0 2.0 2.0 1.0 0.0 0.0 7.0 1.0 0.0 4.0 0.0 2.0 1.0 1.0 2.0 0.0 0.0 0.0 4.0 1.0 8.0 0.0 31.0 13.0 77.0 0.0 0.0 0.0 0.0 0.0 0.0 0.0 0.0 0.0 0.0 0.0 0.0 0.0 0.0 0.0 0.0 0.0 
0.0 0.0 0.0 0.0 0.0 0.0 0.0 0.0 0.0 0.0 0.0 0.0 0.0 0.0 0.0 0.0 126.0 1.0 1.0 6.0 1.0 0.0 4.0 1.0 6.0 5.0 0.0 1.0 2.0 1.0 0.0 6.0 0.0 6.0 0.0 0.0 3.0 0.0 2.0 1.0 3.0 0.0 0.0 0.0 0.0 1.0 3.0 1.0 5.0 2.0 0.0 4.0 5.0 2.0 0.0 4.0 1.0 2.0 6.0 7.0 0.0 0.0 1.0 2.0 5.0 1.0 6.0 2.0 4.0 1.0 0.0 5.0 1.0 0.0 1.0 2.0 0.0 0.0 7.0 28.0 30.0 44.0 0.0 0.0 0.0 0.0 0.0 0.0 0.0 0.0 0.0 0.0 0.0 0.0 0.0 0.0 0.0 0.0 0.0 0.0 
0.0 0.0 0.0 0.0 0.0 0.0 0.0 0.0 0.0 0.0 0.0 0.0 0.0 0.0 0.0 0.0 0.0 166.0 0.0 2.0 0.0 0.0 0.0 0.0 0.0 1.0 7.0 1.0 0.0 2.0 0.0 0.0 0.0 6.0 7.0 7.0 2.0 1.0 2.0 3.0 0.0 0.0 2.0 0.0 1.0 2.0 2.0 4.0 1.0 9.0 0.0 0.0 11.0 6.0 7.0 4.0 1.0 4.0 9.0 1.0 1.0 1.0 3.0 2.0 1.0 1.0 4.0 6.0 1.0 1.0 1.0 1.0 4.0 0.0 0.0 0.0 1.0 5.0 27.0 27.0 56.0 0.0 0.0 0.0 0.0 0.0 0.0 0.0 0.0 0.0 0.0 0.0 0.0 0.0 0.0 0.0 0.0 0.0 0.0 0.0 
0.0 0.0 0.0 0.0 0.0 0.0 0.0 0.0 0.0 0.0 0.0 0.0 0.0 0.0 0.0 0.0 0.0 0.0 157.0 0.0 2.0 2.0 0.0 0.0 2.0 0.0 0.0 1.0 4.0 0.0 0.0 1.0 0.0 1.0 6.0 0.0 1.0 2.0 5.0 0.0 5.0 3.0 0.0 1.0 1.0 1.0 3.0 2.0 1.0 0.0 0.0 1.0 4.0 3.0 0.0 0.0 7.0 2.0 0.0 1.0 0.0 0.0 0.0 2.0 6.0 2.0 1.0 0.0 0.0 7.0 3.0 2.0 3.0 0.0 1.0 2.0 0.0 23.0 25.0 50.0 0.0 0.0 0.0 0.0 0.0 0.0 0.0 0.0 0.0 0.0 0.0 0.0 0.0 0.0 0.0 0.0 0.0 0.0 0.0 0.0 
0.0 0.0 0.0 0.0 0.0 0.0 0.0 0.0 0.0 0.0 0.0 0.0 0.0 0.0 0.0 0.0 0.0 0.0 0.0 155.0 4.0 3.0 0.0 0.0 6.0 5.0 0.0 0.0 0.0 2.0 3.0 1.0 2.0 5.0 0.0 1.0 0.0 0.0 2.0 3.0 0.0 5.0 0.0 5.0 1.0 0.0 8.0 1.0 1.0 5.0 1.0 0.0 0.0 3.0 2.0 5.0 2.0 0.0 5.0 2.0 2.0 4.0 0.0 2.0 4.0 2.0 0.0 1.0 1.0 1.0 1.0 1.0 2.0 4.0 0.0 1.0 54.0 71.0 49.0 0.0 0.0 0.0 0.0 0.0 0.0 0.0 0.0 0.0 0.0 0.0 0.0 0.0 0.0 0.0 0.0 0.0 0.0 0.0 0.0 0.0 
0.0 0.0 0.0 0.0 0.0 0.0 0.0 0.0 0.0 0.0 0.0 0.0 0.0 0.0 0.0 0.0 0.0 0.0 0.0 0.0 169.0 21.0 0.0 3.0 3.0 1.0 2.0 2.0 3.0 0.0 0.0 2.0 0.0 0.0 1.0 1.0 4.0 2.0 0.0 0.0 6.0 2.0 0.0 1.0 9.0 3.0 7.0 2.0 0.0 1.0 0.0 0.0 5.0 0.0 1.0 2.0 1.0 1.0 3.0 1.0 3.0 0.0 3.0 3.0 0.0 5.0 4.0 3.0 3.0 0.0 8.0 0.0 4.0 3.0 0.0 22.0 40.0 50.0 0.0 0.0 0.0 0.0 0.0 0.0 0.0 0.0 0.0 0.0 0.0 0.0 0.0 0.0 0.0 0.0 0.0 0.0 0.0 0.0 0.0 0.0 
0.0 0.0 0.0 0.0 0.0 0.0 0.0 0.0 0.0 0.0 0.0 0.0 0.0 0.0 0.0 0.0 0.0 0.0 0.0 0.0 29.0 29.0 30.0 3.0 0.0 3.0 2.0 0.0 0.0 8.0 2.0 6.0 3.0 0.0 3.0 1.0 0.0 3.0 1.0 0.0 0.0 1.0 0.0 0.0 1.0 5.0 0.0 3.0 0.0 4.0 1.0 1.0 1.0 2.0 5.0 2.0 6.0 3.0 3.0 3.0 6.0 4.0 1.0 2.0 1.0 0.0 0.0 0.0 2.0 2.0 0.0 0.0 2.0 3.0 3.0 190.0 20.0 0.0 0.0 0.0 0.0 0.0 0.0 0.0 0.0 0.0 0.0 0.0 0.0 0.0 0.0 0.0 0.0 0.0 0.0 0.0 0.0 0.0 0.0 0.0 
0.0 0.0 0.0 0.0 0.0 0.0 0.0 0.0 0.0 0.0 0.0 0.0 0.0 0.0 0.0 0.0 0.0 0.0 0.0 0.0 0.0 28.0 135.0 11.0 20.0 0.0 0.0 0.0 2.0 1.0 1.0 1.0 1.0 4.0 1.0 0.0 1.0 2.0 2.0 5.0 2.0 1.0 3.0 2.0 7.0 0.0 5.0 0.0 6.0 4.0 0.0 4.0 5.0 0.0 0.0 2.0 1.0 2.0 2.0 5.0 2.0 6.0 1.0 0.0 3.0 3.0 0.0 3.0 1.0 2.0 1.0 1.0 8.0 7.0 139.0 0.0 0.0 0.0 0.0 0.0 0.0 0.0 0.0 0.0 0.0 0.0 0.0 0.0 0.0 0.0 0.0 0.0 0.0 0.0 0.0 0.0 0.0 0.0 0.0 0.0 
0.0 0.0 0.0 0.0 0.0 0.0 0.0 0.0 0.0 0.0 0.0 0.0 0.0 0.0 0.0 0.0 0.0 0.0 0.0 0.0 0.0 0.0 0.0 33.0 127.0 12.0 5.0 1.0 0.0 1.0 4.0 4.0 1.0 0.0 0.0 0.0 4.0 3.0 6.0 0.0 0.0 0.0 4.0 1.0 5.0 0.0 2.0 1.0 0.0 1.0 2.0 4.0 4.0 0.0 3.0 0.0 3.0 3.0 2.0 1.0 6.0 0.0 2.0 8.0 1.0 0.0 1.0 0.0 0.0 2.0 2.0 29.0 12.0 92.0 0.0 0.0 0.0 0.0 0.0 0.0 0.0 0.0 0.0 0.0 0.0 0.0 0.0 0.0 0.0 0.0 0.0 0.0 0.0 0.0 0.0 0.0 0.0 0.0 0.0 0.0 
0.0 0.0 0.0 0.0 0.0 0.0 0.0 0.0 0.0 0.0 0.0 0.0 0.0 0.0 0.0 0.0 0.0 0.0 0.0 0.0 0.0 0.0 0.0 0.0 9.0 90.0 5.0 7.0 7.0 0.0 2.0 3.0 0.0 0.0 4.0 1.0 3.0 7.0 2.0 5.0 0.0 1.0 1.0 4.0 0.0 7.0 1.0 0.0 10.0 1.0 2.0 3.0 9.0 0.0 2.0 1.0 1.0 1.0 5.0 1.0 4.0 4.0 3.0 0.0 8.0 2.0 0.0 2.0 0.0 0.0 14.0 16.0 50.0 0.0 0.0 0.0 0.0 0.0 0.0 0.0 0.0 0.0 0.0 0.0 0.0 0.0 0.0 0.0 0.0 0.0 0.0 0.0 0.0 0.0 0.0 0.0 0.0 0.0 0.0 0.0 
0.0 0.0 0.0 0.0 0.0 0.0 0.0 0.0 0.0 0.0 0.0 0.0 0.0 0.0 0.0 0.0 0.0 0.0 0.0 0.0 0.0 0.0 0.0 0.0 0.0 0.0 35.0 128.0 2.0 35.0 6.0 2.0 7.0 3.0 5.0 5.0 1.0 2.0 2.0 2.0 1.0 0.0 0.0 0.0 4.0 2.0 2.0 3.0 2.0 0.0 1.0 4.0 0.0 0.0 1.0 5.0 8.0 2.0 5.0 2.0 0.0 2.0 1.0 0.0 0.0 0.0 3.0 3.0 9.0 0.0 184.0 24.0 0.0 0.0 0.0 0.0 0.0 0.0 0.0 0.0 0.0 0.0 0.0 0.0 0.0 0.0 0.0 0.0 0.0 0.0 0.0 0.0 0.0 0.0 0.0 0.0 0.0 0.0 0.0 0.0 
0.0 0.0 0.0 0.0 0.0 0.0 0.0 0.0 0.0 0.0 0.0 0.0 0.0 0.0 0.0 0.0 0.0 0.0 0.0 0.0 0.0 0.0 0.0 0.0 0.0 0.0 0.0 0.0 80.0 37.0 17.0 0.0 4.0 0.0 2.0 1.0 4.0 2.0 1.0 1.0 0.0 2.0 3.0 2.0 0.0 0.0 4.0 1.0 1.0 0.0 0.0 0.0 3.0 1.0 3.0 0.0 2.0 4.0 0.0 5.0 4.0 0.0 4.0 2.0 2.0 1.0 2.0 8.0 111.0 88.0 0.0 0.0 0.0 0.0 0.0 0.0 0.0 0.0 0.0 0.0 0.0 0.0 0.0 0.0 0.0 0.0 0.0 0.0 0.0 0.0 0.0 0.0 0.0 0.0 0.0 0.0 0.0 0.0 0.0 0.0 
0.0 0.0 0.0 0.0 0.0 0.0 0.0 0.0 0.0 0.0 0.0 0.0 0.0 0.0 0.0 0.0 0.0 0.0 0.0 0.0 0.0 0.0 0.0 0.0 0.0 0.0 0.0 0.0 0.0 25.0 150.0 5.0 8.0 2.0 1.0 2.0 2.0 6.0 3.0 3.0 1.0 1.0 0.0 3.0 0.0 3.0 1.0 1.0 3.0 8.0 0.0 0.0 3.0 0.0 0.0 1.0 1.0 2.0 1.0 0.0 3.0 1.0 1.0 24.0 1.0 1.0 173.0 48.0 5.0 0.0 0.0 0.0 0.0 0.0 0.0 0.0 0.0 0.0 0.0 0.0 0.0 0.0 0.0 0.0 0.0 0.0 0.0 0.0 0.0 0.0 0.0 0.0 0.0 0.0 0.0 0.0 0.0 0.0 0.0 0.0 
0.0 0.0 0.0 0.0 0.0 0.0 0.0 0.0 0.0 0.0 0.0 0.0 0.0 0.0 0.0 0.0 0.0 0.0 0.0 0.0 0.0 0.0 0.0 0.0 0.0 0.0 0.0 0.0 0.0 0.0 0.0 54.0 98.0 19.0 4.0 16.0 3.0 2.0 2.0 2.0 0.0 7.0 1.0 8.0 1.0 0.0 4.0 5.0 3.0 3.0 0.0 7.0 0.0 0.0 2.0 2.0 3.0 2.0 0.0 7.0 2.0 9.0 22.0 27.0 121.0 55.0 0.0 0.0 0.0 0.0 0.0 0.0 0.0 0.0 0.0 0.0 0.0 0.0 0.0 0.0 0.0 0.0 0.0 0.0 0.0 0.0 0.0 0.0 0.0 0.0 0.0 0.0 0.0 0.0 0.0 0.0 0.0 0.0 0.0 0.0 
0.0 0.0 0.0 0.0 0.0 0.0 0.0 0.0 0.0 0.0 0.0 0.0 0.0 0.0 0.0 0.0 0.0 0.0 0.0 0.0 0.0 0.0 0.0 0.0 0.0 0.0 0.0 0.0 0.0 0.0 0.0 0.0 12.0 44.0 107.0 31.0 21.0 1.0 5.0 0.0 5.0 0.0 0.0 0.0 2.0 0.0 3.0 0.0 0.0 0.0 5.0 3.0 0.0 3.0 1.0 0.0 3.0 3.0 12.0 0.0 8.0 3.0 108.0 23.0 0.0 0.0 0.0 0.0 0.0 0.0 0.0 0.0 0.0 0.0 0.0 0.0 0.0 0.0 0.0 0.0 0.0 0.0 0.0 0.0 0.0 0.0 0.0 0.0 0.0 0.0 0.0 0.0 0.0 0.0 0.0 0.0 0.0 0.0 0.0 0.0 
0.0 0.0 0.0 0.0 0.0 0.0 0.0 0.0 0.0 0.0 0.0 0.0 0.0 0.0 0.0 0.0 0.0 0.0 0.0 0.0 0.0 0.0 0.0 0.0 0.0 0.0 0.0 0.0 0.0 0.0 0.0 0.0 0.0 0.0 0.0 27.0 48.0 113.0 20.0 10.0 26.0 2.0 2.0 1.0 0.0 2.0 0.0 7.0 1.0 1.0 0.0 4.0 5.0 0.0 0.0 23.0 4.0 12.0 8.0 172.0 49.0 23.0 0.0 0.0 0.0 0.0 0.0 0.0 0.0 0.0 0.0 0.0 0.0 0.0 0.0 0.0 0.0 0.0 0.0 0.0 0.0 0.0 0.0 0.0 0.0 0.0 0.0 0.0 0.0 0.0 0.0 0.0 0.0 0.0 0.0 0.0 0.0 0.0 0.0 0.0 
0.0 0.0 0.0 0.0 0.0 0.0 0.0 0.0 0.0 0.0 0.0 0.0 0.0 0.0 0.0 0.0 0.0 0.0 0.0 0.0 0.0 0.0 0.0 0.0 0.0 0.0 0.0 0.0 0.0 0.0 0.0 0.0 0.0 0.0 0.0 0.0 0.0 0.0 25.0 85.0 30.0 32.0 2.0 0.0 2.0 0.0 16.0 22.0 1.0 5.0 1.0 23.0 4.0 0.0 15.0 25.0 168.0 48.0 34.0 0.0 0.0 0.0 0.0 0.0 0.0 0.0 0.0 0.0 0.0 0.0 0.0 0.0 0.0 0.0 0.0 0.0 0.0 0.0 0.0 0.0 0.0 0.0 0.0 0.0 0.0 0.0 0.0 0.0 0.0 0.0 0.0 0.0 0.0 0.0 0.0 0.0 0.0 0.0 0.0 0.0 
0.0 0.0 0.0 0.0 0.0 0.0 0.0 0.0 0.0 0.0 0.0 0.0 0.0 0.0 0.0 0.0 0.0 0.0 0.0 0.0 0.0 0.0 0.0 0.0 0.0 0.0 0.0 0.0 0.0 0.0 0.0 0.0 0.0 0.0 0.0 0.0 0.0 0.0 0.0 0.0 29.0 42.0 58.0 103.0 132.0 155.0 42.0 61.0 169.0 143.0 173.0 49.0 150.0 99.0 70.0 26.0 0.0 0.0 0.0 0.0 0.0 0.0 0.0 0.0 0.0 0.0 0.0 0.0 0.0 0.0 0.0 0.0 0.0 0.0 0.0 0.0 0.0 0.0 0.0 0.0 0.0 0.0 0.0 0.0 0.0 0.0 0.0 0.0 0.0 0.0 0.0 0.0 0.0 0.0 0.0 0.0 0.0 0.0 0.0 0.0 
0.0 0.0 0.0 0.0 0.0 0.0 0.0 0.0 0.0 0.0 0.0 0.0 0.0 0.0 0.0 0.0 0.0 0.0 0.0 0.0 0.0 0.0 0.0 0.0 0.0 0.0 0.0 0.0 0.0 0.0 0.0 0.0 0.0 0.0 0.0 0.0 0.0 0.0 0.0 0.0 0.0 0.0 0.0 0.0 0.0 0.0 15.0 16.0 3.0 0.0 0.0 16.0 0.0 0.0 0.0 0.0 0.0 0.0 0.0 0.0 0.0 0.0 0.0 0.0 0.0 0.0 0.0 0.0 0.0 0.0 0.0 0.0 0.0 0.0 0.0 0.0 0.0 0.0 0.0 0.0 0.0 0.0 0.0 0.0 0.0 0.0 0.0 0.0 0.0 0.0 0.0 0.0 0.0 0.0 0.0 0.0 0.0 0.0 0.0 0.0 
