0.0 0.0 0.0 0.0 0.0 0.0 0.0 0.0 0.0 0.0 0.0 0.0 0.0 0.0 0.0 0.0 0.0 0.0 0.0 0.0 0.0 0.0 0.0 0.0 0.0 0.0 0.0 0.0 0.0 0.0 0.0 0.0 0.0 0.0 0.0 0.0 0.0 0.0 0.0 0.0 0.0 0.0 0.0 0.0 0.0 0.0 0.0 0.0 0.0 0.0 0.0 0.0 0.0 0.0 0.0 0.0 0.0 0.0 0.0 0.0 0.0 0.0 0.0 0.0 0.0 0.0 0.0 0.0 0.0 0.0 0.0 0.0 0.0 0.0 0.0 0.0 0.0 0.0 0.0 0.0 0.0 0.0 0.0 0.0 0.0 0.0 0.0 0.0 0.0 0.0 0.0 0.0 0.0 0.0 0.0 0.0 0.0 0.0 0.0 0.0 
0.0 0.0 0.0 0.0 0.0 0.0 0.0 0.0 0.0 0.0 0.0 0.0 0.0 0.0 0.0 0.0 0.0 0.0 0.0 0.0 0.0 0.0 0.0 0.0 0.0 0.0 0.0 0.0 0.0 0.0 0.0 0.0 0.0 0.0 0.0 0.0 0.0 0.0 0.0 0.0 0.0 0.0 0.0 0.0 0.0 0.0 0.0 0.0 0.0 0.0 0.0 0.0 0.0 0.0 0.0 0.0 0.0 0.0 0.0 0.0 0.0 0.0 0.0 0.0 0.0 0.0 0.0 0.0 0.0 0.0 0.0 0.0 0.0 0.0 0.0 0.0 0.0 0.0 0.0 0.0 0.0 0.0 0.0 0.0 0.0 0.0 0.0 0.0 0.0 0.0 0.0 0.0 0.0 0.0 0.0 0.0 0.0 0.0 0.0 0.0 
0.0 0.0 0.0 0.0 0.0 0.0 0.0 0.0 0.0 0.0 0.0 0.0 0.0 0.0 0.0 0.0 0.0 0.0 0.0 0.0 0.0 0.0 0.0 0.0 0.0 0.0 0.0 0.0 0.0 0.0 0.0 0.0 0.0 0.0 0.0 0.0 0.0 0.0 0.0 0.0 0.0 0.0 0.0 0.0 0.0 0.0 0.0 0.0 0.0 0.0 0.0 0.0 0.0 0.0 0.0 0.0 0.0 0.0 0.0 0.0 0.0 0.0 0.0 0.0 0.0 0.0 0.0 0.0 0.0 0.0 0.0 0.0 0.0 0.0 0.0 0.0 0.0 0.0 0.0 0.0 0.0 0.0 0.0 0.0 0.0 0.0 0.0 0.0 0.0 0.0 0.0 0.0 0.0 0.0 0.0 0.0 0.0 0.0 0.0 0.0 
0.0 0.0 0.0 0.0 0.0 0.0 0.0 0.0 0.0 0.0 0.0 0.0 0.0 0.0 0.0 0.0 0.0 0.0 0.0 0.0 0.0 0.0 0.0 0.0 0.0 0.0 0.0 0.0 0.0 0.0 0.0 0.0 0.0 0.0 0.0 0.0 0.0 0.0 0.0 0.0 0.0 0.0 0.0 0.0 0.0 0.0 8.0 48.0 30.0 34.0 81.0 81.0 142.0 105.0 74.0 30.0 26.0 0.0 0.0 0.0 0.0 0.0 0.0 0.0 0.0 0.0 0.0 0.0 0.0 0.0 0.0 0.0 0.0 0.0 0.0 0.0 0.0 0.0 0.0 0.0 0.0 0.0 0.0 0.0 0.0 0.0 0.0 0.0 0.0 0.0 0.0 0.0 0.0 0.0 0.0 0.0 0.0 0.0 0.0 0.0 
0.0 0.0 0.0 0.0 0.0 0.0 0.0 0.0 0.0 0.0 0.0 0.0 0.0 0.0 0.0 0.0 0.0 0.0 0.0 0.0 0.0 0.0 0.0 0.0 0.0 0.0 0.0 0.0 0.0 0.0 0.0 0.0 0.0 0.0 0.0 0.0 0.0 0.0 0.0 31.0 47.0 114.0 145.0 157.0 117.0 103.0 126.0 10.0 8.0 8.0 2.0 2.0 0.0 0.0 3.0 20.0 29.0 187.0 86.0 41.0 32.0 0.0 0.0 0.0 0.0 0.0 0.0 0.0 0.0 0.0 0.0 0.0 0.0 0.0 0.0 0.0 0.0 0.0 0.0 0.0 0.0 0.0 0.0 0.0 0.0 0.0 0.0 0.0 0.0 0.0 0.0 0.0 0.0 0.0 0.0 0.0 0.0 0.0 0.0 0.0 
0.0 0.0 0.0 0.0 0.0 0.0 0.0 0.0 0.0 0.0 0.0 0.0 0.0 0.0 0.0 0.0 0.0 0.0 0.0 0.0 0.0 0.0 0.0 0.0 0.0 0.0 0.0 0.0 0.0 0.0 0.0 0.0 0.0 0.0 2.0 32.0 47.0 52.0 99.0 24.0 12.0 4.0 2.0 1.0 1.0 1.0 13.0 5.0 11.0 2.0 0.0 2.0 1.0 0.0 1.0 3.0 16.0 1.0 4.0 15.0 18.0 116.0 53.0 19.0 9.0 0.0 0.0 0.0 0.0 0.0 0.0 0.0 0.0 0.0 0.0 0.0 0.0 0.0 0.0 0.0 0.0 0.0 0.0 0.0 0.0 0.0 0.0 0.0 0.0 0.0 0.0 0.0 0.0 0.0 0.0 0.0 0.0 0.0 0.0 0.0 
0.0 0.0 0.0 0.0 0.0 0.0 0.0 0.0 0.0 0.0 0.0 0.0 0.0 0.0 0.0 0.0 0.0 0.0 0.0 0.0 0.0 0.0 0.0 0.0 0.0 0.0 0.0 0.0 0.0 0.0 0.0 0.0 19.0 58.0 182.0 9.0 2.0 6.0 4.0 17.0 3.0 1.0 0.0 2.0 0.0 0.0 0.0 2.0 5.0 1.0 1.0 0.0 0.0 2.0 3.0 4.0 0.0 0.0 4.0 4.0 9.0 1.0 9.0 18.0 102.0 87.0 31.0 0.0 0.0 0.0 0.0 0.0 0.0 0.0 0.0 0.0 0.0 0.0 0.0 0.0 0.0 0.0 0.0 0.0 0.0 0.0 0.0 0.0 0.0 0.0 0.0 0.0 0.0 0.0 0.0 0.0 0.0 0.0 0.0 0.0 
0.0 0.0 0.0 0.0 0.0 0.0 0.0 0.0 0.0 0.0 0.0 0.0 0.0 0.0 0.0 0.0 0.0 0.0 0.0 0.0 0.0 0.0 0.0 0.0 0.0 0.0 0.0 0.0 0.0 0.0 9.0 61.0 82.0 18.0 9.0 0.0 3.0 1.0 1.0 3.0 0.0 5.0 1.0 1.0 4.0 4.0 0.0 6.0 4.0 2.0 5.0 4.0 6.0 2.0 0.0 1.0 4.0 3.0 4.0 0.0 2.0 2.0 4.0 16.0 9.0 18.0 19.0 211.0 68.0 29.0 0.0 0.0 0.0 0.0 0.0 0.0 0.0 0.0 0.0 0.0 0.0 0.0 0.0 0.0 0.0 0.0 0.0 0.0 0.0 0.0 0.0 0.0 0.0 0.0 0.0 0.0 0.0 0.0 0.0 0.0 
0.0 0.0 0.0 0.0 0.0 0.0 0.0 0.0 0.0 0.0 0.0 0.0 0.0 0.0 0.0 0.0 0.0 0.0 0.0 0.0 0.0 0.0 0.0 0.0 0.0 0.0 0.0 0.0 0.0 44.0 98.0 20.0 17.0 1.0 1.0 0.0 1.0 8.0 2.0 3.0 3.0 0.0 0.0 0.0 2.0 15.0 0.0 3.0 1.0 3.0 4.0 0.0 0.0 1.0 1.0 0.0 7.0 2.0 5.0 5.0 5.0 0.0 0.0 3.0 3.0 1.0 16.0 0.0 30.0 45.0 59.0 0.0 0.0 0.0 0.0 0.0 0.0 0.0 0.0 0.0 0.0 0.0 0.0 0.0 0.0 0.0 0.0 0.0 0.0 0.0 0.0 0.0 0.0 0.0 0.0 0.0 0.0 0.0 0.0 0.0 
0.0 0.0 0.0 0.0 0.0 0.0 0.0 0.0 0.0 0.0 0.0 0.0 0.0 0.0 0.0 0.0 0.0 0.0 0.0 0.0 0.0 0.0 0.0 0.0 0.0 0.0 0.0 34.0 85.0 24.0 27.0 0.0 1.0 4.0 6.0 4.0 4.0 1.0 0.0 0.0 1.0 0.0 0.0 2.0 1.0 5.0 0.0 0.0 1.0 6.0 0.0 0.0 1.0 0.0 9.0 4.0 1.0 6.0 3.0 4.0 1.0 4.0 7.0 0.0 3.0 0.0 0.0 1.0 0.0 39.0 9.0 126.0 17.0 0.0 0.0 0.0 0.0 0.0 0.0 0.0 0.0 0.0 0.0 0.0 0.0 0.0 0.0 0.0 0.0 0.0 0.0 0.0 0.0 0.0 0.0 0.0 0.0 0.0 0.0 0.0 
0.0 0.0 0.0 0.0 0.0 0.0 0.0 0.0 0.0 0.0 0.0 0.0 0.0 0.0 0.0 0.0 0.0 0.0 0.0 0.0 0.0 0.0 0.0 0.0 0.0 17.0 74.0 14.0 4.0 17.0 1.0 0.0 4.0 0.0 1.0 0.0 0.0 0.0 0.0 5.0 1.0 0.0 1.0 0.0 4.0 2.0 3.0 6.0 0.0 0.0 2.0 2.0 0.0 3.0 0.0 0.0 3.0 0.0 0.0 0.0 4.0 1.0 0.0 8.0 4.0 0.0 0.0 0.0 0.0 5.0 14.0 24.0 90.0 101.0 0.0 0.0 0.0 0.0 0.0 0.0 0.0 0.0 0.0 0.0 0.0 0.0 0.0 0.0 0.0 0.0 0.0 0.0 0.0 0.0 0.0 0.0 0.0 0.0 0.0 0.0 
0.0 0.0 0.0 0.0 0.0 0.0 0.0 0.0 0.0 0.0 0.0 0.0 0.0 0.0 0.0 0.0 0.0 0.0 0.0 0.0 0.0 0.0 0.0 0.0 84.0 35.0 24.0 4.0 2.0 1.0 0.0 5.0 0.0 0.0 4.0 2.0 3.0 0.0 0.0 4.0 2.0 1.0 0.0 6.0 1.0 4.0 0.0 4.0 3.0 7.0 5.0 1.0 10.0 0.0 6.0 1.0 2.0 1.0 0.0 2.0 1.0 1.0 0.0 3.0 2.0 0.0 0.0 2.0 3.0 5.0 3.0 1.0 18.0 1.0 179.0 42.0 0.0 0.0 0.0 0.0 0.0 0.0 0.0 0.0 0.0 0.0 0.0 0.0 0.0 0.0 0.0 0.0 0.0 0.0 0.0 0.0 0.0 0.0 0.0 0.0 
0.0 0.0 0.0 0.0 0.0 0.0 0.0 0.0 0.0 0.0 0.0 0.0 0.0 0.0 0.0 0.0 0.0 0.0 0.0 0.0 0.0 0.0 15.0 127.0 1.0 21.0 3.0 0.0 6.0 2.0 1.0 1.0 0.0 5.0 2.0 1.0 0.0 2.0 0.0 0.0 2.0 0.0 1.0 0.0 0.0 2.0 2.0 0.0 2.0 12.0 0.0 1.0 1.0 0.0 1.0 3.0 0.0 2.0 1.0 3.0 3.0 1.0 5.0 1.0 8.0 3.0 1.0 0.0 0.0 2.0 1.0 4.0 1.0 1.0 3.0 4.0 110.0 0.0 0.0 0.0 0.0 0.0 0.0 0.0 0.0 0.0 0.0 0.0 0.0 0.0 0.0 0.0 0.0 0.0 0.0 0.0 0.0 0.0 0.0 0.0 
0.0 0.0 0.0 0.0 0.0 0.0 0.0 0.0 0.0 0.0 0.0 0.0 0.0 0.0 0.0 0.0 0.0 0.0 0.0 0.0 0.0 72.0 85.0 9.0 0.0 6.0 6.0 2.0 6.0 2.0 1.0 4.0 4.0 3.0 0.0 1.0 8.0 11.0 3.0 1.0 2.0 2.0 0.0 13.0 0.0 1.0 0.0 0.0 3.0 3.0 8.0 0.0 1.0 1.0 5.0 2.0 2.0 0.0 0.0 0.0 0.0 2.0 6.0 0.0 1.0 2.0 4.0 2.0 0.0 1.0 4.0 3.0 1.0 1.0 1.0 8.0 3.0 161.0 0.0 0.0 0.0 0.0 0.0 0.0 0.0 0.0 0.0 0.0 0.0 0.0 0.0 0.0 0.0 0.0 0.0 0.0 0.0 0.0 0.0 0.0 
0.0 0.0 0.0 0.0 0.0 0.0 0.0 0.0 0.0 0.0 0.0 0.0 0.0 0.0 0.0 0.0 0.0 0.0 0.0 0.0 103.0 1.0 26.0 0.0 1.0 1.0 0.0 3.0 2.0 1.0 3.0 1.0 1.0 0.0 0.0 2.0 0.0 0.0 2.0 0.0 2.0 0.0 7.0 3.0 0.0 1.0 1.0 1.0 2.0 3.0 0.0 6.0 3.0 0.0 0.0 3.0 5.0 0.0 4.0 8.0 5.0 1.0 3.0 5.0 2.0 1.0 0.0 0.0 2.0 2.0 1.0 7.0 0.0 1.0 1.0 4.0 0.0 0.0 153.0 0.0 0.0 0.0 0.0 0.0 0.0 0.0 0.0 0.0 0.0 0.0 0.0 0.0 0.0 0.0 0.0 0.0 0.0 0.0 0.0 0.0 
0.0 0.0 0.0 0.0 0.0 0.0 0.0 0.0 0.0 0.0 0.0 0.0 0.0 0.0 0.0 0.0 0.0 0.0 0.0 134.0 5.0 5.0 4.0 0.0 0.0 2.0 0.0 2.0 3.0 1.0 2.0 0.0 0.0 0.0 2.0 9.0 5.0 0.0 1.0 0.0 4.0 1.0 2.0 2.0 2.0 2.0 1.0 0.0 2.0 0.0 0.0 0.0 2.0 2.0 0.0 1.0 1.0 0.0 0.0 0.0 0.0 2.0 0.0 1.0 1.0 2.0 5.0 8.0 7.0 0.0 1.0 0.0 4.0 4.0 1.0 7.0 2.0 9.0 0.0 161.0 19.0 0.0 0.0 0.0 0.0 0.0 0.0 0.0 0.0 0.0 0.0 0.0 0.0 0.0 0.0 0.0 0.0 0.0 0.0 0.0 
0.0 0.0 0.0 0.0 0.0 0.0 0.0 0.0 0.0 0.0 0.0 0.0 0.0 0.0 0.0 0.0 0.0 24.0 165.0 0.0 1.0 2.0 2.0 4.0 0.0 4.0 0.0 6.0 0.0 3.0 0.0 2.0 5.0 0.0 4.0 0.0 3.0 1.0 0.0 3.0 0.0 5.0 1.0 0.0 1.0 2.0 9.0 1.0 3.0 4.0 2.0 10.0 1.0 9.0 4.0 10.0 3.0 1.0 3.0 0.0 4.0 8.0 2.0 0.0 1.0 0.0 5.0 0.0 0.0 3.0 2.0 2.0 0.0 0.0 2.0 0.0 0.0 3.0 1.0 16.0 42.0 50.0 0.0 0.0 0.0 0.0 0.0 0.0 0.0 0.0 0.0 0.0 0.0 0.0 0.0 0.0 0.0 0.0 0.0 0.0 
0.0 0.0 0.0 0.0 0.0 0.0 0.0 0.0 0.0 0.0 0.0 0.0 0.0 0.0 0.0 0.0 56.0 9.0 16.0 2.0 1.0 2.0 0.0 0.0 0.0 1.0 3.0 0.0 0.0 0.0 4.0 4.0 0.0 1.0 1.0 2.0 0.0 3.0 1.0 3.0 0.0 3.0 2.0 2.0 0.0 2.0 2.0 1.0 0.0 1.0 2.0 0.0 2.0 5.0 0.0 0.0 6.0 0.0 1.0 0.0 0.0 1.0 1.0 0.0 0.0 7.0 1.0 1.0 0.0 3.0 2.0 0.0 6.0 1.0 10.0 0.0 2.0 4.0 4.0 4.0 24.0 2.0 74.0 0.0 0.0 0.0 0.0 0.0 0.0 0.0 0.0 0.0 0.0 0.0 0.0 0.0 0.0 0.0 0.0 0.0 
0.0 0.0 0.0 0.0 0.0 0.0 0.0 0.0 0.0 0.0 0.0 0.0 0.0 0.0 0.0 46.0 30.0 28.0 5.0 0.0 3.0 0.0 6.0 2.0 0.0 0.0 1.0 4.0 0.0 0.0 6.0 0.0 2.0 0.0 3.0 4.0 0.0 9.0 2.0 3.0 2.0 1.0 0.0 0.0 4.0 0.0 2.0 0.0 2.0 4.0 14.0 4.0 1.0 2.0 0.0 2.0 0.0 2.0 1.0 9.0 0.0 0.0 0.0 2.0 1.0 4.0 4.0 3.0 0.0 1.0 1.0 1.0 2.0 10.0 2.0 8.0 1.0 2.0 2.0 3.0 3.0 3.0 9.0 65.0 0.0 0.0 0.0 0.0 0.0 0.0 0.0 0.0 0.0 0.0 0.0 0.0 0.0 0.0 0.0 0.0 
0.0 0.0 0.0 0.0 0.0 0.0 0.0 0.0 0.0 0.0 0.0 0.0 0.0 0.0 59.0 27.0 39.0 1.0 1.0 7.0 3.0 1.0 1.0 2.0 2.0 2.0 2.0 1.0 1.0 0.0 0.0 4.0 5.0 0.0 2.0 2.0 2.0 1.0 7.0 0.0 2.0 0.0 4.0 0.0 1.0 6.0 0.0 7.0 0.0 0.0 0.0 1.0 1.0 0.0 2.0 0.0 0.0 0.0 0.0 7.0 2.0 3.0 2.0 7.0 2.0 0.0 0.0 0.0 2.0 2.0 2.0 7.0 6.0 0.0 0.0 0.0 0.0 2.0 5.0 1.0 3.0 1.0 10.0 21.0 78.0 0.0 0.0 0.0 0.0 0.0 0.0 0.0 0.0 0.0 0.0 0.0 0.0 0.0 0.0 0.0 
0.0 0.0 0.0 0.0 0.0 0.0 0.0 0.0 0.0 0.0 0.0 0.0 0.0 31.0 31.0 41.0 5.0 3.0 2.0 1.0 1.0 4.0 1.0 4.0 1.0 3.0 1.0 1.0 1.0 13.0 0.0 0.0 0.0 4.0 0.0 0.0 2.0 4.0 0.0 1.0 0.0 3.0 2.0 7.0 4.0 0.0 4.0 4.0 4.0 1.0 1.0 2.0 3.0 1.0 2.0 0.0 1.0 0.0 0.0 3.0 1.0 0.0 4.0 2.0 3.0 1.0 1.0 3.0 0.0 0.0 1.0 1.0 7.0 1.0 1.0 2.0 0.0 1.0 6.0 3.0 1.0 2.0 1.0 9.0 4.0 73.0 0.0 0.0 0.0 0.0 0.0 0.0 0.0 0.0 0.0 0.0 0.0 0.0 0.0 0.0 
0.0 0.0 0.0 0.0 0.0 0.0 0.0 0.0 0.0 0.0 0.0 0.0 0.0 178.0 22.0 2.0 3.0 1.0 4.0 2.0 1.0 0.0 6.0 2.0 2.0 3.0 1.0 4.0 0.0 6.0 1.0 1.0 1.0 0.0 2.0 7.0 1.0 0.0 0.0 7.0 1.0 3.0 6.0 1.0 0.0 0.0 4.0 0.0 1.0 5.0 3.0 4.0 0.0 0.0 2.0 0.0 3.0 0.0 3.0 0.0 0.0 0.0 2.0 1.0 4.0 5.0 2.0 0.0 0.0 1.0 1.0 3.0 0.0 0.0 3.0 2.0 1.0 1.0 2.0 1.0 0.0 1.0 3.0 0.0 21.0 25.0 52.0 0.0 0.0 0.0 0.0 0.0 0.0 0.0 0.0 0.0 0.0 0.0 0.0 0.0 
0.0 0.0 0.0 0.0 0.0 0.0 0.0 0.0 0.0 0.0 0.0 0.0 189.0 0.0 1.0 1.0 0.0 0.0 2.0 1.0 1.0 0.0 1.0 1.0 0.0 2.0 1.0 5.0 1.0 2.0 2.0 6.0 3.0 5.0 1.0 0.0 0.0 5.0 3.0 0.0 4.0 1.0 2.0 3.0 0.0 7.0 4.0 1.0 0.0 0.0 5.0 0.0 1.0 6.0 11.0 0.0 1.0 4.0 3.0 0.0 4.0 3.0 4.0 3.0 1.0 7.0 0.0 0.0 2.0 2.0 10.0 0.0 7.0 2.0 0.0 4.0 0.0 2.0 1.0 5.0 4.0 3.0 0.0 9.0 0.0 37.0 89.0 31.0 0.0 0.0 0.0 0.0 0.0 0.0 0.0 0.0 0.0 0.0 0.0 0.0 
0.0 0.0 0.0 0.0 0.0 0.0 0.0 0.0 0.0 0.0 0.0 163.0 0.0 1.0 0.0 0.0 3.0 1.0 0.0 3.0 2.0 2.0 3.0 6.0 2.0 0.0 0.0 7.0 0.0 0.0 2.0 3.0 3.0 0.0 2.0 9.0 1.0 0.0 5.0 9.0 1.0 2.0 0.0 0.0 6.0 0.0 0.0 0.0 2.0 3.0 5.0 3.0 0.0 0.0 0.0 9.0 2.0 3.0 2.0 0.0 0.0 1.0 0.0 0.0 5.0 1.0 1.0 1.0 2.0 1.0 8.0 2.0 0.0 1.0 4.0 3.0 0.0 1.0 0.0 0.0 2.0 3.0 4.0 2.0 5.0 1.0 36.0 121.0 36.0 0.0 0.0 0.0 0.0 0.0 0.0 0.0 0.0 0.0 0.0 0.0 
0.0 0.0 0.0 0.0 0.0 0.0 0.0 0.0 0.0 0.0 129.0 0.0 1.0 0.0 5.0 0.0 1.0 0.0 1.0 5.0 0.0 2.0 4.0 5.0 2.0 2.0 0.0 1.0 3.0 0.0 1.0 3.0 3.0 6.0 2.0 3.0 2.0 2.0 2.0 1.0 4.0 0.0 2.0 3.0 7.0 4.0 0.0 10.0 0.0 0.0 1.0 7.0 3.0 1.0 1.0 4.0 3.0 7.0 0.0 1.0 1.0 7.0 3.0 0.0 0.0 2.0 1.0 0.0 0.0 2.0 6.0 0.0 1.0 1.0 0.0 1.0 1.0 1.0 2.0 4.0 9.0 2.0 3.0 3.0 3.0 5.0 0.0 36.0 32.0 38.0 0.0 0.0 0.0 0.0 0.0 0.0 0.0 0.0 0.0 0.0 
0.0 0.0 0.0 0.0 0.0 0.0 0.0 0.0 0.0 75.0 3.0 7.0 1.0 0.0 4.0 4.0 6.0 3.0 1.0 1.0 0.0 0.0 0.0 0.0 0.0 0.0 5.0 0.0 7.0 1.0 2.0 1.0 2.0 3.0 3.0 0.0 2.0 5.0 2.0 1.0 2.0 7.0 4.0 0.0 0.0 1.0 4.0 1.0 0.0 1.0 1.0 1.0 0.0 2.0 0.0 2.0 0.0 0.0 1.0 0.0 1.0 6.0 0.0 4.0 0.0 4.0 0.0 2.0 3.0 2.0 4.0 4.0 2.0 0.0 2.0 0.0 11.0 4.0 9.0 1.0 4.0 0.0 9.0 0.0 3.0 1.0 2.0 0.0 39.0 86.0 23.0 0.0 0.0 0.0 0.0 0.0 0.0 0.0 0.0 0.0 
0.0 0.0 0.0 0.0 0.0 0.0 0.0 0.0 19.0 37.0 29.0 1.0 2.0 0.0 1.0 1.0 2.0 5.0 0.0 0.0 10.0 1.0 2.0 1.0 0.0 0.0 8.0 4.0 2.0 2.0 0.0 0.0 1.0 0.0 1.0 3.0 2.0 4.0 4.0 0.0 1.0 0.0 4.0 0.0 9.0 1.0 1.0 1.0 0.0 1.0 2.0 5.0 1.0 5.0 1.0 2.0 3.0 3.0 0.0 1.0 0.0 3.0 5.0 1.0 1.0 4.0 1.0 0.0 0.0 1.0 3.0 3.0 2.0 2.0 1.0 2.0 1.0 0.0 0.0 2.0 0.0 2.0 0.0 1.0 0.0 1.0 0.0 2.0 3.0 18.0 147.0 0.0 0.0 0.0 0.0 0.0 0.0 0.0 0.0 0.0 
0.0 0.0 0.0 0.0 0.0 0.0 0.0 0.0 120.0 39.0 1.0 2.0 1.0 6.0 2.0 2.0 1.0 1.0 7.0 1.0 0.0 3.0 0.0 2.0 0.0 3.0 0.0 2.0 1.0 5.0 1.0 1.0 0.0 0.0 1.0 2.0 4.0 6.0 2.0 3.0 2.0 0.0 4.0 0.0 1.0 4.0 8.0 2.0 2.0 1.0 3.0 0.0 2.0 6.0 5.0 1.0 1.0 0.0 2.0 0.0 1.0 0.0 2.0 4.0 0.0 1.0 0.0 1.0 0.0 1.0 0.0 2.0 3.0 3.0 1.0 1.0 3.0 4.0 0.0 0.0 2.0 9.0 2.0 2.0 4.0 1.0 1.0 0.0 0.0 4.0 5.0 109.0 0.0 0.0 0.0 0.0 0.0 0.0 0.0 0.0 
0.0 0.0 0.0 0.0 0.0 0.0 0.0 60.0 3.0 4.0 3.0 1.0 3.0 0.0 2.0 2.0 0.0 4.0 5.0 7.0 0.0 6.0 1.0 0.0 3.0 0.0 4.0 4.0 0.0 0.0 7.0 2.0 1.0 1.0 2.0 0.0 0.0 4.0 0.0 0.0 0.0 0.0 2.0 5.0 0.0 1.0 0.0 1.0 3.0 1.0 0.0 5.0 3.0 10.0 2.0 5.0 6.0 1.0 1.0 0.0 0.0 0.0 0.0 2.0 1.0 1.0 2.0 1.0 2.0 6.0 0.0 1.0 0.0 3.0 0.0 1.0 0.0 5.0 3.0 2.0 2.0 0.0 0.0 0.0 3.0 5.0 2.0 7.0 2.0 0.0 1.0 5.0 40.0 0.0 0.0 0.0 0.0 0.0 0.0 0.0 
0.0 0.0 0.0 0.0 0.0 0.0 24.0 41.0 22.0 2.0 2.0 0.0 1.0 2.0 4.0 2.0 0.0 5.0 1.0 1.0 0.0 1.0 3.0 2.0 1.0 1.0 4.0 4.0 1.0 1.0 1.0 0.0 1.0 0.0 9.0 1.0 1.0 5.0 0.0 6.0 0.0 1.0 1.0 0.0 0.0 4.0 1.0 4.0 1.0 0.0 0.0 0.0 10.0 4.0 5.0 0.0 9.0 2.0 6.0 0.0 5.0 3.0 0.0 3.0 0.0 6.0 0.0 0.0 0.0 0.0 0.0 3.0 0.0 3.0 8.0 0.0 2.0 3.0 0.0 1.0 4.0 9.0 0.0 2.0 5.0 6.0 0.0 1.0 0.0 7.0 5.0 5.0 178.0 0.0 0.0 0.0 0.0 0.0 0.0 0.0 
0.0 0.0 0.0 0.0 0.0 0.0 91.0 30.0 1.0 0.0 0.0 2.0 1.0 2.0 1.0 0.0 4.0 7.0 4.0 0.0 0.0 2.0 2.0 2.0 2.0 0.0 3.0 2.0 1.0 7.0 0.0 1.0 3.0 0.0 0.0 2.0 1.0 2.0 2.0 4.0 1.0 1.0 2.0 5.0 2.0 1.0 1.0 7.0 0.0 3.0 2.0 1.0 3.0 4.0 3.0 0.0 0.0 4.0 0.0 6.0 2.0 2.0 4.0 2.0 0.0 6.0 4.0 0.0 3.0 0.0 0.0 7.0 1.0 1.0 0.0 1.0 0.0 0.0 0.0 0.0 4.0 6.0 2.0 3.0 0.0 1.0 2.0 1.0 2.0 0.0 0.0 4.0 3.0 77.0 0.0 0.0 0.0 0.0 0.0 0.0 
0.0 0.0 0.0 0.0 0.0 35.0 4.0 3.0 0.0 0.0 0.0 3.0 1.0 1.0 2.0 10.0 0.0 0.0 7.0 6.0 2.0 1.0 2.0 0.0 1.0 5.0 0.0 2.0 0.0 0.0 3.0 0.0 0.0 3.0 4.0 0.0 2.0 0.0 2.0 1.0 3.0 3.0 0.0 0.0 4.0 0.0 1.0 5.0 8.0 1.0 2.0 1.0 3.0 3.0 0.0 1.0 5.0 2.0 0.0 1.0 0.0 0.0 2.0 2.0 0.0 4.0 0.0 2.0 2.0 1.0 1.0 6.0 0.0 4.0 7.0 1.0 0.0 0.0 2.0 2.0 0.0 0.0 0.0 0.0 0.0 1.0 2.0 5.0 0.0 6.0 1.0 3.0 11.0 9.0 27.0 0.0 0.0 0.0 0.0 0.0 
0.0 0.0 0.0 0.0 0.0 143.0 10.0 1.0 0.0 0.0 0.0 2.0 0.0 6.0 5.0 1.0 1.0 2.0 3.0 1.0 6.0 3.0 1.0 1.0 0.0 0.0 2.0 1.0 0.0 4.0 0.0 0.0 2.0 2.0 1.0 11.0 0.0 0.0 2.0 3.0 0.0 4.0 4.0 0.0 4.0 0.0 0.0 1.0 0.0 0.0 2.0 0.0 0.0 2.0 2.0 0.0 0.0 1.0 1.0 1.0 4.0 0.0 3.0 2.0 2.0 0.0 2.0 8.0 6.0 5.0 0.0 9.0 0.0 1.0 1.0 4.0 0.0 2.0 0.0 0.0 6.0 1.0 4.0 3.0 7.0 0.0 2.0 2.0 6.0 0.0 3.0 0.0 3.0 9.0 105.0 0.0 0.0 0.0 0.0 0.0 
0.0 0.0 0.0 0.0 23.0 50.0 27.0 3.0 3.0 2.0 1.0 0.0 2.0 6.0 0.0 4.0 0.0 2.0 2.0 1.0 1.0 0.0 0.0 1.0 3.0 3.0 2.0 4.0 0.0 5.0 3.0 5.0 2.0 1.0 0.0 0.0 2.0 2.0 4.0 0.0 3.0 1.0 7.0 8.0 1.0 1.0 1.0 0.0 1.0 0.0 0.0 1.0 2.0 0.0 0.0 4.0 3.0 2.0 6.0 4.0 0.0 1.0 6.0 1.0 3.0 0.0 5.0 0.0 0.0 8.0 1.0 1.0 5.0 3.0 6.0 4.0 5.0 0.0 2.0 0.0 0.0 0.0 0.0 0.0 0.0 2.0 0.0 0.0 0.0 0.0 9.0 5.0 0.0 26.0 42.0 27.0 0.0 0.0 0.0 0.0 
0.0 0.0 0.0 0.0 77.0 31.0 1.0 5.0 4.0 2.0 5.0 1.0 4.0 0.0 0.0 3.0 3.0 3.0 0.0 5.0 2.0 1.0 0.0 1.0 2.0 0.0 2.0 1.0 2.0 0.0 3.0 0.0 0.0 4.0 7.0 5.0 8.0 0.0 0.0 0.0 0.0 2.0 0.0 1.0 4.0 2.0 0.0 6.0 3.0 2.0 0.0 0.0 1.0 2.0 0.0 4.0 0.0 4.0 2.0 0.0 0.0 0.0 3.0 1.0 1.0 3.0 0.0 4.0 3.0 1.0 4.0 3.0 1.0 1.0 2.0 2.0 0.0 2.0 0.0 2.0 4.0 2.0 1.0 2.0 2.0 0.0 0.0 2.0 10.0 1.0 1.0 3.0 2.0 3.0 23.0 109.0 0.0 0.0 0.0 0.0 
0.0 0.0 0.0 1.0 173.0 3.0 1.0 0.0 0.0 1.0 0.0 3.0 0.0 0.0 2.0 2.0 0.0 7.0 0.0 1.0 11.0 0.0 1.0 1.0 5.0 1.0 0.0 2.0 2.0 5.0 0.0 0.0 0.0 2.0 1.0 0.0 1.0 2.0 2.0 2.0 1.0 5.0 0.0 5.0 1.0 2.0 1.0 0.0 1.0 3.0 0.0 5.0 1.0 3.0 2.0 1.0 9.0 1.0 1.0 0.0 0.0 1.0 2.0 0.0 4.0 0.0 4.0 1.0 0.0 4.0 0.0 0.0 2.0 0.0 0.0 1.0 2.0 0.0 0.0 2.0 1.0 0.0 4.0 1.0 1.0 2.0 5.0 5.0 0.0 1.0 0.0 2.0 0.0 0.0 18.0 55.0 9.0 0.0 0.0 0.0 
0.0 0.0 0.0 30.0 22.0 19.0 4.0 1.0 0.0 1.0 0.0 0.0 1.0 1.0 0.0 1.0 4.0 3.0 0.0 0.0 5.0 1.0 1.0 5.0 0.0 2.0 3.0 1.0 0.0 5.0 0.0 1.0 2.0 2.0 2.0 1.0 3.0 4.0 0.0 7.0 3.0 4.0 1.0 2.0 9.0 2.0 4.0 1.0 1.0 4.0 0.0 8.0 0.0 4.0 1.0 1.0 2.0 3.0 0.0 0.0 0.0 0.0 0.0 7.0 6.0 1.0 6.0 6.0 1.0 2.0 0.0 4.0 2.0 4.0 0.0 4.0 4.0 2.0 1.0 1.0 0.0 0.0 7.0 4.0 0.0 5.0 1.0 2.0 5.0 0.0 2.0 0.0 0.0 2.0 4.0 34.0 34.0 0.0 0.0 0.0 
0.0 0.0 0.0 128.0 10.0 2.0 4.0 6.0 3.0 1.0 1.0 3.0 3.0 2.0 1.0 7.0 5.0 5.0 0.0 0.0 0.0 5.0 0.0 0.0 2.0 0.0 3.0 0.0 1.0 2.0 4.0 1.0 1.0 2.0 0.0 4.0 3.0 2.0 0.0 2.0 1.0 0.0 6.0 1.0 0.0 5.0 1.0 1.0 4.0 5.0 3.0 2.0 4.0 2.0 0.0 2.0 5.0 0.0 0.0 0.0 2.0 1.0 1.0 0.0 0.0 3.0 2.0 1.0 3.0 4.0 0.0 0.0 3.0 0.0 1.0 0.0 6.0 1.0 3.0 0.0 2.0 1.0 3.0 0.0 5.0 0.0 1.0 3.0 2.0 0.0 1.0 2.0 1.0 2.0 7.0 6.0 104.0 0.0 0.0 0.0 
0.0 0.0 15.0 94.0 17.0 0.0 1.0 0.0 0.0 2.0 1.0 8.0 0.0 0.0 1.0 0.0 3.0 1.0 0.0 0.0 9.0 0.0 6.0 1.0 10.0 2.0 0.0 3.0 0.0 0.0 1.0 0.0 3.0 0.0 4.0 1.0 0.0 5.0 1.0 2.0 1.0 1.0 1.0 0.0 4.0 0.0 2.0 2.0 2.0 0.0 2.0 1.0 1.0 0.0 0.0 0.0 0.0 5.0 3.0 10.0 0.0 0.0 0.0 0.0 6.0 0.0 1.0 2.0 2.0 2.0 6.0 2.0 3.0 0.0 0.0 0.0 1.0 5.0 0.0 1.0 1.0 1.0 0.0 5.0 2.0 1.0 0.0 4.0 0.0 4.0 1.0 1.0 1.0 1.0 0.0 7.0 15.0 22.0 0.0 0.0 
0.0 0.0 32.0 19.0 1.0 4.0 3.0 3.0 0.0 0.0 0.0 3.0 3.0 0.0 0.0 1.0 1.0 0.0 4.0 0.0 4.0 5.0 0.0 1.0 3.0 6.0 0.0 6.0 4.0 2.0 1.0 3.0 0.0 5.0 0.0 2.0 0.0 5.0 2.0 5.0 7.0 1.0 1.0 3.0 0.0 0.0 2.0 1.0 1.0 1.0 0.0 1.0 5.0 0.0 0.0 4.0 5.0 10.0 1.0 1.0 4.0 0.0 0.0 2.0 4.0 1.0 1.0 4.0 4.0 0.0 0.0 4.0 0.0 0.0 4.0 1.0 1.0 0.0 4.0 1.0 0.0 2.0 0.0 2.0 0.0 4.0 0.0 0.0 6.0 3.0 8.0 2.0 5.0 1.0 3.0 5.0 15.0 37.0 0.0 0.0 
0.0 0.0 52.0 2.0 4.0 4.0 1.0 3.0 0.0 0.0 0.0 2.0 3.0 2.0 3.0 2.0 3.0 3.0 5.0 2.0 10.0 0.0 0.0 0.0 2.0 1.0 0.0 1.0 0.0 5.0 0.0 0.0 3.0 1.0 2.0 1.0 0.0 0.0 0.0 2.0 0.0 7.0 3.0 4.0 1.0 1.0 3.0 8.0 2.0 2.0 0.0 2.0 1.0 3.0 4.0 2.0 1.0 2.0 3.0 6.0 0.0 0.0 0.0 6.0 0.0 1.0 1.0 6.0 1.0 0.0 0.0 2.0 0.0 2.0 0.0 0.0 4.0 3.0 0.0 2.0 2.0 0.0 1.0 1.0 0.0 0.0 10.0 10.0 2.0 1.0 11.0 0.0 6.0 2.0 1.0 6.0 4.0 36.0 0.0 0.0 
0.0 0.0 186.0 0.0 1.0 2.0 0.0 0.0 0.0 4.0 6.0 2.0 4.0 1.0 5.0 0.0 0.0 2.0 4.0 0.0 0.0 0.0 1.0 0.0 3.0 6.0 2.0 2.0 5.0 2.0 2.0 7.0 1.0 1.0 0.0 4.0 0.0 1.0 0.0 3.0 0.0 2.0 0.0 0.0 5.0 1.0 1.0 3.0 1.0 2.0 4.0 0.0 1.0 2.0 4.0 1.0 3.0 2.0 0.0 2.0 0.0 0.0 4.0 1.0 2.0 3.0 2.0 1.0 0.0 0.0 4.0 0.0 4.0 3.0 2.0 1.0 1.0 0.0 1.0 0.0 0.0 1.0 0.0 2.0 0.0 0.0 2.0 0.0 3.0 2.0 1.0 0.0 0.0 2.0 0.0 8.0 8.0 45.0 0.0 0.0 
0.0 15.0 64.0 16.0 6.0 3.0 0.0 1.0 4.0 1.0 3.0 0.0 0.0 0.0 1.0 0.0 1.0 8.0 4.0 1.0 0.0 1.0 0.0 4.0 0.0 0.0 0.0 2.0 3.0 1.0 8.0 3.0 3.0 1.0 3.0 0.0 5.0 4.0 0.0 0.0 1.0 2.0 0.0 4.0 5.0 2.0 0.0 2.0 1.0 3.0 0.0 0.0 4.0 0.0 1.0 1.0 4.0 1.0 0.0 1.0 5.0 0.0 3.0 1.0 2.0 1.0 3.0 1.0 4.0 4.0 0.0 10.0 0.0 1.0 1.0 4.0 2.0 3.0 9.0 1.0 0.0 8.0 1.0 1.0 3.0 7.0 1.0 2.0 0.0 0.0 0.0 6.0 0.0 0.0 4.0 1.0 5.0 83.0 0.0 0.0 
0.0 23.0 49.0 8.0 1.0 2.0 5.0 4.0 0.0 3.0 1.0 7.0 0.0 0.0 1.0 1.0 5.0 0.0 5.0 4.0 0.0 8.0 0.0 0.0 3.0 0.0 1.0 0.0 7.0 0.0 1.0 2.0 4.0 0.0 3.0 3.0 0.0 0.0 0.0 4.0 0.0 0.0 0.0 2.0 6.0 0.0 0.0 1.0 0.0 1.0 1.0 0.0 1.0 2.0 3.0 4.0 0.0 3.0 0.0 1.0 0.0 0.0 1.0 2.0 0.0 0.0 0.0 0.0 1.0 2.0 1.0 3.0 0.0 1.0 2.0 1.0 2.0 3.0 0.0 1.0 9.0 0.0 1.0 3.0 2.0 0.0 0.0 8.0 4.0 1.0 1.0 4.0 0.0 3.0 1.0 1.0 0.0 182.0 0.0 0.0 
0.0 59.0 13.0 4.0 5.0 2.0 1.0 0.0 0.0 0.0 6.0 0.0 4.0 0.0 0.0 9.0 0.0 0.0 5.0 4.0 1.0 0.0 0.0 5.0 2.0 1.0 1.0 3.0 2.0 3.0 0.0 4.0 4.0 3.0 0.0 4.0 3.0 4.0 1.0 1.0 7.0 2.0 3.0 4.0 0.0 4.0 4.0 1.0 5.0 1.0 2.0 0.0 1.0 2.0 3.0 6.0 3.0 3.0 2.0 0.0 0.0 7.0 6.0 0.0 1.0 2.0 6.0 4.0 0.0 3.0 0.0 6.0 0.0 1.0 1.0 0.0 9.0 2.0 5.0 1.0 3.0 5.0 3.0 2.0 2.0 3.0 3.0 1.0 0.0 0.0 2.0 1.0 0.0 1.0 1.0 0.0 22.0 69.0 7.0 0.0 
0.0 65.0 1.0 1.0 2.0 11.0 1.0 6.0 2.0 6.0 12.0 6.0 1.0 0.0 0.0 0.0 0.0 1.0 6.0 4.0 1.0 7.0 0.0 1.0 3.0 2.0 0.0 2.0 0.0 0.0 0.0 3.0 1.0 2.0 0.0 4.0 0.0 0.0 0.0 1.0 0.0 1.0 1.0 4.0 1.0 2.0 0.0 1.0 2.0 0.0 1.0 3.0 1.0 2.0 1.0 1.0 3.0 6.0 1.0 0.0 0.0 4.0 0.0 1.0 0.0 7.0 4.0 0.0 0.0 1.0 2.0 1.0 4.0 0.0 3.0 4.0 0.0 7.0 2.0 5.0 1.0 2.0 0.0 1.0 4.0 1.0 1.0 5.0 0.0 3.0 3.0 1.0 1.0 2.0 0.0 4.0 10.0 28.0 28.0 0.0 
0.0 125.0 1.0 0.0 0.0 0.0 1.0 7.0 2.0 0.0 0.0 8.0 0.0 2.0 0.0 5.0 5.0 1.0 9.0 2.0 3.0 2.0 11.0 2.0 2.0 0.0 3.0 7.0 0.0 0.0 2.0 4.0 1.0 0.0 0.0 0.0 2.0 5.0 2.0 3.0 5.0 6.0 3.0 3.0 3.0 1.0 4.0 2.0 0.0 5.0 0.0 2.0 2.0 0.0 1.0 8.0 2.0 2.0 0.0 0.0 0.0 1.0 3.0 3.0 8.0 0.0 4.0 0.0 2.0 0.0 2.0 2.0 0.0 1.0 0.0 3.0 1.0 0.0 5.0 9.0 0.0 0.0 3.0 8.0 1.0 2.0 4.0 1.0 10.0 1.0 5.0 0.0 1.0 2.0 2.0 0.0 4.0 15.0 50.0 0.0 
20.0 43.0 22.0 3.0 0.0 8.0 0.0 1.0 1.0 3.0 0.0 0.0 1.0 0.0 2.0 2.0 3.0 4.0 3.0 4.0 5.0 0.0 1.0 0.0 2.0 1.0 0.0 1.0 2.0 1.0 0.0 3.0 3.0 0.0 0.0 2.0 0.0 0.0 2.0 0.0 9.0 2.0 0.0 0.0 2.0 1.0 4.0 7.0 0.0 0.0 9.0 1.0 0.0 0.0 0.0 0.0 0.0 3.0 0.0 0.0 0.0 3.0 0.0 13.0 1.0 0.0 3.0 2.0 1.0 0.0 0.0 0.0 4.0 0.0 0.0 3.0 0.0 6.0 0.0 5.0 1.0 1.0 0.0 2.0 2.0 7.0 5.0 0.0 1.0 1.0 0.0 1.0 0.0 6.0 0.0 2.0 2.0 19.0 65.0 0.0 
0.0 124.0 1.0 2.0 1.0 4.0 3.0 3.0 0.0 1.0 3.0 0.0 5.0 2.0 2.0 0.0 1.0 1.0 1.0 2.0 2.0 1.0 3.0 3.0 2.0 6.0 3.0 2.0 1.0 5.0 1.0 4.0 6.0 4.0 1.0 0.0 2.0 0.0 0.0 1.0 1.0 2.0 2.0 0.0 1.0 2.0 3.0 1.0 3.0 2.0 0.0 4.0 1.0 1.0 0.0 5.0 2.0 3.0 1.0 0.0 2.0 1.0 2.0 0.0 2.0 3.0 2.0 2.0 1.0 0.0 0.0 9.0 1.0 0.0 2.0 0.0 2.0 2.0 5.0 0.0 1.0 0.0 2.0 0.0 3.0 0.0 4.0 0.0 0.0 5.0 0.0 3.0 4.0 1.0 2.0 0.0 17.0 40.0 17.0 0.0 
0.0 57.0 5.0 1.0 1.0 5.0 1.0 11.0 1.0 2.0 0.0 4.0 2.0 2.0 2.0 5.0 0.0 2.0 1.0 0.0 1.0 4.0 5.0 1.0 1.0 5.0 1.0 2.0 4.0 3.0 0.0 1.0 0.0 1.0 0.0 5.0 4.0 2.0 3.0 1.0 0.0 0.0 4.0 0.0 0.0 2.0 1.0 1.0 0.0 1.0 2.0 2.0 1.0 5.0 0.0 0.0 0.0 3.0 3.0 0.0 1.0 7.0 4.0 1.0 2.0 1.0 0.0 1.0 1.0 5.0 0.0 2.0 1.0 6.0 4.0 2.0 1.0 3.0 1.0 6.0 2.0 2.0 3.0 0.0 1.0 1.0 0.0 1.0 1.0 4.0 4.0 0.0 1.0 4.0 3.0 4.0 12.0 54.0 21.0 0.0 
0.0 71.0 4.0 2.0 0.0 0.0 0.0 0.0 5.0 5.0 7.0 9.0 2.0 1.0 1.0 2.0 6.0 1.0 4.0 7.0 4.0 0.0 2.0 0.0 10.0 3.0 0.0 6.0 3.0 1.0 1.0 1.0 5.0 0.0 0.0 2.0 0.0 1.0 2.0 1.0 0.0 2.0 0.0 0.0 2.0 0.0 1.0 3.0 6.0 5.0 1.0 0.0 2.0 5.0 0.0 0.0 1.0 2.0 5.0 0.0 0.0 0.0 3.0 3.0 3.0 0.0 7.0 0.0 7.0 2.0 0.0 1.0 1.0 1.0 0.0 4.0 2.0 2.0 1.0 0.0 2.0 0.0 5.0 1.0 1.0 0.0 1.0 3.0 0.0 5.0 0.0 2.0 2.0 2.0 2.0 0.0 12.0 70.0 16.0 0.0 
0.0 61.0 7.0 3.0 5.0 0.0 0.0 0.0 0.0 2.0 2.0 0.0 3.0 3.0 7.0 2.0 8.0 0.0 0.0 1.0 6.0 6.0 10.0 1.0 3.0 4.0 1.0 3.0 0.0 13.0 1.0 1.0 6.0 2.0 0.0 0.0 2.0 0.0 2.0 0.0 0.0 0.0 0.0 1.0 0.0 11.0 0.0 0.0 0.0 1.0 2.0 2.0 1.0 2.0 2.0 1.0 3.0 0.0 3.0 1.0 2.0 0.0 1.0 2.0 1.0 0.0 1.0 0.0 1.0 3.0 0.0 6.0 1.0 0.0 9.0 3.0 4.0 0.0 8.0 0.0 3.0 0.0 3.0 0.0 0.0 2.0 1.0 0.0 0.0 0.0 4.0 0.0 2.0 2.0 4.0 0.0 17.0 47.0 15.0 0.0 
0.0 128.0 1.0 1.0 3.0 4.0 0.0 2.0 7.0 0.0 2.0 6.0 0.0 0.0 0.0 1.0 0.0 2.0 4.0 4.0 0.0 1.0 2.0 7.0 1.0 1.0 0.0 0.0 1.0 0.0 3.0 4.0 0.0 4.0 0.0 3.0 2.0 1.0 0.0 0.0 1.0 0.0 0.0 2.0 0.0 0.0 4.0 1.0 2.0 2.0 3.0 1.0 1.0 1.0 2.0 0.0 6.0 6.0 0.0 0.0 0.0 2.0 0.0 5.0 3.0 3.0 1.0 1.0 2.0 3.0 0.0 1.0 0.0 1.0 5.0 8.0 1.0 0.0 2.0 4.0 5.0 2.0 0.0 0.0 2.0 1.0 3.0 1.0 5.0 1.0 1.0 4.0 2.0 3.0 1.0 2.0 3.0 20.0 36.0 0.0 
0.0 120.0 0.0 6.0 0.0 1.0 0.0 1.0 0.0 3.0 1.0 0.0 2.0 2.0 0.0 2.0 0.0 0.0 1.0 0.0 0.0 0.0 4.0 8.0 0.0 6.0 0.0 0.0 1.0 5.0 2.0 0.0 3.0 1.0 0.0 7.0 1.0 11.0 5.0 0.0 2.0 0.0 3.0 0.0 1.0 2.0 5.0 0.0 5.0 1.0 5.0 1.0 1.0 0.0 1.0 1.0 1.0 0.0 1.0 4.0 0.0 2.0 3.0 10.0 2.0 4.0 0.0 2.0 1.0 5.0 2.0 3.0 1.0 0.0 6.0 4.0 1.0 0.0 2.0 0.0 2.0 1.0 6.0 9.0 3.0 4.0 0.0 3.0 1.0 2.0 2.0 0.0 0.0 9.0 1.0 1.0 11.0 12.0 23.0 0.0 
0.0 80.0 0.0 0.0 0.0 2.0 4.0 0.0 3.0 0.0 2.0 0.0 5.0 1.0 5.0 5.0 0.0 0.0 8.0 0.0 0.0 0.0 0.0 0.0 4.0 1.0 2.0 0.0 0.0 1.0 1.0 2.0 3.0 0.0 1.0 2.0 2.0 0.0 0.0 3.0 6.0 3.0 2.0 2.0 3.0 4.0 4.0 5.0 3.0 1.0 2.0 1.0 0.0 5.0 2.0 2.0 0.0 1.0 4.0 1.0 4.0 4.0 5.0 1.0 4.0 1.0 7.0 2.0 2.0 1.0 11.0 3.0 0.0 0.0 0.0 0.0 2.0 0.0 1.0 0.0 6.0 2.0 1.0 2.0 0.0 0.0 3.0 0.0 0.0 0.0 0.0 2.0 1.0 1.0 1.0 1.0 1.0 123.0 0.0 0.0 
0.0 153.0 0.0 4.0 0.0 2.0 2.0 0.0 5.0 1.0 1.0 2.0 3.0 1.0 0.0 1.0 4.0 0.0 5.0 1.0 3.0 0.0 0.0 7.0 2.0 0.0 7.0 0.0 3.0 4.0 0.0 1.0 3.0 4.0 4.0 7.0 1.0 0.0 3.0 0.0 0.0 0.0 4.0 1.0 3.0 0.0 0.0 2.0 1.0 2.0 0.0 8.0 0.0 2.0 0.0 0.0 2.0 2.0 4.0 4.0 0.0 0.0 0.0 1.0 1.0 1.0 3.0 1.0 0.0 2.0 3.0 0.0 2.0 1.0 5.0 0.0 5.0 5.0 3.0 1.0 0.0 0.0 1.0 3.0 2.0 4.0 0.0 2.0 4.0 7.0 0.0 0.0 6.0 5.0 1.0 0.0 0.0 88.0 0.0 0.0 
0.0 109.0 0.0 2.0 1.0 0.0 2.0 0.0 1.0 0.0 1.0 1.0 2.0 0.0 0.0 1.0 0.0 9.0 1.0 0.0 4.0 4.0 3.0 1.0 6.0 2.0 3.0 0.0 9.0 0.0 0.0 4.0 2.0 2.0 0.0 0.0 0.0 2.0 2.0 3.0 1.0 6.0 1.0 2.0 1.0 1.0 0.0 1.0 0.0 2.0 0.0 3.0 1.0 0.0 1.0 2.0 2.0 4.0 0.0 2.0 0.0 0.0 1.0 6.0 1.0 3.0 0.0 0.0 2.0 1.0 0.0 1.0 3.0 5.0 6.0 2.0 9.0 2.0 2.0 3.0 0.0 4.0 0.0 0.0 5.0 3.0 0.0 5.0 1.0 5.0 7.0 0.0 3.0 2.0 0.0 6.0 4.0 59.0 0.0 0.0 
0.0 55.0 19.0 0.0 0.0 3.0 2.0 1.0 0.0 1.0 4.0 1.0 6.0 2.0 3.0 2.0 0.0 1.0 2.0 6.0 2.0 0.0 2.0 0.0 0.0 0.0 4.0 3.0 1.0 9.0 1.0 4.0 2.0 0.0 0.0 0.0 1.0 4.0 0.0 7.0 0.0 0.0 5.0 0.0 3.0 1.0 0.0 6.0 0.0 7.0 2.0 0.0 1.0 0.0 0.0 0.0 2.0 0.0 4.0 5.0 0.0 4.0 0.0 1.0 0.0 0.0 4.0 1.0 2.0 0.0 2.0 0.0 2.0 2.0 3.0 0.0 4.0 8.0 0.0 0.0 1.0 1.0 0.0 3.0 3.0 6.0 0.0 0.0 0.0 1.0 0.0 5.0 2.0 0.0 1.0 1.0 5.0 55.0 0.0 0.0 
0.0 12.0 134.0 15.0 0.0 3.0 0.0 4.0 1.0 3.0 1.0 4.0 1.0 0.0 0.0 1.0 0.0 0.0 0.0 1.0 3.0 0.0 4.0 0.0 2.0 2.0 0.0 4.0 4.0 3.0 1.0 2.0 2.0 0.0 1.0 3.0 0.0 1.0 2.0 2.0 1.0 0.0 7.0 0.0 0.0 4.0 0.0 7.0 0.0 0.0 0.0 0.0 1.0 2.0 1.0 0.0 1.0 1.0 3.0 2.0 2.0 1.0 0.0 2.0 0.0 3.0 3.0 1.0 0.0 0.0 0.0 0.0 0.0 1.0 0.0 0.0 7.0 0.0 2.0 0.0 3.0 2.0 0.0 8.0 1.0 0.0 1.0 1.0 1.0 6.0 0.0 3.0 2.0 6.0 0.0 1.0 1.0 33.0 0.0 0.0 
0.0 27.0 51.0 19.0 4.0 1.0 8.0 0.0 0.0 3.0 1.0 2.0 4.0 0.0 0.0 2.0 7.0 1.0 0.0 1.0 2.0 0.0 1.0 0.0 3.0 1.0 4.0 17.0 8.0 1.0 0.0 5.0 2.0 2.0 0.0 0.0 12.0 1.0 0.0 0.0 0.0 0.0 0.0 7.0 7.0 1.0 1.0 0.0 3.0 0.0 5.0 0.0 6.0 1.0 0.0 3.0 3.0 0.0 5.0 0.0 9.0 0.0 8.0 2.0 7.0 0.0 0.0 1.0 4.0 0.0 0.0 3.0 0.0 5.0 1.0 5.0 0.0 3.0 0.0 3.0 0.0 0.0 6.0 1.0 6.0 0.0 2.0 5.0 3.0 3.0 0.0 7.0 0.0 1.0 0.0 0.0 10.0 33.0 0.0 0.0 
0.0 0.0 124.0 8.0 1.0 1.0 2.0 1.0 1.0 4.0 0.0 3.0 1.0 5.0 2.0 3.0 4.0 2.0 1.0 1.0 1.0 5.0 0.0 0.0 1.0 2.0 1.0 0.0 3.0 5.0 2.0 2.0 2.0 5.0 10.0 1.0 2.0 0.0 3.0 2.0 4.0 0.0 1.0 0.0 0.0 5.0 0.0 0.0 0.0 3.0 0.0 1.0 7.0 4.0 2.0 1.0 1.0 0.0 0.0 2.0 0.0 0.0 7.0 1.0 1.0 1.0 3.0 2.0 1.0 0.0 0.0 3.0 0.0 0.0 0.0 1.0 1.0 7.0 2.0 0.0 4.0 3.0 0.0 2.0 2.0 3.0 2.0 0.0 1.0 0.0 2.0 0.0 4.0 1.0 0.0 6.0 18.0 30.0 0.0 0.0 
0.0 0.0 73.0 4.0 2.0 1.0 0.0 5.0 0.0 10.0 0.0 6.0 3.0 2.0 5.0 7.0 2.0 2.0 1.0 2.0 2.0 0.0 2.0 4.0 1.0 5.0 0.0 1.0 0.0 2.0 1.0 3.0 0.0 0.0 0.0 1.0 0.0 3.0 1.0 0.0 0.0 0.0 0.0 1.0 3.0 0.0 5.0 3.0 5.0 0.0 0.0 6.0 0.0 3.0 0.0 6.0 3.0 1.0 0.0 0.0 0.0 1.0 2.0 2.0 2.0 13.0 0.0 6.0 1.0 0.0 7.0 1.0 4.0 0.0 0.0 8.0 2.0 2.0 0.0 7.0 0.0 2.0 0.0 3.0 0.0 3.0 4.0 5.0 1.0 0.0 1.0 7.0 0.0 3.0 0.0 10.0 118.0 13.0 0.0 0.0 
0.0 0.0 38.0 6.0 8.0 7.0 2.0 2.0 1.0 2.0 1.0 2.0 0.0 3.0 3.0 2.0 3.0 1.0 2.0 0.0 6.0 4.0 2.0 2.0 1.0 0.0 2.0 2.0 1.0 5.0 2.0 0.0 1.0 1.0 1.0 0.0 0.0 8.0 0.0 1.0 1.0 4.0 5.0 1.0 0.0 2.0 5.0 0.0 0.0 1.0 5.0 2.0 0.0 6.0 5.0 1.0 1.0 0.0 0.0 6.0 1.0 5.0 0.0 1.0 0.0 5.0 5.0 0.0 1.0 0.0 0.0 3.0 3.0 2.0 3.0 6.0 4.0 4.0 0.0 3.0 1.0 3.0 1.0 0.0 1.0 4.0 9.0 0.0 5.0 0.0 0.0 0.0 2.0 2.0 0.0 2.0 75.0 0.0 0.0 0.0 
0.0 0.0 20.0 4.0 4.0 3.0 4.0 0.0 2.0 3.0 5.0 0.0 1.0 1.0 6.0 5.0 2.0 11.0 1.0 2.0 4.0 2.0 1.0 3.0 1.0 3.0 0.0 1.0 1.0 0.0 3.0 2.0 0.0 4.0 6.0 4.0 2.0 0.0 3.0 5.0 8.0 1.0 1.0 0.0 2.0 2.0 0.0 9.0 1.0 8.0 0.0 1.0 1.0 0.0 0.0 2.0 0.0 0.0 1.0 3.0 1.0 1.0 5.0 1.0 2.0 4.0 1.0 1.0 0.0 1.0 0.0 4.0 3.0 2.0 0.0 0.0 4.0 0.0 3.0 3.0 0.0 0.0 4.0 0.0 0.0 3.0 1.0 1.0 2.0 10.0 0.0 2.0 2.0 2.0 4.0 27.0 62.0 0.0 0.0 0.0 
0.0 0.0 0.0 183.0 5.0 4.0 0.0 1.0 2.0 4.0 2.0 0.0 0.0 0.0 4.0 0.0 1.0 0.0 4.0 0.0 4.0 1.0 4.0 6.0 3.0 3.0 18.0 2.0 3.0 13.0 0.0 2.0 4.0 0.0 4.0 0.0 2.0 1.0 4.0 2.0 1.0 0.0 0.0 1.0 1.0 1.0 2.0 3.0 8.0 0.0 2.0 4.0 2.0 0.0 0.0 4.0 0.0 4.0 6.0 0.0 0.0 1.0 5.0 2.0 0.0 0.0 1.0 1.0 0.0 0.0 7.0 0.0 1.0 1.0 4.0 4.0 1.0 3.0 1.0 1.0 0.0 0.0 6.0 4.0 1.0 1.0 1.0 0.0 2.0 0.0 0.0 1.0 2.0 2.0 13.0 18.0 24.0 0.0 0.0 0.0 
0.0 0.0 0.0 52.0 6.0 3.0 4.0 1.0 1.0 4.0 1.0 0.0 0.0 2.0 14.0 0.0 1.0 4.0 0.0 1.0 6.0 0.0 5.0 0.0 0.0 1.0 6.0 4.0 5.0 0.0 5.0 3.0 0.0 8.0 6.0 2.0 1.0 5.0 1.0 2.0 4.0 0.0 0.0 0.0 5.0 3.0 4.0 2.0 2.0 2.0 0.0 7.0 0.0 6.0 0.0 2.0 7.0 0.0 2.0 5.0 6.0 0.0 0.0 10.0 0.0 5.0 0.0 5.0 4.0 1.0 0.0 1.0 7.0 8.0 2.0 1.0 3.0 2.0 1.0 3.0 0.0 5.0 1.0 0.0 0.0 0.0 0.0 0.0 4.0 0.0 2.0 0.0 0.0 0.0 9.0 194.0 0.0 0.0 0.0 0.0 
0.0 0.0 0.0 26.0 11.0 10.0 2.0 3.0 6.0 4.0 3.0 2.0 2.0 2.0 3.0 0.0 6.0 4.0 0.0 0.0 2.0 8.0 4.0 2.0 0.0 2.0 0.0 3.0 0.0 0.0 4.0 1.0 1.0 0.0 2.0 3.0 0.0 2.0 0.0 4.0 0.0 0.0 0.0 0.0 0.0 0.0 0.0 0.0 0.0 3.0 5.0 0.0 1.0 0.0 0.0 1.0 2.0 0.0 0.0 4.0 0.0 1.0 3.0 2.0 2.0 4.0 0.0 0.0 3.0 1.0 1.0 4.0 2.0 1.0 5.0 0.0 3.0 3.0 0.0 0.0 1.0 1.0 2.0 4.0 1.0 4.0 2.0 4.0 0.0 0.0 9.0 2.0 1.0 1.0 4.0 61.0 0.0 0.0 0.0 0.0 
0.0 0.0 0.0 0.0 139.0 1.0 5.0 3.0 2.0 1.0 1.0 2.0 2.0 0.0 0.0 0.0 0.0 0.0 0.0 5.0 0.0 1.0 2.0 1.0 3.0 0.0 0.0 4.0 0.0 3.0 1.0 0.0 2.0 0.0 2.0 1.0 4.0 2.0 2.0 7.0 2.0 3.0 2.0 1.0 0.0 2.0 0.0 2.0 0.0 4.0 2.0 1.0 1.0 0.0 4.0 3.0 3.0 8.0 2.0 2.0 1.0 0.0 5.0 3.0 4.0 1.0 2.0 1.0 4.0 0.0 0.0 6.0 0.0 4.0 1.0 8.0 3.0 2.0 1.0 5.0 1.0 0.0 5.0 0.0 1.0 2.0 2.0 1.0 6.0 0.0 1.0 4.0 5.0 23.0 148.0 0.0 0.0 0.0 0.0 0.0 
0.0 0.0 0.0 0.0 47.0 3.0 0.0 0.0 0.0 0.0 1.0 1.0 10.0 6.0 3.0 1.0 10.0 0.0 1.0 7.0 2.0 2.0 1.0 1.0 8.0 1.0 7.0 0.0 1.0 0.0 4.0 2.0 2.0 5.0 1.0 2.0 0.0 2.0 1.0 4.0 1.0 1.0 2.0 1.0 5.0 3.0 0.0 1.0 3.0 2.0 1.0 4.0 0.0 4.0 3.0 4.0 0.0 2.0 2.0 0.0 1.0 0.0 1.0 0.0 0.0 1.0 1.0 0.0 0.0 1.0 1.0 1.0 2.0 0.0 0.0 2.0 2.0 7.0 6.0 1.0 0.0 5.0 1.0 0.0 1.0 0.0 4.0 0.0 2.0 6.0 2.0 0.0 14.0 26.0 28.0 0.0 0.0 0.0 0.0 0.0 
0.0 0.0 0.0 0.0 0.0 187.0 9.0 3.0 2.0 0.0 0.0 2.0 4.0 2.0 2.0 1.0 1.0 3.0 0.0 1.0 1.0 0.0 2.0 6.0 1.0 0.0 3.0 2.0 2.0 3.0 0.0 0.0 4.0 0.0 3.0 0.0 2.0 2.0 2.0 5.0 3.0 7.0 0.0 5.0 1.0 2.0 0.0 1.0 0.0 0.0 0.0 1.0 7.0 0.0 4.0 3.0 2.0 1.0 2.0 0.0 3.0 6.0 3.0 0.0 0.0 4.0 1.0 4.0 0.0 3.0 1.0 3.0 1.0 2.0 1.0 3.0 7.0 0.0 2.0 5.0 0.0 7.0 0.0 8.0 2.0 1.0 0.0 0.0 1.0 0.0 1.0 0.0 9.0 106.0 0.0 0.0 0.0 0.0 0.0 0.0 
0.0 0.0 0.0 0.0 0.0 26.0 36.0 30.0 3.0 6.0 5.0 3.0 0.0 0.0 2.0 13.0 2.0 0.0 2.0 0.0 0.0 5.0 0.0 4.0 2.0 1.0 1.0 1.0 0.0 0.0 0.0 15.0 0.0 1.0 1.0 0.0 2.0 2.0 1.0 3.0 4.0 2.0 0.0 4.0 0.0 1.0 2.0 0.0 1.0 1.0 8.0 7.0 0.0 3.0 3.0 2.0 3.0 1.0 0.0 0.0 4.0 10.0 5.0 2.0 1.0 0.0 9.0 1.0 3.0 1.0 2.0 1.0 2.0 3.0 1.0 3.0 5.0 3.0 2.0 1.0 3.0 5.0 1.0 2.0 0.0 4.0 1.0 4.0 0.0 0.0 0.0 5.0 8.0 44.0 0.0 0.0 0.0 0.0 0.0 0.0 
0.0 0.0 0.0 0.0 0.0 0.0 67.0 1.0 4.0 0.0 0.0 6.0 5.0 1.0 10.0 1.0 3.0 5.0 0.0 9.0 2.0 1.0 2.0 0.0 0.0 4.0 2.0 3.0 2.0 0.0 1.0 5.0 3.0 0.0 4.0 1.0 0.0 3.0 0.0 7.0 0.0 0.0 7.0 1.0 2.0 4.0 0.0 2.0 3.0 0.0 1.0 1.0 2.0 8.0 2.0 0.0 0.0 1.0 0.0 0.0 0.0 1.0 4.0 0.0 4.0 6.0 1.0 3.0 4.0 2.0 2.0 2.0 1.0 0.0 2.0 2.0 3.0 3.0 0.0 0.0 3.0 5.0 2.0 2.0 0.0 2.0 0.0 0.0 0.0 1.0 0.0 2.0 118.0 0.0 0.0 0.0 0.0 0.0 0.0 0.0 
0.0 0.0 0.0 0.0 0.0 0.0 0.0 145.0 13.0 1.0 9.0 0.0 7.0 7.0 3.0 0.0 2.0 1.0 3.0 0.0 0.0 0.0 1.0 3.0 9.0 0.0 0.0 0.0 0.0 4.0 5.0 2.0 0.0 2.0 0.0 0.0 1.0 1.0 1.0 3.0 6.0 6.0 0.0 3.0 5.0 1.0 1.0 0.0 2.0 0.0 6.0 0.0 0.0 0.0 0.0 1.0 0.0 0.0 4.0 0.0 0.0 2.0 0.0 2.0 2.0 2.0 3.0 5.0 0.0 0.0 5.0 1.0 6.0 0.0 2.0 3.0 0.0 1.0 0.0 1.0 1.0 5.0 7.0 0.0 7.0 2.0 1.0 2.0 2.0 0.0 7.0 175.0 0.0 0.0 0.0 0.0 0.0 0.0 0.0 0.0 
0.0 0.0 0.0 0.0 0.0 0.0 0.0 27.0 9.0 10.0 2.0 1.0 3.0 1.0 0.0 0.0 6.0 1.0 0.0 3.0 0.0 1.0 8.0 0.0 0.0 3.0 1.0 1.0 6.0 1.0 0.0 2.0 1.0 5.0 1.0 2.0 5.0 3.0 2.0 3.0 1.0 0.0 4.0 3.0 1.0 0.0 1.0 0.0 0.0 2.0 5.0 1.0 0.0 9.0 2.0 0.0 0.0 1.0 0.0 5.0 7.0 1.0 1.0 6.0 1.0 2.0 1.0 1.0 3.0 0.0 0.0 1.0 3.0 8.0 1.0 2.0 0.0 6.0 1.0 0.0 0.0 0.0 0.0 1.0 0.0 5.0 0.0 2.0 1.0 4.0 6.0 45.0 0.0 0.0 0.0 0.0 0.0 0.0 0.0 0.0 
0.0 0.0 0.0 0.0 0.0 0.0 0.0 0.0 94.0 3.0 2.0 1.0 0.0 1.0 2.0 1.0 5.0 0.0 4.0 1.0 0.0 1.0 3.0 0.0 2.0 1.0 4.0 5.0 2.0 0.0 1.0 0.0 2.0 6.0 1.0 1.0 2.0 0.0 7.0 1.0 6.0 4.0 0.0 0.0 0.0 4.0 2.0 2.0 0.0 3.0 5.0 0.0 2.0 0.0 0.0 0.0 4.0 0.0 2.0 1.0 2.0 1.0 2.0 0.0 8.0 2.0 4.0 4.0 1.0 0.0 1.0 3.0 0.0 5.0 3.0 1.0 3.0 2.0 1.0 3.0 0.0 4.0 0.0 5.0 2.0 0.0 2.0 1.0 1.0 3.0 120.0 0.0 0.0 0.0 0.0 0.0 0.0 0.0 0.0 0.0 
0.0 0.0 0.0 0.0 0.0 0.0 0.0 0.0 0.0 166.0 3.0 1.0 2.0 0.0 6.0 0.0 2.0 0.0 3.0 3.0 7.0 4.0 1.0 7.0 0.0 5.0 0.0 2.0 4.0 2.0 1.0 0.0 3.0 6.0 5.0 0.0 1.0 1.0 1.0 0.0 1.0 0.0 0.0 1.0 0.0 2.0 0.0 0.0 1.0 0.0 0.0 2.0 0.0 9.0 0.0 2.0 5.0 2.0 3.0 2.0 2.0 2.0 5.0 0.0 2.0 3.0 0.0 2.0 0.0 2.0 0.0 0.0 4.0 1.0 3.0 4.0 1.0 1.0 2.0 0.0 4.0 0.0 0.0 0.0 1.0 1.0 1.0 1.0 15.0 174.0 0.0 0.0 0.0 0.0 0.0 0.0 0.0 0.0 0.0 0.0 
0.0 0.0 0.0 0.0 0.0 0.0 0.0 0.0 0.0 28.0 8.0 7.0 6.0 8.0 2.0 2.0 0.0 0.0 7.0 4.0 7.0 3.0 4.0 2.0 2.0 2.0 0.0 0.0 2.0 1.0 1.0 2.0 5.0 2.0 2.0 4.0 2.0 0.0 1.0 1.0 7.0 2.0 5.0 0.0 2.0 8.0 1.0 7.0 1.0 2.0 0.0 2.0 1.0 9.0 0.0 3.0 0.0 1.0 1.0 1.0 7.0 4.0 1.0 2.0 3.0 7.0 1.0 4.0 1.0 1.0 1.0 2.0 0.0 6.0 0.0 2.0 2.0 0.0 2.0 0.0 5.0 3.0 5.0 7.0 0.0 5.0 2.0 17.0 8.0 29.0 0.0 0.0 0.0 0.0 0.0 0.0 0.0 0.0 0.0 0.0 
0.0 0.0 0.0 0.0 0.0 0.0 0.0 0.0 0.0 0.0 86.0 1.0 3.0 4.0 3.0 3.0 0.0 4.0 3.0 0.0 3.0 8.0 0.0 1.0 0.0 1.0 2.0 0.0 0.0 1.0 4.0 0.0 4.0 4.0 0.0 1.0 1.0 1.0 1.0 3.0 1.0 1.0 6.0 15.0 7.0 3.0 0.0 0.0 3.0 0.0 3.0 6.0 4.0 0.0 1.0 1.0 0.0 4.0 1.0 0.0 1.0 0.0 0.0 6.0 0.0 1.0 5.0 2.0 5.0 0.0 2.0 0.0 1.0 4.0 0.0 1.0 0.0 2.0 4.0 2.0 1.0 2.0 0.0 2.0 2.0 0.0 5.0 4.0 95.0 0.0 0.0 0.0 0.0 0.0 0.0 0.0 0.0 0.0 0.0 0.0 
0.0 0.0 0.0 0.0 0.0 0.0 0.0 0.0 0.0 0.0 0.0 151.0 25.0 4.0 2.0 4.0 0.0 0.0 1.0 6.0 4.0 5.0 1.0 0.0 4.0 5.0 3.0 10.0 2.0 4.0 3.0 6.0 0.0 0.0 3.0 2.0 1.0 2.0 0.0 2.0 8.0 6.0 1.0 0.0 3.0 0.0 0.0 0.0 0.0 5.0 2.0 1.0 0.0 0.0 0.0 2.0 2.0 0.0 1.0 7.0 0.0 0.0 1.0 2.0 0.0 3.0 4.0 1.0 6.0 1.0 4.0 2.0 4.0 3.0 1.0 8.0 0.0 0.0 1.0 4.0 5.0 3.0 4.0 0.0 2.0 3.0 9.0 112.0 0.0 0.0 0.0 0.0 0.0 0.0 0.0 0.0 0.0 0.0 0.0 0.0 
0.0 0.0 0.0 0.0 0.0 0.0 0.0 0.0 0.0 0.0 0.0 29.0 31.0 28.0 3.0 1.0 0.0 1.0 0.0 0.0 0.0 11.0 8.0 3.0 3.0 0.0 3.0 0.0 0.0 2.0 0.0 2.0 2.0 4.0 5.0 2.0 2.0 0.0 0.0 0.0 3.0 4.0 3.0 1.0 1.0 4.0 0.0 0.0 1.0 0.0 2.0 0.0 1.0 2.0 3.0 2.0 0.0 2.0 3.0 3.0 1.0 0.0 0.0 2.0 1.0 2.0 1.0 6.0 0.0 0.0 0.0 2.0 0.0 0.0 0.0 4.0 2.0 8.0 0.0 2.0 4.0 6.0 0.0 2.0 2.0 5.0 128.0 4.0 0.0 0.0 0.0 0.0 0.0 0.0 0.0 0.0 0.0 0.0 0.0 0.0 
0.0 0.0 0.0 0.0 0.0 0.0 0.0 0.0 0.0 0.0 0.0 0.0 54.0 14.0 7.0 4.0 0.0 0.0 0.0 4.0 4.0 0.0 0.0 6.0 0.0 0.0 0.0 1.0 0.0 1.0 8.0 2.0 4.0 0.0 6.0 1.0 0.0 1.0 0.0 6.0 0.0 3.0 6.0 1.0 0.0 0.0 0.0 4.0 0.0 3.0 1.0 3.0 0.0 1.0 1.0 9.0 3.0 1.0 1.0 1.0 3.0 0.0 10.0 4.0 0.0 1.0 0.0 0.0 2.0 3.0 3.0 0.0 2.0 0.0 0.0 6.0 2.0 1.0 6.0 2.0 4.0 3.0 1.0 3.0 4.0 177.0 2.0 0.0 0.0 0.0 0.0 0.0 0.0 0.0 0.0 0.0 0.0 0.0 0.0 0.0 
0.0 0.0 0.0 0.0 0.0 0.0 0.0 0.0 0.0 0.0 0.0 0.0 0.0 71.0 1.0 2.0 2.0 1.0 7.0 1.0 1.0 3.0 3.0 0.0 5.0 4.0 0.0 1.0 2.0 0.0 0.0 1.0 5.0 1.0 2.0 2.0 1.0 5.0 0.0 0.0 4.0 0.0 0.0 3.0 0.0 6.0 3.0 5.0 0.0 2.0 4.0 0.0 5.0 2.0 0.0 0.0 0.0 2.0 0.0 1.0 2.0 0.0 0.0 2.0 4.0 0.0 4.0 0.0 0.0 0.0 1.0 0.0 2.0 0.0 0.0 0.0 5.0 2.0 12.0 1.0 6.0 1.0 6.0 1.0 188.0 0.0 0.0 0.0 0.0 0.0 0.0 0.0 0.0 0.0 0.0 0.0 0.0 0.0 0.0 0.0 
0.0 0.0 0.0 0.0 0.0 0.0 0.0 0.0 0.0 0.0 0.0 0.0 0.0 0.0 102.0 0.0 1.0 3.0 4.0 2.0 0.0 2.0 0.0 0.0 0.0 0.0 0.0 5.0 0.0 4.0 4.0 1.0 1.0 1.0 0.0 3.0 0.0 1.0 1.0 0.0 5.0 0.0 0.0 7.0 4.0 3.0 1.0 1.0 2.0 7.0 1.0 1.0 0.0 2.0 0.0 2.0 2.0 4.0 3.0 1.0 2.0 0.0 4.0 0.0 2.0 0.0 2.0 0.0 2.0 0.0 2.0 0.0 0.0 0.0 0.0 2.0 0.0 7.0 0.0 3.0 6.0 0.0 2.0 166.0 0.0 0.0 0.0 0.0 0.0 0.0 0.0 0.0 0.0 0.0 0.0 0.0 0.0 0.0 0.0 0.0 
0.0 0.0 0.0 0.0 0.0 0.0 0.0 0.0 0.0 0.0 0.0 0.0 0.0 0.0 0.0 112.0 0.0 6.0 1.0 1.0 3.0 0.0 6.0 1.0 1.0 0.0 1.0 1.0 2.0 1.0 4.0 4.0 3.0 2.0 1.0 0.0 1.0 0.0 2.0 1.0 2.0 3.0 5.0 0.0 2.0 2.0 2.0 8.0 4.0 0.0 0.0 3.0 6.0 1.0 1.0 2.0 2.0 0.0 1.0 2.0 4.0 7.0 0.0 9.0 2.0 0.0 1.0 6.0 0.0 1.0 3.0 2.0 3.0 2.0 5.0 0.0 2.0 0.0 4.0 2.0 2.0 4.0 202.0 0.0 0.0 0.0 0.0 0.0 0.0 0.0 0.0 0.0 0.0 0.0 0.0 0.0 0.0 0.0 0.0 0.0 
0.0 0.0 0.0 0.0 0.0 0.0 0.0 0.0 0.0 0.0 0.0 0.0 0.0 0.0 0.0 0.0 122.0 3.0 10.0 3.0 0.0 4.0 0.0 0.0 4.0 6.0 2.0 1.0 8.0 2.0 5.0 0.0 0.0 2.0 2.0 0.0 2.0 1.0 3.0 2.0 3.0 2.0 0.0 1.0 1.0 1.0 2.0 7.0 2.0 0.0 8.0 4.0 1.0 0.0 2.0 5.0 0.0 1.0 5.0 5.0 1.0 0.0 0.0 0.0 3.0 0.0 2.0 2.0 0.0 3.0 0.0 6.0 0.0 2.0 1.0 2.0 2.0 0.0 2.0 8.0 2.0 128.0 0.0 0.0 0.0 0.0 0.0 0.0 0.0 0.0 0.0 0.0 0.0 0.0 0.0 0.0 0.0 0.0 0.0 0.0 
0.0 0.0 0.0 0.0 0.0 0.0 0.0 0.0 0.0 0.0 0.0 0.0 0.0 0.0 0.0 0.0 0.0 108.0 5.0 5.0 0.0 0.0 1.0 1.0 3.0 0.0 1.0 1.0 0.0 3.0 0.0 6.0 4.0 1.0 2.0 1.0 2.0 3.0 4.0 2.0 0.0 8.0 0.0 1.0 1.0 3.0 0.0 1.0 2.0 4.0 1.0 0.0 2.0 6.0 0.0 1.0 2.0 3.0 1.0 1.0 6.0 0.0 0.0 10.0 1.0 2.0 2.0 1.0 3.0 4.0 3.0 4.0 0.0 2.0 2.0 0.0 2.0 1.0 32.0 7.0 81.0 0.0 0.0 0.0 0.0 0.0 0.0 0.0 0.0 0.0 0.0 0.0 0.0 0.0 0.0 0.0 0.0 0.0 0.0 0.0 
0.0 0.0 0.0 0.0 0.0 0.0 0.0 0.0 0.0 0.0 0.0 0.0 0.0 0.0 0.0 0.0 0.0 0.0 83.0 1.0 5.0 1.0 0.0 3.0 1.0 2.0 6.0 1.0 2.0 0.0 0.0 2.0 3.0 9.0 2.0 4.0 0.0 0.0 5.0 1.0 2.0 8.0 2.0 0.0 0.0 0.0 1.0 3.0 0.0 1.0 1.0 0.0 1.0 0.0 0.0 2.0 0.0 2.0 6.0 4.0 2.0 2.0 5.0 0.0 0.0 4.0 2.0 4.0 3.0 3.0 7.0 5.0 2.0 5.0 2.0 2.0 0.0 22.0 87.0 39.0 0.0 0.0 0.0 0.0 0.0 0.0 0.0 0.0 0.0 0.0 0.0 0.0 0.0 0.0 0.0 0.0 0.0 0.0 0.0 0.0 
0.0 0.0 0.0 0.0 0.0 0.0 0.0 0.0 0.0 0.0 0.0 0.0 0.0 0.0 0.0 0.0 0.0 0.0 0.0 92.0 4.0 18.0 0.0 1.0 2.0 3.0 1.0 0.0 0.0 1.0 4.0 1.0 0.0 1.0 0.0 3.0 1.0 1.0 0.0 7.0 0.0 0.0 1.0 2.0 0.0 3.0 2.0 0.0 1.0 3.0 1.0 1.0 1.0 0.0 3.0 0.0 0.0 8.0 3.0 2.0 3.0 1.0 0.0 0.0 4.0 1.0 1.0 5.0 0.0 2.0 1.0 2.0 0.0 1.0 2.0 0.0 1.0 152.0 12.0 0.0 0.0 0.0 0.0 0.0 0.0 0.0 0.0 0.0 0.0 0.0 0.0 0.0 0.0 0.0 0.0 0.0 0.0 0.0 0.0 0.0 
0.0 0.0 0.0 0.0 0.0 0.0 0.0 0.0 0.0 0.0 0.0 0.0 0.0 0.0 0.0 0.0 0.0 0.0 0.0 0.0 73.0 18.0 11.0 2.0 1.0 3.0 0.0 0.0 1.0 0.0 8.0 1.0 5.0 0.0 5.0 0.0 1.0 2.0 1.0 2.0 4.0 0.0 2.0 4.0 0.0 0.0 1.0 3.0 0.0 3.0 1.0 3.0 1.0 1.0 1.0 0.0 3.0 0.0 2.0 3.0 0.0 2.0 0.0 3.0 0.0 0.0 0.0 2.0 1.0 0.0 5.0 0.0 1.0 0.0 4.0 0.0 160.0 0.0 0.0 0.0 0.0 0.0 0.0 0.0 0.0 0.0 0.0 0.0 0.0 0.0 0.0 0.0 0.0 0.0 0.0 0.0 0.0 0.0 0.0 0.0 
0.0 0.0 0.0 0.0 0.0 0.0 0.0 0.0 0.0 0.0 0.0 0.0 0.0 0.0 0.0 0.0 0.0 0.0 0.0 0.0 0.0 39.0 163.0 1.0 1.0 3.0 1.0 0.0 1.0 3.0 0.0 1.0 0.0 3.0 0.0 7.0 0.0 1.0 0.0 5.0 1.0 0.0 0.0 1.0 0.0 0.0 1.0 1.0 3.0 1.0 0.0 1.0 0.0 0.0 3.0 1.0 7.0 2.0 2.0 1.0 3.0 2.0 2.0 0.0 1.0 2.0 0.0 0.0 0.0 2.0 0.0 5.0 0.0 9.0 3.0 108.0 0.0 0.0 0.0 0.0 0.0 0.0 0.0 0.0 0.0 0.0 0.0 0.0 0.0 0.0 0.0 0.0 0.0 0.0 0.0 0.0 0.0 0.0 0.0 0.0 
0.0 0.0 0.0 0.0 0.0 0.0 0.0 0.0 0.0 0.0 0.0 0.0 0.0 0.0 0.0 0.0 0.0 0.0 0.0 0.0 0.0 0.0 0.0 115.0 3.0 15.0 1.0 0.0 4.0 0.0 4.0 0.0 3.0 0.0 2.0 0.0 9.0 1.0 4.0 3.0 0.0 0.0 0.0 3.0 2.0 1.0 7.0 0.0 2.0 0.0 2.0 1.0 7.0 1.0 4.0 1.0 2.0 2.0 9.0 1.0 1.0 0.0 4.0 1.0 1.0 0.0 1.0 3.0 5.0 0.0 3.0 1.0 21.0 12.0 77.0 0.0 0.0 0.0 0.0 0.0 0.0 0.0 0.0 0.0 0.0 0.0 0.0 0.0 0.0 0.0 0.0 0.0 0.0 0.0 0.0 0.0 0.0 0.0 0.0 0.0 
0.0 0.0 0.0 0.0 0.0 0.0 0.0 0.0 0.0 0.0 0.0 0.0 0.0 0.0 0.0 0.0 0.0 0.0 0.0 0.0 0.0 0.0 0.0 0.0 69.0 27.0 14.0 0.0 0.0 7.0 5.0 1.0 0.0 0.0 3.0 4.0 0.0 2.0 2.0 0.0 1.0 7.0 3.0 5.0 1.0 0.0 0.0 4.0 0.0 2.0 2.0 1.0 8.0 0.0 4.0 0.0 0.0 1.0 3.0 0.0 1.0 1.0 13.0 0.0 2.0 5.0 1.0 1.0 2.0 2.0 6.0 11.0 121.0 43.0 0.0 0.0 0.0 0.0 0.0 0.0 0.0 0.0 0.0 0.0 0.0 0.0 0.0 0.0 0.0 0.0 0.0 0.0 0.0 0.0 0.0 0.0 0.0 0.0 0.0 0.0 
0.0 0.0 0.0 0.0 0.0 0.0 0.0 0.0 0.0 0.0 0.0 0.0 0.0 0.0 0.0 0.0 0.0 0.0 0.0 0.0 0.0 0.0 0.0 0.0 0.0 24.0 190.0 6.0 7.0 2.0 1.0 4.0 0.0 4.0 6.0 7.0 5.0 3.0 1.0 4.0 2.0 1.0 3.0 0.0 6.0 2.0 0.0 2.0 1.0 0.0 0.0 5.0 8.0 0.0 1.0 2.0 8.0 2.0 0.0 2.0 3.0 1.0 1.0 0.0 0.0 1.0 2.0 0.0 3.0 7.0 8.0 133.0 12.0 0.0 0.0 0.0 0.0 0.0 0.0 0.0 0.0 0.0 0.0 0.0 0.0 0.0 0.0 0.0 0.0 0.0 0.0 0.0 0.0 0.0 0.0 0.0 0.0 0.0 0.0 0.0 
0.0 0.0 0.0 0.0 0.0 0.0 0.0 0.0 0.0 0.0 0.0 0.0 0.0 0.0 0.0 0.0 0.0 0.0 0.0 0.0 0.0 0.0 0.0 0.0 0.0 0.0 0.0 89.0 11.0 3.0 12.0 5.0 1.0 5.0 7.0 0.0 0.0 0.0 1.0 0.0 0.0 1.0 0.0 4.0 2.0 0.0 0.0 1.0 0.0 2.0 0.0 0.0 4.0 6.0 3.0 2.0 2.0 2.0 1.0 0.0 6.0 4.0 4.0 7.0 2.0 1.0 1.0 17.0 16.0 124.0 24.0 0.0 0.0 0.0 0.0 0.0 0.0 0.0 0.0 0.0 0.0 0.0 0.0 0.0 0.0 0.0 0.0 0.0 0.0 0.0 0.0 0.0 0.0 0.0 0.0 0.0 0.0 0.0 0.0 0.0 
0.0 0.0 0.0 0.0 0.0 0.0 0.0 0.0 0.0 0.0 0.0 0.0 0.0 0.0 0.0 0.0 0.0 0.0 0.0 0.0 0.0 0.0 0.0 0.0 0.0 0.0 0.0 0.0 39.0 115.0 11.0 7.0 2.0 2.0 6.0 3.0 4.0 0.0 1.0 0.0 0.0 0.0 2.0 5.0 0.0 3.0 2.0 0.0 0.0 0.0 1.0 0.0 4.0 1.0 2.0 3.0 6.0 2.0 3.0 1.0 8.0 1.0 3.0 2.0 5.0 23.0 16.0 113.0 53.0 0.0 0.0 0.0 0.0 0.0 0.0 0.0 0.0 0.0 0.0 0.0 0.0 0.0 0.0 0.0 0.0 0.0 0.0 0.0 0.0 0.0 0.0 0.0 0.0 0.0 0.0 0.0 0.0 0.0 0.0 0.0 
0.0 0.0 0.0 0.0 0.0 0.0 0.0 0.0 0.0 0.0 0.0 0.0 0.0 0.0 0.0 0.0 0.0 0.0 0.0 0.0 0.0 0.0 0.0 0.0 0.0 0.0 0.0 0.0 0.0 0.0 22.0 102.0 2.0 5.0 0.0 4.0 16.0 2.0 3.0 3.0 2.0 5.0 0.0 1.0 2.0 1.0 4.0 4.0 2.0 0.0 2.0 0.0 2.0 2.0 3.0 5.0 2.0 3.0 5.0 1.0 2.0 21.0 7.0 2.0 23.0 61.0 64.0 8.0 0.0 0.0 0.0 0.0 0.0 0.0 0.0 0.0 0.0 0.0 0.0 0.0 0.0 0.0 0.0 0.0 0.0 0.0 0.0 0.0 0.0 0.0 0.0 0.0 0.0 0.0 0.0 0.0 0.0 0.0 0.0 0.0 
0.0 0.0 0.0 0.0 0.0 0.0 0.0 0.0 0.0 0.0 0.0 0.0 0.0 0.0 0.0 0.0 0.0 0.0 0.0 0.0 0.0 0.0 0.0 0.0 0.0 0.0 0.0 0.0 0.0 0.0 0.0 0.0 47.0 50.0 88.0 117.0 26.0 24.0 8.0 12.0 7.0 1.0 1.0 3.0 0.0 0.0 2.0 0.0 1.0 0.0 1.0 1.0 0.0 7.0 16.0 3.0 0.0 6.0 1.0 0.0 33.0 49.0 147.0 114.0 57.0 22.0 0.0 0.0 0.0 0.0 0.0 0.0 0.0 0.0 0.0 0.0 0.0 0.0 0.0 0.0 0.0 0.0 0.0 0.0 0.0 0.0 0.0 0.0 0.0 0.0 0.0 0.0 0.0 0.0 0.0 0.0 0.0 0.0 0.0 0.0 
0.0 0.0 0.0 0.0 0.0 0.0 0.0 0.0 0.0 0.0 0.0 0.0 0.0 0.0 0.0 0.0 0.0 0.0 0.0 0.0 0.0 0.0 0.0 0.0 0.0 0.0 0.0 0.0 0.0 0.0 0.0 0.0 0.0 0.0 0.0 0.0 33.0 42.0 70.0 108.0 15.0 4.0 1.0 0.0 21.0 1.0 1.0 10.0 9.0 19.0 18.0 4.0 1.0 25.0 37.0 10.0 176.0 126.0 62.0 65.0 78.0 20.0 7.0 0.0 0.0 0.0 0.0 0.0 0.0 0.0 0.0 0.0 0.0 0.0 0.0 0.0 0.0 0.0 0.0 0.0 0.0 0.0 0.0 0.0 0.0 0.0 0.0 0.0 0.0 0.0 0.0 0.0 0.0 0.0 0.0 0.0 0.0 0.0 0.0 0.0 
0.0 0.0 0.0 0.0 0.0 0.0 0.0 0.0 0.0 0.0 0.0 0.0 0.0 0.0 0.0 0.0 0.0 0.0 0.0 0.0 0.0 0.0 0.0 0.0 0.0 0.0 0.0 0.0 0.0 0.0 0.0 0.0 0.0 0.0 0.0 0.0 0.0 0.0 0.0 9.0 32.0 103.0 139.0 156.0 67.0 164.0 171.0 24.0 133.0 78.0 61.0 113.0 91.0 55.0 25.0 24.0 0.0 0.0 0.0 0.0 0.0 0.0 0.0 0.0 0.0 0.0 0.0 0.0 0.0 0.0 0.0 0.0 0.0 0.0 0.0 0.0 0.0 0.0 0.0 0.0 0.0 0.0 0.0 0.0 0.0 0.0 0.0 0.0 0.0 0.0 0.0 0.0 0.0 0.0 0.0 0.0 0.0 0.0 0.0 0.0 
0.0 0.0 0.0 0.0 0.0 0.0 0.0 0.0 0.0 0.0 0.0 0.0 0.0 0.0 0.0 0.0 0.0 0.0 0.0 0.0 0.0 0.0 0.0 0.0 0.0 0.0 0.0 0.0 0.0 0.0 0.0 0.0 0.0 0.0 0.0 0.0 0.0 0.0 0.0 0.0 0.0 0.0 0.0 0.0 19.0 0.0 0.0 18.0 5.0 14.0 21.0 5.0 0.0 0.0 0.0 0.0 0.0 0.0 0.0 0.0 0.0 0.0 0.0 0.0 0.0 0.0 0.0 0.0 0.0 0.0 0.0 0.0 0.0 0.0 0.0 0.0 0.0 0.0 0.0 0.0 0.0 0.0 0.0 0.0 0.0 0.0 0.0 0.0 0.0 0.0 0.0 0.0 0.0 0.0 0.0 0.0 0.0 0.0 0.0 0.0 
