0.0 0.0 0.0 0.0 0.0 0.0 0.0 0.0 0.0 0.0 0.0 0.0 0.0 0.0 0.0 0.0 0.0 0.0 0.0 0.0 0.0 0.0 0.0 0.0 0.0 0.0 0.0 0.0 0.0 0.0 0.0 0.0 0.0 0.0 0.0 0.0 0.0 0.0 0.0 0.0 0.0 0.0 0.0 0.0 0.0 0.0 0.0 0.0 0.0 0.0 0.0 0.0 0.0 0.0 0.0 0.0 0.0 0.0 0.0 0.0 0.0 0.0 0.0 0.0 0.0 0.0 0.0 0.0 0.0 0.0 0.0 0.0 0.0 0.0 0.0 0.0 0.0 0.0 0.0 0.0 0.0 0.0 0.0 0.0 0.0 0.0 0.0 0.0 0.0 0.0 0.0 0.0 0.0 0.0 0.0 0.0 0.0 0.0 0.0 0.0 
0.0 0.0 0.0 0.0 0.0 0.0 0.0 0.0 0.0 0.0 0.0 0.0 0.0 0.0 0.0 0.0 0.0 0.0 0.0 0.0 0.0 0.0 0.0 0.0 0.0 0.0 0.0 0.0 0.0 0.0 0.0 0.0 0.0 0.0 0.0 0.0 0.0 0.0 0.0 0.0 0.0 0.0 0.0 0.0 0.0 0.0 0.0 0.0 0.0 0.0 19.0 26.0 8.0 0.0 0.0 0.0 0.0 0.0 0.0 0.0 0.0 0.0 0.0 0.0 0.0 0.0 0.0 0.0 0.0 0.0 0.0 0.0 0.0 0.0 0.0 0.0 0.0 0.0 0.0 0.0 0.0 0.0 0.0 0.0 0.0 0.0 0.0 0.0 0.0 0.0 0.0 0.0 0.0 0.0 0.0 0.0 0.0 0.0 0.0 0.0 
0.0 0.0 0.0 0.0 0.0 0.0 0.0 0.0 0.0 0.0 0.0 0.0 0.0 0.0 0.0 0.0 0.0 0.0 0.0 0.0 0.0 0.0 0.0 0.0 0.0 0.0 0.0 0.0 0.0 0.0 0.0 0.0 0.0 0.0 0.0 0.0 0.0 0.0 0.0 0.0 0.0 0.0 0.0 0.0 26.0 40.0 46.0 39.0 30.0 130.0 78.0 85.0 103.0 170.0 84.0 110.0 159.0 68.0 91.0 75.0 36.0 20.0 0.0 0.0 0.0 0.0 0.0 0.0 0.0 0.0 0.0 0.0 0.0 0.0 0.0 0.0 0.0 0.0 0.0 0.0 0.0 0.0 0.0 0.0 0.0 0.0 0.0 0.0 0.0 0.0 0.0 0.0 0.0 0.0 0.0 0.0 0.0 0.0 0.0 0.0 
0.0 0.0 0.0 0.0 0.0 0.0 0.0 0.0 0.0 0.0 0.0 0.0 0.0 0.0 0.0 0.0 0.0 0.0 0.0 0.0 0.0 0.0 0.0 0.0 0.0 0.0 0.0 0.0 0.0 0.0 0.0 0.0 0.0 0.0 0.0 0.0 0.0 0.0 11.0 35.0 27.0 50.0 75.0 102.0 31.0 41.0 6.0 3.0 2.0 6.0 10.0 28.0 10.0 0.0 0.0 0.0 5.0 4.0 1.0 2.0 22.0 33.0 71.0 23.0 0.0 0.0 0.0 0.0 0.0 0.0 0.0 0.0 0.0 0.0 0.0 0.0 0.0 0.0 0.0 0.0 0.0 0.0 0.0 0.0 0.0 0.0 0.0 0.0 0.0 0.0 0.0 0.0 0.0 0.0 0.0 0.0 0.0 0.0 0.0 0.0 
0.0 0.0 0.0 0.0 0.0 0.0 0.0 0.0 0.0 0.0 0.0 0.0 0.0 0.0 0.0 0.0 0.0 0.0 0.0 0.0 0.0 0.0 0.0 0.0 0.0 0.0 0.0 0.0 0.0 0.0 0.0 0.0 0.0 0.0 28.0 47.0 94.0 91.0 88.0 29.0 13.0 8.0 4.0 2.0 33.0 5.0 3.0 3.0 5.0 2.0 2.0 4.0 2.0 1.0 0.0 0.0 1.0 0.0 1.0 2.0 0.0 29.0 9.0 12.0 186.0 58.0 25.0 0.0 0.0 0.0 0.0 0.0 0.0 0.0 0.0 0.0 0.0 0.0 0.0 0.0 0.0 0.0 0.0 0.0 0.0 0.0 0.0 0.0 0.0 0.0 0.0 0.0 0.0 0.0 0.0 0.0 0.0 0.0 0.0 0.0 
0.0 0.0 0.0 0.0 0.0 0.0 0.0 0.0 0.0 0.0 0.0 0.0 0.0 0.0 0.0 0.0 0.0 0.0 0.0 0.0 0.0 0.0 0.0 0.0 0.0 0.0 0.0 0.0 0.0 0.0 0.0 0.0 53.0 130.0 9.0 5.0 3.0 0.0 19.0 4.0 5.0 3.0 0.0 2.0 5.0 1.0 0.0 2.0 1.0 3.0 0.0 0.0 7.0 0.0 9.0 0.0 6.0 1.0 2.0 3.0 1.0 2.0 0.0 14.0 3.0 20.0 35.0 76.0 31.0 0.0 0.0 0.0 0.0 0.0 0.0 0.0 0.0 0.0 0.0 0.0 0.0 0.0 0.0 0.0 0.0 0.0 0.0 0.0 0.0 0.0 0.0 0.0 0.0 0.0 0.0 0.0 0.0 0.0 0.0 0.0 
0.0 0.0 0.0 0.0 0.0 0.0 0.0 0.0 0.0 0.0 0.0 0.0 0.0 0.0 0.0 0.0 0.0 0.0 0.0 0.0 0.0 0.0 0.0 0.0 0.0 0.0 0.0 0.0 0.0 0.0 57.0 192.0 3.0 0.0 3.0 3.0 3.0 1.0 0.0 3.0 1.0 0.0 2.0 0.0 2.0 0.0 8.0 1.0 2.0 0.0 0.0 1.0 0.0 3.0 0.0 4.0 0.0 0.0 1.0 0.0 1.0 3.0 1.0 0.0 1.0 1.0 27.0 21.0 19.0 107.0 54.0 0.0 0.0 0.0 0.0 0.0 0.0 0.0 0.0 0.0 0.0 0.0 0.0 0.0 0.0 0.0 0.0 0.0 0.0 0.0 0.0 0.0 0.0 0.0 0.0 0.0 0.0 0.0 0.0 0.0 
0.0 0.0 0.0 0.0 0.0 0.0 0.0 0.0 0.0 0.0 0.0 0.0 0.0 0.0 0.0 0.0 0.0 0.0 0.0 0.0 0.0 0.0 0.0 0.0 0.0 0.0 0.0 0.0 19.0 169.0 4.0 1.0 6.0 2.0 1.0 3.0 0.0 2.0 1.0 3.0 0.0 1.0 1.0 6.0 4.0 0.0 3.0 0.0 0.0 2.0 3.0 1.0 4.0 2.0 0.0 4.0 4.0 0.0 1.0 1.0 2.0 2.0 4.0 5.0 2.0 0.0 0.0 5.0 15.0 3.0 2.0 109.0 33.0 0.0 0.0 0.0 0.0 0.0 0.0 0.0 0.0 0.0 0.0 0.0 0.0 0.0 0.0 0.0 0.0 0.0 0.0 0.0 0.0 0.0 0.0 0.0 0.0 0.0 0.0 0.0 
0.0 0.0 0.0 0.0 0.0 0.0 0.0 0.0 0.0 0.0 0.0 0.0 0.0 0.0 0.0 0.0 0.0 0.0 0.0 0.0 0.0 0.0 0.0 0.0 0.0 0.0 0.0 66.0 24.0 24.0 2.0 1.0 0.0 2.0 10.0 1.0 2.0 8.0 0.0 0.0 1.0 0.0 2.0 0.0 6.0 3.0 0.0 2.0 1.0 10.0 0.0 0.0 0.0 0.0 1.0 4.0 6.0 1.0 8.0 0.0 2.0 2.0 0.0 2.0 0.0 4.0 3.0 3.0 0.0 1.0 4.0 21.0 15.0 72.0 0.0 0.0 0.0 0.0 0.0 0.0 0.0 0.0 0.0 0.0 0.0 0.0 0.0 0.0 0.0 0.0 0.0 0.0 0.0 0.0 0.0 0.0 0.0 0.0 0.0 0.0 
0.0 0.0 0.0 0.0 0.0 0.0 0.0 0.0 0.0 0.0 0.0 0.0 0.0 0.0 0.0 0.0 0.0 0.0 0.0 0.0 0.0 0.0 0.0 0.0 0.0 28.0 123.0 1.0 21.0 0.0 0.0 0.0 1.0 5.0 0.0 1.0 4.0 0.0 0.0 0.0 1.0 6.0 0.0 1.0 2.0 4.0 1.0 2.0 0.0 1.0 2.0 1.0 5.0 0.0 1.0 3.0 2.0 2.0 3.0 2.0 3.0 4.0 0.0 9.0 6.0 0.0 7.0 0.0 0.0 3.0 2.0 0.0 12.0 4.0 98.0 0.0 0.0 0.0 0.0 0.0 0.0 0.0 0.0 0.0 0.0 0.0 0.0 0.0 0.0 0.0 0.0 0.0 0.0 0.0 0.0 0.0 0.0 0.0 0.0 0.0 
0.0 0.0 0.0 0.0 0.0 0.0 0.0 0.0 0.0 0.0 0.0 0.0 0.0 0.0 0.0 0.0 0.0 0.0 0.0 0.0 0.0 0.0 0.0 0.0 74.0 28.0 18.0 2.0 6.0 1.0 2.0 2.0 1.0 4.0 2.0 0.0 1.0 1.0 2.0 0.0 1.0 0.0 2.0 0.0 0.0 1.0 0.0 6.0 3.0 0.0 2.0 1.0 2.0 4.0 4.0 0.0 5.0 4.0 1.0 0.0 0.0 1.0 4.0 9.0 0.0 2.0 3.0 2.0 0.0 0.0 3.0 0.0 6.0 5.0 12.0 157.0 16.0 0.0 0.0 0.0 0.0 0.0 0.0 0.0 0.0 0.0 0.0 0.0 0.0 0.0 0.0 0.0 0.0 0.0 0.0 0.0 0.0 0.0 0.0 0.0 
0.0 0.0 0.0 0.0 0.0 0.0 0.0 0.0 0.0 0.0 0.0 0.0 0.0 0.0 0.0 0.0 0.0 0.0 0.0 0.0 0.0 0.0 0.0 82.0 2.0 18.0 2.0 2.0 3.0 3.0 6.0 2.0 0.0 2.0 3.0 1.0 4.0 0.0 2.0 0.0 9.0 3.0 1.0 1.0 1.0 2.0 1.0 1.0 1.0 3.0 3.0 3.0 5.0 0.0 0.0 0.0 1.0 1.0 6.0 1.0 10.0 1.0 2.0 0.0 0.0 1.0 2.0 4.0 0.0 0.0 5.0 0.0 3.0 1.0 4.0 32.0 60.0 75.0 0.0 0.0 0.0 0.0 0.0 0.0 0.0 0.0 0.0 0.0 0.0 0.0 0.0 0.0 0.0 0.0 0.0 0.0 0.0 0.0 0.0 0.0 
0.0 0.0 0.0 0.0 0.0 0.0 0.0 0.0 0.0 0.0 0.0 0.0 0.0 0.0 0.0 0.0 0.0 0.0 0.0 0.0 0.0 18.0 140.0 2.0 3.0 0.0 6.0 3.0 1.0 3.0 1.0 2.0 3.0 0.0 0.0 0.0 2.0 3.0 0.0 3.0 0.0 2.0 2.0 7.0 2.0 3.0 7.0 8.0 1.0 5.0 0.0 1.0 2.0 10.0 0.0 0.0 3.0 1.0 6.0 0.0 1.0 2.0 1.0 2.0 2.0 3.0 1.0 2.0 0.0 0.0 0.0 0.0 2.0 3.0 2.0 0.0 25.0 3.0 116.0 0.0 0.0 0.0 0.0 0.0 0.0 0.0 0.0 0.0 0.0 0.0 0.0 0.0 0.0 0.0 0.0 0.0 0.0 0.0 0.0 0.0 
0.0 0.0 0.0 0.0 0.0 0.0 0.0 0.0 0.0 0.0 0.0 0.0 0.0 0.0 0.0 0.0 0.0 0.0 0.0 0.0 54.0 29.0 16.0 1.0 2.0 0.0 4.0 3.0 1.0 1.0 4.0 4.0 0.0 3.0 5.0 5.0 4.0 4.0 4.0 0.0 4.0 0.0 2.0 0.0 1.0 0.0 6.0 1.0 6.0 3.0 0.0 1.0 1.0 0.0 2.0 1.0 1.0 3.0 5.0 1.0 1.0 1.0 2.0 1.0 3.0 2.0 1.0 0.0 1.0 1.0 0.0 3.0 0.0 0.0 5.0 2.0 4.0 4.0 10.0 127.0 0.0 0.0 0.0 0.0 0.0 0.0 0.0 0.0 0.0 0.0 0.0 0.0 0.0 0.0 0.0 0.0 0.0 0.0 0.0 0.0 
0.0 0.0 0.0 0.0 0.0 0.0 0.0 0.0 0.0 0.0 0.0 0.0 0.0 0.0 0.0 0.0 0.0 0.0 0.0 58.0 18.0 48.0 2.0 2.0 1.0 0.0 1.0 0.0 2.0 2.0 0.0 6.0 4.0 0.0 3.0 3.0 3.0 1.0 9.0 1.0 0.0 2.0 1.0 2.0 5.0 3.0 3.0 2.0 1.0 4.0 0.0 5.0 1.0 1.0 2.0 0.0 1.0 3.0 1.0 1.0 0.0 5.0 0.0 0.0 0.0 0.0 5.0 0.0 3.0 1.0 0.0 0.0 0.0 0.0 0.0 0.0 3.0 5.0 3.0 3.0 105.0 0.0 0.0 0.0 0.0 0.0 0.0 0.0 0.0 0.0 0.0 0.0 0.0 0.0 0.0 0.0 0.0 0.0 0.0 0.0 
0.0 0.0 0.0 0.0 0.0 0.0 0.0 0.0 0.0 0.0 0.0 0.0 0.0 0.0 0.0 0.0 0.0 0.0 86.0 10.0 5.0 1.0 5.0 0.0 5.0 5.0 1.0 0.0 2.0 3.0 0.0 2.0 3.0 5.0 1.0 2.0 0.0 1.0 1.0 1.0 0.0 0.0 1.0 0.0 0.0 6.0 0.0 11.0 4.0 2.0 0.0 5.0 0.0 2.0 0.0 0.0 0.0 4.0 2.0 3.0 0.0 0.0 6.0 0.0 0.0 6.0 4.0 6.0 4.0 6.0 3.0 1.0 1.0 9.0 2.0 1.0 8.0 0.0 3.0 0.0 1.0 141.0 0.0 0.0 0.0 0.0 0.0 0.0 0.0 0.0 0.0 0.0 0.0 0.0 0.0 0.0 0.0 0.0 0.0 0.0 
0.0 0.0 0.0 0.0 0.0 0.0 0.0 0.0 0.0 0.0 0.0 0.0 0.0 0.0 0.0 0.0 0.0 109.0 1.0 7.0 0.0 0.0 0.0 5.0 1.0 2.0 3.0 0.0 6.0 4.0 0.0 1.0 9.0 1.0 3.0 0.0 1.0 1.0 2.0 2.0 4.0 0.0 0.0 0.0 0.0 2.0 1.0 0.0 5.0 0.0 0.0 1.0 0.0 1.0 0.0 5.0 2.0 3.0 1.0 6.0 5.0 2.0 1.0 0.0 0.0 5.0 1.0 6.0 4.0 6.0 1.0 0.0 1.0 0.0 2.0 5.0 1.0 0.0 0.0 2.0 2.0 1.0 174.0 0.0 0.0 0.0 0.0 0.0 0.0 0.0 0.0 0.0 0.0 0.0 0.0 0.0 0.0 0.0 0.0 0.0 
0.0 0.0 0.0 0.0 0.0 0.0 0.0 0.0 0.0 0.0 0.0 0.0 0.0 0.0 0.0 0.0 95.0 3.0 2.0 0.0 2.0 0.0 6.0 2.0 2.0 1.0 5.0 7.0 0.0 3.0 0.0 0.0 4.0 4.0 0.0 3.0 2.0 0.0 2.0 2.0 1.0 1.0 0.0 0.0 0.0 6.0 4.0 0.0 0.0 2.0 1.0 0.0 2.0 1.0 4.0 0.0 0.0 1.0 4.0 4.0 1.0 3.0 1.0 0.0 1.0 1.0 7.0 0.0 2.0 1.0 1.0 6.0 5.0 1.0 2.0 1.0 0.0 3.0 2.0 0.0 0.0 7.0 0.0 161.0 0.0 0.0 0.0 0.0 0.0 0.0 0.0 0.0 0.0 0.0 0.0 0.0 0.0 0.0 0.0 0.0 
0.0 0.0 0.0 0.0 0.0 0.0 0.0 0.0 0.0 0.0 0.0 0.0 0.0 0.0 0.0 70.0 8.0 3.0 1.0 0.0 3.0 0.0 6.0 2.0 0.0 3.0 9.0 2.0 5.0 5.0 8.0 0.0 0.0 0.0 4.0 1.0 10.0 0.0 1.0 0.0 0.0 4.0 5.0 2.0 2.0 0.0 0.0 0.0 12.0 0.0 19.0 2.0 1.0 0.0 2.0 0.0 5.0 4.0 5.0 1.0 3.0 0.0 1.0 0.0 5.0 0.0 3.0 5.0 0.0 3.0 0.0 0.0 0.0 2.0 3.0 1.0 0.0 1.0 2.0 2.0 0.0 4.0 5.0 1.0 150.0 0.0 0.0 0.0 0.0 0.0 0.0 0.0 0.0 0.0 0.0 0.0 0.0 0.0 0.0 0.0 
0.0 0.0 0.0 0.0 0.0 0.0 0.0 0.0 0.0 0.0 0.0 0.0 0.0 0.0 55.0 14.0 9.0 2.0 5.0 2.0 0.0 0.0 3.0 0.0 4.0 12.0 0.0 1.0 2.0 1.0 0.0 6.0 2.0 0.0 3.0 2.0 0.0 3.0 5.0 0.0 6.0 0.0 4.0 1.0 2.0 2.0 1.0 0.0 0.0 4.0 0.0 4.0 3.0 0.0 3.0 1.0 3.0 2.0 0.0 11.0 0.0 4.0 4.0 0.0 0.0 2.0 0.0 6.0 0.0 2.0 3.0 3.0 2.0 0.0 5.0 3.0 0.0 4.0 1.0 0.0 3.0 0.0 0.0 2.0 0.0 117.0 0.0 0.0 0.0 0.0 0.0 0.0 0.0 0.0 0.0 0.0 0.0 0.0 0.0 0.0 
0.0 0.0 0.0 0.0 0.0 0.0 0.0 0.0 0.0 0.0 0.0 0.0 0.0 51.0 49.0 28.0 3.0 9.0 0.0 6.0 5.0 0.0 0.0 5.0 0.0 7.0 0.0 0.0 1.0 5.0 2.0 4.0 0.0 2.0 4.0 1.0 4.0 0.0 0.0 1.0 1.0 1.0 0.0 2.0 0.0 0.0 4.0 0.0 0.0 0.0 1.0 12.0 4.0 0.0 1.0 0.0 0.0 2.0 1.0 5.0 0.0 1.0 2.0 0.0 0.0 0.0 2.0 2.0 6.0 2.0 2.0 4.0 0.0 2.0 4.0 2.0 2.0 4.0 3.0 7.0 1.0 2.0 4.0 1.0 4.0 2.0 87.0 0.0 0.0 0.0 0.0 0.0 0.0 0.0 0.0 0.0 0.0 0.0 0.0 0.0 
0.0 0.0 0.0 0.0 0.0 0.0 0.0 0.0 0.0 0.0 0.0 0.0 28.0 39.0 48.0 1.0 0.0 0.0 0.0 7.0 0.0 1.0 0.0 3.0 2.0 5.0 0.0 3.0 0.0 3.0 6.0 5.0 2.0 0.0 1.0 2.0 0.0 0.0 1.0 1.0 3.0 1.0 2.0 0.0 2.0 5.0 2.0 3.0 1.0 0.0 1.0 1.0 0.0 0.0 6.0 0.0 0.0 0.0 1.0 2.0 0.0 11.0 0.0 1.0 3.0 1.0 0.0 5.0 1.0 2.0 0.0 2.0 5.0 1.0 2.0 2.0 0.0 1.0 0.0 2.0 0.0 3.0 4.0 2.0 2.0 19.0 15.0 57.0 0.0 0.0 0.0 0.0 0.0 0.0 0.0 0.0 0.0 0.0 0.0 0.0 
0.0 0.0 0.0 0.0 0.0 0.0 0.0 0.0 0.0 0.0 0.0 0.0 165.0 25.0 1.0 2.0 1.0 1.0 1.0 3.0 2.0 3.0 0.0 5.0 1.0 1.0 4.0 6.0 0.0 4.0 2.0 3.0 3.0 0.0 2.0 0.0 2.0 8.0 4.0 3.0 3.0 1.0 4.0 1.0 1.0 4.0 0.0 0.0 5.0 0.0 0.0 9.0 0.0 2.0 2.0 0.0 7.0 2.0 9.0 2.0 1.0 1.0 0.0 1.0 1.0 2.0 1.0 3.0 4.0 2.0 2.0 0.0 2.0 0.0 1.0 0.0 0.0 3.0 1.0 3.0 4.0 0.0 2.0 3.0 0.0 0.0 18.0 17.0 58.0 0.0 0.0 0.0 0.0 0.0 0.0 0.0 0.0 0.0 0.0 0.0 
0.0 0.0 0.0 0.0 0.0 0.0 0.0 0.0 0.0 0.0 0.0 94.0 1.0 0.0 7.0 2.0 4.0 3.0 7.0 0.0 0.0 1.0 1.0 1.0 3.0 0.0 3.0 3.0 0.0 1.0 1.0 0.0 0.0 0.0 1.0 0.0 5.0 2.0 1.0 0.0 1.0 5.0 0.0 5.0 3.0 3.0 2.0 0.0 1.0 2.0 2.0 0.0 0.0 0.0 3.0 3.0 1.0 3.0 0.0 0.0 0.0 4.0 3.0 0.0 7.0 7.0 2.0 7.0 0.0 4.0 0.0 0.0 4.0 2.0 0.0 7.0 0.0 4.0 10.0 1.0 1.0 4.0 0.0 0.0 2.0 0.0 3.0 17.0 28.0 28.0 0.0 0.0 0.0 0.0 0.0 0.0 0.0 0.0 0.0 0.0 
0.0 0.0 0.0 0.0 0.0 0.0 0.0 0.0 0.0 0.0 76.0 3.0 2.0 0.0 4.0 0.0 2.0 5.0 1.0 1.0 5.0 2.0 2.0 4.0 0.0 3.0 4.0 0.0 1.0 4.0 0.0 0.0 5.0 1.0 1.0 2.0 13.0 2.0 2.0 3.0 0.0 0.0 3.0 0.0 2.0 0.0 1.0 0.0 0.0 0.0 0.0 0.0 1.0 1.0 1.0 2.0 2.0 0.0 4.0 2.0 1.0 0.0 0.0 1.0 3.0 1.0 0.0 3.0 0.0 2.0 1.0 3.0 2.0 0.0 2.0 2.0 2.0 1.0 3.0 1.0 2.0 1.0 1.0 0.0 0.0 1.0 3.0 0.0 18.0 130.0 0.0 0.0 0.0 0.0 0.0 0.0 0.0 0.0 0.0 0.0 
0.0 0.0 0.0 0.0 0.0 0.0 0.0 0.0 0.0 65.0 6.0 8.0 1.0 1.0 2.0 0.0 6.0 1.0 3.0 2.0 2.0 0.0 1.0 3.0 0.0 3.0 1.0 1.0 5.0 3.0 2.0 2.0 8.0 2.0 5.0 0.0 0.0 3.0 0.0 1.0 2.0 2.0 1.0 3.0 1.0 1.0 2.0 0.0 4.0 0.0 0.0 6.0 1.0 1.0 3.0 0.0 5.0 1.0 2.0 1.0 0.0 1.0 1.0 0.0 3.0 5.0 1.0 0.0 1.0 5.0 2.0 0.0 0.0 12.0 0.0 6.0 0.0 3.0 5.0 2.0 1.0 6.0 2.0 5.0 3.0 2.0 3.0 1.0 1.0 9.0 67.0 0.0 0.0 0.0 0.0 0.0 0.0 0.0 0.0 0.0 
0.0 0.0 0.0 0.0 0.0 0.0 0.0 0.0 33.0 8.0 15.0 0.0 4.0 2.0 2.0 3.0 1.0 0.0 7.0 1.0 1.0 0.0 0.0 0.0 4.0 1.0 2.0 1.0 0.0 1.0 3.0 2.0 1.0 7.0 4.0 5.0 0.0 5.0 0.0 4.0 2.0 0.0 3.0 0.0 1.0 2.0 6.0 2.0 1.0 2.0 1.0 1.0 2.0 3.0 0.0 8.0 0.0 6.0 0.0 2.0 2.0 1.0 0.0 9.0 0.0 0.0 0.0 2.0 2.0 0.0 3.0 3.0 0.0 1.0 0.0 1.0 3.0 4.0 1.0 9.0 4.0 0.0 10.0 4.0 4.0 0.0 1.0 1.0 0.0 5.0 11.0 52.0 0.0 0.0 0.0 0.0 0.0 0.0 0.0 0.0 
0.0 0.0 0.0 0.0 0.0 0.0 0.0 0.0 171.0 10.0 1.0 5.0 2.0 0.0 0.0 0.0 2.0 4.0 3.0 0.0 3.0 1.0 2.0 0.0 2.0 4.0 1.0 4.0 2.0 2.0 1.0 0.0 1.0 1.0 1.0 1.0 0.0 0.0 2.0 0.0 4.0 2.0 3.0 3.0 0.0 2.0 2.0 0.0 1.0 0.0 6.0 1.0 5.0 0.0 14.0 0.0 0.0 1.0 0.0 8.0 2.0 3.0 4.0 0.0 3.0 6.0 3.0 2.0 6.0 2.0 3.0 1.0 1.0 0.0 1.0 2.0 1.0 3.0 0.0 7.0 0.0 0.0 0.0 0.0 2.0 0.0 0.0 3.0 0.0 4.0 16.0 82.0 16.0 0.0 0.0 0.0 0.0 0.0 0.0 0.0 
0.0 0.0 0.0 0.0 0.0 0.0 0.0 114.0 1.0 1.0 6.0 1.0 5.0 2.0 0.0 4.0 2.0 3.0 0.0 2.0 0.0 8.0 2.0 0.0 1.0 3.0 0.0 2.0 3.0 3.0 2.0 0.0 8.0 1.0 0.0 2.0 4.0 2.0 0.0 3.0 0.0 0.0 0.0 8.0 4.0 0.0 2.0 0.0 0.0 6.0 4.0 4.0 0.0 4.0 1.0 0.0 0.0 3.0 2.0 0.0 2.0 0.0 1.0 2.0 7.0 14.0 0.0 0.0 1.0 1.0 0.0 10.0 2.0 0.0 0.0 3.0 0.0 1.0 1.0 0.0 0.0 2.0 2.0 5.0 1.0 5.0 7.0 0.0 6.0 3.0 0.0 19.0 115.0 0.0 0.0 0.0 0.0 0.0 0.0 0.0 
0.0 0.0 0.0 0.0 0.0 0.0 37.0 6.0 5.0 0.0 2.0 0.0 0.0 8.0 1.0 0.0 4.0 3.0 0.0 0.0 8.0 4.0 3.0 4.0 2.0 5.0 1.0 1.0 3.0 3.0 3.0 3.0 3.0 1.0 1.0 3.0 0.0 4.0 1.0 3.0 0.0 1.0 3.0 1.0 8.0 0.0 4.0 8.0 0.0 0.0 0.0 1.0 3.0 3.0 4.0 1.0 3.0 1.0 2.0 2.0 2.0 2.0 1.0 1.0 0.0 2.0 4.0 2.0 3.0 1.0 0.0 0.0 3.0 0.0 2.0 2.0 3.0 1.0 7.0 4.0 2.0 4.0 4.0 3.0 3.0 0.0 1.0 1.0 0.0 4.0 5.0 4.0 7.0 45.0 0.0 0.0 0.0 0.0 0.0 0.0 
0.0 0.0 0.0 0.0 0.0 0.0 207.0 6.0 2.0 2.0 0.0 0.0 0.0 0.0 2.0 1.0 0.0 0.0 3.0 0.0 8.0 1.0 2.0 0.0 2.0 3.0 5.0 0.0 1.0 4.0 2.0 0.0 6.0 1.0 6.0 0.0 0.0 10.0 0.0 0.0 6.0 1.0 1.0 13.0 2.0 1.0 4.0 0.0 2.0 6.0 2.0 4.0 0.0 7.0 0.0 0.0 1.0 0.0 0.0 7.0 2.0 5.0 2.0 0.0 0.0 2.0 0.0 1.0 1.0 2.0 6.0 6.0 1.0 4.0 4.0 2.0 1.0 2.0 0.0 0.0 0.0 3.0 0.0 2.0 1.0 15.0 0.0 5.0 1.0 0.0 0.0 0.0 4.0 154.0 0.0 0.0 0.0 0.0 0.0 0.0 
0.0 0.0 0.0 0.0 0.0 43.0 12.0 7.0 4.0 0.0 1.0 0.0 6.0 1.0 2.0 9.0 0.0 0.0 0.0 0.0 9.0 6.0 6.0 0.0 0.0 3.0 0.0 7.0 3.0 0.0 1.0 1.0 7.0 0.0 4.0 4.0 3.0 0.0 2.0 0.0 0.0 4.0 0.0 2.0 1.0 0.0 2.0 2.0 3.0 2.0 1.0 1.0 1.0 3.0 6.0 0.0 0.0 3.0 0.0 0.0 3.0 2.0 1.0 1.0 4.0 0.0 5.0 2.0 1.0 2.0 2.0 0.0 0.0 0.0 0.0 0.0 3.0 0.0 8.0 5.0 4.0 1.0 0.0 2.0 3.0 1.0 10.0 0.0 1.0 1.0 1.0 2.0 0.0 4.0 90.0 0.0 0.0 0.0 0.0 0.0 
0.0 0.0 0.0 0.0 0.0 148.0 2.0 0.0 0.0 2.0 3.0 2.0 1.0 2.0 8.0 0.0 0.0 4.0 4.0 1.0 0.0 1.0 0.0 3.0 3.0 0.0 9.0 1.0 0.0 0.0 0.0 4.0 2.0 5.0 2.0 12.0 0.0 1.0 1.0 6.0 0.0 0.0 0.0 0.0 4.0 2.0 4.0 2.0 0.0 0.0 5.0 0.0 0.0 2.0 3.0 0.0 0.0 0.0 0.0 0.0 0.0 0.0 3.0 5.0 1.0 0.0 0.0 3.0 4.0 2.0 0.0 6.0 1.0 0.0 0.0 3.0 1.0 6.0 0.0 2.0 0.0 2.0 4.0 1.0 5.0 0.0 13.0 1.0 4.0 4.0 4.0 2.0 0.0 2.0 0.0 54.0 0.0 0.0 0.0 0.0 
0.0 0.0 0.0 0.0 39.0 3.0 4.0 3.0 3.0 0.0 0.0 0.0 1.0 0.0 3.0 0.0 2.0 1.0 4.0 0.0 3.0 2.0 2.0 2.0 2.0 2.0 0.0 2.0 0.0 0.0 0.0 1.0 0.0 0.0 0.0 0.0 1.0 4.0 1.0 0.0 2.0 0.0 5.0 4.0 1.0 2.0 1.0 2.0 4.0 2.0 4.0 5.0 7.0 0.0 4.0 3.0 6.0 0.0 0.0 0.0 5.0 2.0 2.0 2.0 1.0 2.0 0.0 0.0 0.0 0.0 0.0 0.0 0.0 4.0 7.0 1.0 1.0 0.0 2.0 0.0 1.0 0.0 3.0 0.0 9.0 1.0 0.0 2.0 0.0 2.0 0.0 1.0 0.0 0.0 2.0 74.0 0.0 0.0 0.0 0.0 
0.0 0.0 0.0 0.0 75.0 1.0 1.0 2.0 12.0 0.0 1.0 0.0 1.0 0.0 3.0 0.0 3.0 0.0 1.0 6.0 4.0 2.0 6.0 0.0 0.0 3.0 9.0 2.0 0.0 0.0 2.0 0.0 2.0 0.0 3.0 0.0 0.0 2.0 1.0 4.0 1.0 1.0 0.0 3.0 0.0 2.0 3.0 4.0 0.0 2.0 0.0 0.0 4.0 0.0 2.0 2.0 2.0 4.0 5.0 1.0 4.0 8.0 1.0 4.0 6.0 1.0 0.0 1.0 2.0 1.0 0.0 6.0 10.0 0.0 2.0 1.0 0.0 0.0 1.0 3.0 5.0 2.0 4.0 1.0 1.0 2.0 0.0 0.0 3.0 3.0 1.0 6.0 6.0 1.0 15.0 14.0 29.0 0.0 0.0 0.0 
0.0 0.0 0.0 2.0 167.0 4.0 2.0 0.0 5.0 8.0 0.0 0.0 0.0 2.0 0.0 3.0 5.0 2.0 7.0 0.0 2.0 2.0 0.0 9.0 0.0 0.0 1.0 2.0 4.0 13.0 1.0 0.0 0.0 1.0 2.0 2.0 8.0 1.0 1.0 1.0 3.0 1.0 1.0 0.0 1.0 2.0 2.0 7.0 0.0 0.0 0.0 2.0 0.0 4.0 0.0 0.0 3.0 0.0 2.0 2.0 2.0 1.0 7.0 1.0 1.0 3.0 9.0 5.0 4.0 0.0 0.0 0.0 1.0 1.0 0.0 1.0 4.0 1.0 3.0 1.0 2.0 2.0 0.0 4.0 0.0 0.0 0.0 0.0 0.0 0.0 1.0 1.0 2.0 2.0 1.0 5.0 73.0 0.0 0.0 0.0 
0.0 0.0 0.0 49.0 1.0 5.0 1.0 1.0 0.0 0.0 0.0 1.0 0.0 1.0 3.0 3.0 1.0 3.0 2.0 1.0 1.0 1.0 1.0 0.0 0.0 0.0 3.0 5.0 1.0 2.0 2.0 6.0 0.0 0.0 8.0 0.0 6.0 2.0 0.0 3.0 3.0 9.0 1.0 3.0 4.0 4.0 2.0 0.0 2.0 8.0 2.0 3.0 3.0 1.0 0.0 0.0 6.0 0.0 2.0 0.0 4.0 0.0 2.0 3.0 6.0 4.0 1.0 1.0 4.0 0.0 5.0 3.0 2.0 2.0 2.0 2.0 3.0 3.0 10.0 2.0 3.0 0.0 0.0 1.0 0.0 5.0 2.0 0.0 6.0 0.0 2.0 5.0 0.0 0.0 1.0 9.0 15.0 20.0 0.0 0.0 
0.0 0.0 14.0 106.0 20.0 1.0 2.0 0.0 2.0 3.0 1.0 6.0 4.0 2.0 0.0 1.0 2.0 3.0 1.0 6.0 4.0 2.0 0.0 0.0 0.0 0.0 0.0 2.0 1.0 3.0 3.0 0.0 2.0 1.0 1.0 0.0 0.0 0.0 4.0 3.0 1.0 4.0 4.0 0.0 1.0 1.0 8.0 0.0 4.0 0.0 0.0 2.0 3.0 0.0 1.0 2.0 0.0 5.0 0.0 2.0 5.0 0.0 7.0 0.0 9.0 2.0 0.0 0.0 0.0 7.0 1.0 3.0 4.0 1.0 0.0 1.0 8.0 0.0 7.0 1.0 0.0 0.0 1.0 3.0 0.0 1.0 1.0 2.0 0.0 0.0 2.0 0.0 10.0 0.0 1.0 2.0 16.0 88.0 0.0 0.0 
0.0 0.0 20.0 28.0 15.0 2.0 3.0 0.0 4.0 0.0 0.0 0.0 1.0 1.0 3.0 0.0 0.0 3.0 3.0 3.0 0.0 4.0 2.0 8.0 0.0 0.0 3.0 6.0 2.0 11.0 4.0 2.0 5.0 1.0 1.0 2.0 0.0 1.0 1.0 1.0 4.0 1.0 1.0 6.0 0.0 2.0 2.0 1.0 2.0 1.0 1.0 3.0 5.0 0.0 4.0 1.0 2.0 4.0 9.0 6.0 3.0 1.0 5.0 0.0 1.0 0.0 5.0 0.0 3.0 3.0 6.0 1.0 1.0 2.0 0.0 1.0 4.0 4.0 1.0 6.0 0.0 14.0 0.0 3.0 1.0 2.0 1.0 12.0 2.0 8.0 6.0 4.0 0.0 2.0 0.0 2.0 0.0 170.0 0.0 0.0 
0.0 0.0 32.0 27.0 8.0 0.0 0.0 4.0 1.0 1.0 5.0 10.0 2.0 5.0 2.0 3.0 3.0 1.0 6.0 5.0 6.0 0.0 0.0 2.0 0.0 5.0 2.0 1.0 3.0 0.0 2.0 0.0 4.0 2.0 2.0 1.0 1.0 0.0 2.0 0.0 0.0 1.0 0.0 11.0 0.0 0.0 2.0 2.0 0.0 2.0 0.0 0.0 0.0 1.0 5.0 0.0 4.0 2.0 0.0 2.0 2.0 2.0 2.0 0.0 2.0 0.0 3.0 2.0 2.0 3.0 1.0 2.0 1.0 0.0 2.0 8.0 1.0 2.0 2.0 4.0 3.0 2.0 3.0 0.0 1.0 0.0 0.0 1.0 0.0 2.0 0.0 5.0 0.0 6.0 2.0 2.0 19.0 82.0 9.0 0.0 
0.0 0.0 42.0 5.0 10.0 2.0 1.0 3.0 1.0 0.0 1.0 4.0 4.0 3.0 1.0 0.0 4.0 0.0 0.0 0.0 4.0 0.0 4.0 0.0 3.0 1.0 1.0 0.0 4.0 1.0 0.0 3.0 10.0 2.0 1.0 2.0 0.0 1.0 0.0 0.0 2.0 2.0 6.0 1.0 5.0 2.0 3.0 1.0 0.0 9.0 3.0 2.0 4.0 0.0 0.0 3.0 3.0 1.0 0.0 3.0 4.0 8.0 2.0 0.0 1.0 2.0 0.0 1.0 3.0 0.0 2.0 0.0 0.0 2.0 0.0 0.0 7.0 4.0 3.0 3.0 0.0 0.0 4.0 0.0 0.0 0.0 0.0 6.0 5.0 0.0 6.0 4.0 5.0 1.0 0.0 2.0 1.0 25.0 50.0 0.0 
0.0 0.0 135.0 2.0 0.0 2.0 0.0 6.0 0.0 2.0 0.0 0.0 1.0 3.0 2.0 2.0 1.0 0.0 1.0 3.0 0.0 2.0 1.0 3.0 2.0 0.0 1.0 1.0 0.0 0.0 2.0 5.0 1.0 1.0 0.0 3.0 1.0 0.0 2.0 0.0 0.0 0.0 0.0 4.0 3.0 1.0 3.0 0.0 1.0 0.0 1.0 4.0 0.0 2.0 4.0 2.0 1.0 0.0 3.0 0.0 0.0 0.0 1.0 7.0 0.0 1.0 1.0 5.0 5.0 2.0 3.0 2.0 0.0 1.0 0.0 2.0 0.0 2.0 0.0 6.0 1.0 2.0 1.0 2.0 2.0 0.0 7.0 1.0 0.0 3.0 0.0 2.0 0.0 1.0 1.0 3.0 1.0 5.0 51.0 0.0 
0.0 20.0 12.0 10.0 6.0 2.0 9.0 1.0 3.0 6.0 0.0 4.0 2.0 3.0 3.0 6.0 0.0 2.0 0.0 4.0 8.0 0.0 1.0 1.0 0.0 1.0 1.0 1.0 1.0 1.0 2.0 0.0 3.0 2.0 1.0 1.0 0.0 10.0 0.0 4.0 4.0 6.0 1.0 3.0 1.0 1.0 5.0 2.0 2.0 0.0 0.0 7.0 1.0 0.0 2.0 2.0 5.0 1.0 1.0 0.0 0.0 4.0 1.0 1.0 3.0 0.0 4.0 7.0 0.0 5.0 0.0 2.0 0.0 4.0 2.0 0.0 0.0 0.0 0.0 0.0 0.0 1.0 4.0 2.0 3.0 0.0 2.0 0.0 5.0 4.0 6.0 2.0 1.0 3.0 0.0 6.0 0.0 0.0 174.0 0.0 
0.0 7.0 104.0 9.0 3.0 0.0 1.0 2.0 3.0 6.0 2.0 0.0 2.0 0.0 1.0 1.0 3.0 3.0 0.0 1.0 1.0 4.0 2.0 0.0 0.0 0.0 4.0 0.0 2.0 4.0 3.0 6.0 0.0 0.0 0.0 1.0 0.0 0.0 1.0 2.0 3.0 1.0 3.0 5.0 3.0 6.0 8.0 2.0 3.0 3.0 2.0 1.0 1.0 0.0 0.0 1.0 0.0 3.0 7.0 0.0 4.0 1.0 0.0 0.0 4.0 1.0 0.0 1.0 3.0 1.0 2.0 2.0 1.0 6.0 0.0 2.0 0.0 0.0 0.0 3.0 0.0 2.0 0.0 0.0 0.0 2.0 0.0 1.0 4.0 0.0 6.0 0.0 4.0 0.0 1.0 10.0 4.0 6.0 10.0 18.0 
0.0 0.0 204.0 3.0 1.0 1.0 0.0 0.0 1.0 1.0 1.0 2.0 9.0 3.0 3.0 2.0 2.0 1.0 2.0 0.0 4.0 0.0 2.0 5.0 1.0 2.0 0.0 3.0 1.0 0.0 1.0 6.0 6.0 0.0 4.0 0.0 0.0 13.0 5.0 0.0 0.0 10.0 0.0 0.0 5.0 6.0 0.0 1.0 7.0 4.0 2.0 2.0 2.0 0.0 3.0 2.0 2.0 1.0 0.0 0.0 5.0 2.0 2.0 0.0 6.0 6.0 6.0 0.0 1.0 5.0 0.0 5.0 3.0 8.0 3.0 1.0 1.0 0.0 1.0 1.0 0.0 0.0 2.0 2.0 1.0 1.0 3.0 1.0 2.0 3.0 2.0 3.0 4.0 1.0 1.0 0.0 3.0 2.0 14.0 62.0 
0.0 32.0 54.0 27.0 1.0 2.0 0.0 1.0 1.0 4.0 2.0 5.0 1.0 1.0 0.0 2.0 8.0 0.0 2.0 4.0 0.0 4.0 0.0 0.0 3.0 1.0 1.0 3.0 0.0 3.0 3.0 4.0 3.0 2.0 10.0 0.0 0.0 7.0 3.0 1.0 2.0 2.0 6.0 2.0 1.0 7.0 0.0 3.0 1.0 7.0 0.0 0.0 2.0 0.0 1.0 2.0 1.0 0.0 11.0 2.0 0.0 2.0 0.0 1.0 9.0 1.0 1.0 0.0 1.0 5.0 0.0 6.0 1.0 2.0 2.0 1.0 0.0 1.0 0.0 0.0 5.0 7.0 2.0 6.0 0.0 3.0 2.0 0.0 2.0 0.0 2.0 2.0 0.0 5.0 0.0 2.0 0.0 7.0 2.0 86.0 
0.0 63.0 25.0 1.0 5.0 1.0 1.0 0.0 4.0 2.0 0.0 0.0 1.0 0.0 2.0 0.0 0.0 0.0 1.0 1.0 2.0 0.0 2.0 2.0 2.0 0.0 0.0 2.0 8.0 0.0 1.0 1.0 6.0 0.0 0.0 3.0 4.0 2.0 0.0 1.0 2.0 0.0 6.0 4.0 0.0 0.0 0.0 4.0 11.0 2.0 0.0 0.0 1.0 7.0 0.0 4.0 0.0 3.0 1.0 2.0 6.0 1.0 1.0 0.0 2.0 0.0 0.0 0.0 0.0 0.0 1.0 3.0 2.0 2.0 4.0 2.0 2.0 7.0 6.0 0.0 3.0 3.0 5.0 0.0 1.0 2.0 3.0 0.0 0.0 4.0 1.0 4.0 0.0 3.0 0.0 1.0 0.0 3.0 1.0 89.0 
0.0 97.0 1.0 2.0 2.0 0.0 0.0 2.0 0.0 0.0 0.0 2.0 1.0 3.0 1.0 2.0 5.0 6.0 0.0 1.0 4.0 0.0 0.0 1.0 0.0 1.0 1.0 4.0 1.0 2.0 1.0 2.0 0.0 1.0 2.0 0.0 3.0 0.0 4.0 4.0 2.0 4.0 0.0 0.0 1.0 0.0 0.0 2.0 0.0 1.0 1.0 5.0 1.0 2.0 0.0 2.0 5.0 0.0 0.0 0.0 6.0 0.0 0.0 11.0 0.0 11.0 1.0 4.0 2.0 2.0 3.0 2.0 1.0 3.0 0.0 2.0 0.0 2.0 0.0 4.0 3.0 0.0 1.0 0.0 2.0 2.0 4.0 3.0 2.0 0.0 6.0 1.0 2.0 1.0 0.0 1.0 1.0 0.0 2.0 169.0 
0.0 124.0 3.0 4.0 0.0 0.0 0.0 13.0 4.0 7.0 0.0 0.0 1.0 0.0 3.0 0.0 1.0 4.0 4.0 0.0 3.0 1.0 2.0 2.0 0.0 0.0 1.0 3.0 1.0 1.0 3.0 1.0 4.0 2.0 2.0 0.0 2.0 1.0 3.0 1.0 2.0 0.0 2.0 0.0 1.0 3.0 0.0 4.0 3.0 0.0 3.0 0.0 0.0 1.0 0.0 3.0 3.0 1.0 0.0 0.0 0.0 1.0 2.0 1.0 1.0 0.0 1.0 0.0 1.0 0.0 4.0 0.0 3.0 0.0 0.0 3.0 0.0 8.0 1.0 1.0 1.0 2.0 2.0 0.0 1.0 0.0 3.0 0.0 8.0 2.0 7.0 0.0 4.0 4.0 4.0 4.0 3.0 1.0 0.0 120.0 
0.0 90.0 1.0 2.0 1.0 2.0 2.0 1.0 1.0 1.0 0.0 0.0 6.0 10.0 4.0 8.0 6.0 0.0 2.0 0.0 1.0 4.0 1.0 1.0 3.0 1.0 3.0 0.0 2.0 0.0 3.0 1.0 0.0 0.0 1.0 1.0 2.0 0.0 1.0 1.0 2.0 0.0 1.0 2.0 3.0 0.0 2.0 0.0 13.0 2.0 4.0 2.0 5.0 4.0 2.0 2.0 1.0 0.0 2.0 4.0 2.0 1.0 6.0 2.0 1.0 0.0 1.0 0.0 1.0 0.0 2.0 2.0 1.0 2.0 0.0 3.0 5.0 0.0 2.0 0.0 6.0 2.0 2.0 2.0 1.0 0.0 1.0 5.0 6.0 0.0 4.0 3.0 9.0 5.0 1.0 4.0 7.0 0.0 0.0 86.0 
0.0 89.0 0.0 2.0 1.0 3.0 0.0 6.0 11.0 5.0 2.0 0.0 0.0 1.0 3.0 1.0 0.0 7.0 1.0 0.0 2.0 3.0 2.0 4.0 1.0 6.0 0.0 0.0 0.0 0.0 0.0 4.0 5.0 3.0 2.0 0.0 8.0 2.0 6.0 0.0 12.0 7.0 3.0 0.0 1.0 1.0 9.0 0.0 0.0 0.0 6.0 3.0 2.0 0.0 3.0 0.0 2.0 1.0 2.0 0.0 1.0 1.0 2.0 3.0 0.0 1.0 2.0 0.0 3.0 1.0 6.0 0.0 2.0 2.0 0.0 0.0 1.0 0.0 0.0 0.0 6.0 2.0 5.0 1.0 0.0 3.0 0.0 3.0 0.0 2.0 0.0 4.0 0.0 0.0 0.0 1.0 1.0 1.0 0.0 141.0 
0.0 62.0 8.0 0.0 5.0 4.0 1.0 1.0 2.0 0.0 1.0 0.0 0.0 0.0 2.0 4.0 1.0 3.0 3.0 3.0 3.0 1.0 1.0 5.0 4.0 1.0 1.0 0.0 4.0 1.0 1.0 0.0 0.0 1.0 3.0 2.0 1.0 0.0 3.0 1.0 5.0 1.0 1.0 6.0 6.0 5.0 0.0 7.0 0.0 3.0 0.0 1.0 1.0 3.0 4.0 1.0 2.0 4.0 0.0 0.0 0.0 1.0 0.0 0.0 1.0 1.0 0.0 4.0 2.0 10.0 1.0 4.0 5.0 0.0 1.0 1.0 2.0 0.0 2.0 0.0 1.0 5.0 0.0 3.0 2.0 0.0 3.0 4.0 1.0 1.0 4.0 2.0 0.0 0.0 2.0 1.0 0.0 0.0 1.0 62.0 
0.0 86.0 1.0 3.0 2.0 2.0 1.0 7.0 0.0 2.0 4.0 0.0 2.0 0.0 0.0 0.0 4.0 1.0 5.0 0.0 0.0 0.0 0.0 0.0 1.0 1.0 2.0 7.0 6.0 1.0 4.0 2.0 1.0 1.0 5.0 1.0 4.0 5.0 5.0 0.0 0.0 3.0 4.0 1.0 0.0 1.0 0.0 4.0 0.0 0.0 2.0 1.0 3.0 2.0 0.0 0.0 3.0 2.0 6.0 1.0 1.0 2.0 0.0 1.0 5.0 0.0 2.0 2.0 0.0 2.0 0.0 3.0 0.0 3.0 0.0 0.0 0.0 5.0 0.0 5.0 0.0 0.0 0.0 1.0 0.0 5.0 0.0 4.0 4.0 1.0 0.0 0.0 0.0 3.0 4.0 0.0 3.0 1.0 23.0 47.0 
0.0 52.0 2.0 0.0 2.0 2.0 0.0 1.0 1.0 0.0 0.0 2.0 1.0 2.0 4.0 2.0 1.0 1.0 0.0 0.0 2.0 6.0 3.0 1.0 0.0 0.0 6.0 2.0 4.0 3.0 1.0 2.0 1.0 0.0 3.0 0.0 1.0 0.0 5.0 1.0 5.0 0.0 1.0 0.0 1.0 1.0 3.0 1.0 3.0 4.0 2.0 0.0 1.0 1.0 4.0 4.0 1.0 1.0 0.0 2.0 3.0 3.0 2.0 1.0 5.0 8.0 0.0 1.0 1.0 1.0 0.0 0.0 0.0 2.0 5.0 2.0 2.0 1.0 0.0 2.0 6.0 0.0 0.0 1.0 5.0 0.0 0.0 2.0 7.0 1.0 5.0 2.0 0.0 0.0 0.0 0.0 2.0 24.0 40.0 24.0 
0.0 58.0 34.0 1.0 4.0 3.0 5.0 3.0 1.0 6.0 3.0 2.0 4.0 2.0 2.0 4.0 1.0 0.0 0.0 0.0 2.0 2.0 2.0 1.0 0.0 1.0 3.0 4.0 1.0 0.0 0.0 0.0 1.0 0.0 1.0 2.0 4.0 0.0 1.0 0.0 4.0 1.0 0.0 1.0 2.0 0.0 1.0 0.0 3.0 4.0 2.0 1.0 0.0 1.0 2.0 0.0 1.0 5.0 1.0 5.0 2.0 1.0 6.0 2.0 4.0 0.0 0.0 1.0 1.0 1.0 1.0 0.0 0.0 0.0 0.0 4.0 1.0 0.0 2.0 1.0 1.0 5.0 0.0 0.0 2.0 0.0 2.0 0.0 1.0 1.0 2.0 0.0 0.0 4.0 2.0 1.0 1.0 3.0 104.0 0.0 
0.0 24.0 48.0 35.0 2.0 9.0 0.0 0.0 1.0 3.0 0.0 0.0 0.0 1.0 0.0 2.0 0.0 2.0 0.0 2.0 6.0 1.0 2.0 2.0 2.0 1.0 1.0 6.0 1.0 2.0 4.0 2.0 1.0 3.0 2.0 1.0 4.0 2.0 0.0 3.0 6.0 2.0 0.0 2.0 5.0 1.0 0.0 2.0 1.0 3.0 4.0 2.0 0.0 4.0 2.0 1.0 3.0 0.0 3.0 0.0 1.0 2.0 0.0 0.0 1.0 1.0 1.0 0.0 1.0 0.0 0.0 0.0 2.0 1.0 3.0 2.0 0.0 13.0 0.0 2.0 1.0 4.0 2.0 4.0 0.0 2.0 5.0 7.0 0.0 1.0 0.0 1.0 0.0 2.0 0.0 2.0 2.0 4.0 102.0 0.0 
0.0 0.0 167.0 3.0 2.0 2.0 1.0 6.0 2.0 2.0 0.0 1.0 0.0 0.0 8.0 0.0 1.0 0.0 6.0 3.0 1.0 0.0 5.0 3.0 0.0 2.0 2.0 1.0 6.0 1.0 3.0 3.0 9.0 0.0 4.0 1.0 0.0 3.0 4.0 0.0 0.0 0.0 0.0 1.0 1.0 3.0 4.0 2.0 2.0 4.0 0.0 4.0 3.0 0.0 8.0 0.0 3.0 0.0 1.0 1.0 1.0 4.0 2.0 3.0 1.0 5.0 0.0 7.0 1.0 3.0 1.0 2.0 0.0 0.0 2.0 0.0 0.0 0.0 7.0 2.0 1.0 1.0 2.0 3.0 0.0 1.0 1.0 2.0 0.0 2.0 2.0 4.0 7.0 0.0 5.0 4.0 0.0 0.0 61.0 0.0 
0.0 0.0 163.0 3.0 1.0 4.0 0.0 1.0 0.0 0.0 3.0 0.0 2.0 7.0 0.0 0.0 4.0 6.0 3.0 0.0 2.0 1.0 3.0 1.0 0.0 6.0 1.0 2.0 1.0 2.0 0.0 5.0 3.0 0.0 2.0 1.0 1.0 2.0 1.0 1.0 1.0 0.0 0.0 9.0 4.0 1.0 6.0 8.0 0.0 0.0 2.0 1.0 2.0 0.0 3.0 1.0 1.0 5.0 0.0 4.0 2.0 12.0 4.0 0.0 0.0 8.0 0.0 5.0 1.0 1.0 0.0 2.0 0.0 7.0 0.0 1.0 0.0 3.0 0.0 1.0 1.0 0.0 0.0 6.0 1.0 0.0 0.0 8.0 6.0 1.0 3.0 2.0 3.0 3.0 4.0 2.0 4.0 15.0 37.0 0.0 
0.0 0.0 77.0 0.0 3.0 1.0 1.0 1.0 0.0 1.0 1.0 4.0 1.0 3.0 0.0 8.0 0.0 2.0 2.0 5.0 0.0 2.0 1.0 1.0 3.0 0.0 0.0 1.0 3.0 1.0 4.0 1.0 0.0 1.0 2.0 6.0 0.0 1.0 1.0 1.0 0.0 4.0 0.0 1.0 0.0 0.0 3.0 0.0 1.0 2.0 0.0 1.0 2.0 0.0 0.0 2.0 0.0 2.0 2.0 3.0 5.0 1.0 0.0 0.0 0.0 3.0 2.0 1.0 5.0 0.0 10.0 3.0 1.0 0.0 0.0 6.0 2.0 4.0 0.0 1.0 1.0 0.0 0.0 0.0 0.0 0.0 2.0 1.0 1.0 5.0 7.0 1.0 1.0 2.0 0.0 0.0 8.0 12.0 13.0 0.0 
0.0 0.0 73.0 3.0 1.0 0.0 3.0 0.0 2.0 2.0 1.0 0.0 5.0 3.0 1.0 0.0 2.0 1.0 4.0 0.0 9.0 4.0 4.0 3.0 6.0 1.0 11.0 3.0 4.0 6.0 2.0 1.0 0.0 3.0 2.0 1.0 2.0 0.0 5.0 3.0 0.0 2.0 1.0 0.0 1.0 0.0 0.0 6.0 2.0 1.0 0.0 4.0 4.0 6.0 5.0 0.0 0.0 0.0 4.0 5.0 1.0 2.0 3.0 0.0 2.0 0.0 2.0 4.0 3.0 2.0 0.0 3.0 5.0 2.0 2.0 0.0 2.0 1.0 0.0 0.0 1.0 0.0 3.0 0.0 0.0 2.0 1.0 3.0 4.0 0.0 3.0 3.0 9.0 2.0 2.0 2.0 7.0 111.0 8.0 0.0 
0.0 0.0 54.0 2.0 5.0 9.0 0.0 0.0 1.0 3.0 0.0 0.0 1.0 0.0 5.0 3.0 2.0 0.0 8.0 2.0 0.0 0.0 0.0 0.0 3.0 1.0 0.0 3.0 2.0 1.0 1.0 1.0 1.0 0.0 2.0 4.0 3.0 2.0 3.0 0.0 0.0 2.0 0.0 2.0 4.0 0.0 4.0 0.0 0.0 0.0 0.0 11.0 0.0 2.0 1.0 2.0 3.0 1.0 2.0 2.0 3.0 5.0 2.0 3.0 0.0 2.0 0.0 7.0 6.0 2.0 0.0 2.0 1.0 0.0 1.0 1.0 0.0 9.0 3.0 2.0 0.0 0.0 2.0 1.0 2.0 1.0 5.0 1.0 6.0 3.0 1.0 0.0 2.0 1.0 2.0 0.0 1.0 120.0 0.0 0.0 
0.0 0.0 56.0 27.0 2.0 2.0 3.0 11.0 0.0 3.0 3.0 3.0 1.0 4.0 3.0 4.0 0.0 1.0 3.0 4.0 2.0 0.0 2.0 3.0 2.0 1.0 1.0 1.0 0.0 1.0 3.0 1.0 2.0 5.0 0.0 0.0 0.0 2.0 0.0 0.0 7.0 3.0 7.0 1.0 0.0 2.0 0.0 2.0 2.0 6.0 6.0 5.0 2.0 0.0 1.0 2.0 0.0 0.0 3.0 3.0 1.0 1.0 0.0 2.0 3.0 4.0 0.0 1.0 5.0 3.0 2.0 0.0 4.0 5.0 0.0 0.0 6.0 3.0 1.0 0.0 2.0 2.0 1.0 2.0 2.0 3.0 2.0 4.0 0.0 1.0 4.0 0.0 0.0 4.0 0.0 3.0 2.0 35.0 0.0 0.0 
0.0 0.0 26.0 30.0 31.0 0.0 1.0 0.0 1.0 5.0 2.0 0.0 0.0 3.0 2.0 0.0 4.0 2.0 0.0 2.0 4.0 8.0 1.0 2.0 2.0 3.0 0.0 6.0 2.0 1.0 0.0 0.0 6.0 0.0 3.0 0.0 0.0 0.0 2.0 1.0 2.0 7.0 0.0 0.0 0.0 4.0 1.0 2.0 2.0 0.0 0.0 11.0 0.0 0.0 4.0 1.0 1.0 0.0 2.0 1.0 2.0 0.0 2.0 6.0 4.0 0.0 6.0 3.0 2.0 0.0 0.0 2.0 2.0 0.0 0.0 4.0 2.0 1.0 0.0 4.0 8.0 0.0 3.0 6.0 3.0 0.0 0.0 0.0 2.0 0.0 11.0 2.0 2.0 0.0 2.0 8.0 147.0 0.0 0.0 0.0 
0.0 0.0 0.0 95.0 6.0 2.0 2.0 3.0 1.0 8.0 2.0 5.0 1.0 1.0 1.0 5.0 0.0 3.0 4.0 11.0 1.0 2.0 1.0 0.0 11.0 1.0 0.0 1.0 3.0 0.0 0.0 3.0 1.0 0.0 6.0 0.0 5.0 0.0 1.0 3.0 1.0 0.0 7.0 1.0 0.0 0.0 2.0 1.0 7.0 1.0 0.0 0.0 5.0 3.0 0.0 11.0 0.0 2.0 5.0 4.0 2.0 1.0 0.0 0.0 0.0 2.0 6.0 0.0 11.0 9.0 0.0 7.0 0.0 2.0 0.0 0.0 1.0 1.0 1.0 3.0 3.0 4.0 2.0 4.0 1.0 7.0 0.0 3.0 0.0 3.0 11.0 3.0 1.0 5.0 1.0 1.0 138.0 0.0 0.0 0.0 
0.0 0.0 0.0 42.0 0.0 4.0 0.0 1.0 0.0 2.0 1.0 1.0 0.0 3.0 0.0 1.0 3.0 1.0 1.0 0.0 2.0 3.0 7.0 0.0 6.0 1.0 5.0 2.0 3.0 2.0 0.0 1.0 2.0 1.0 1.0 1.0 0.0 0.0 2.0 0.0 2.0 0.0 11.0 7.0 0.0 1.0 0.0 2.0 5.0 4.0 0.0 2.0 3.0 2.0 0.0 0.0 0.0 3.0 0.0 1.0 3.0 0.0 4.0 2.0 0.0 1.0 2.0 3.0 2.0 0.0 4.0 2.0 4.0 0.0 7.0 1.0 1.0 2.0 2.0 0.0 3.0 2.0 2.0 0.0 5.0 0.0 1.0 0.0 3.0 1.0 2.0 2.0 0.0 0.0 2.0 17.0 73.0 0.0 0.0 0.0 
0.0 0.0 0.0 0.0 198.0 5.0 2.0 0.0 7.0 2.0 0.0 0.0 0.0 0.0 4.0 1.0 10.0 2.0 2.0 0.0 4.0 0.0 1.0 5.0 3.0 2.0 0.0 1.0 0.0 5.0 2.0 6.0 2.0 0.0 2.0 6.0 0.0 0.0 1.0 6.0 9.0 0.0 4.0 1.0 0.0 4.0 6.0 0.0 0.0 0.0 1.0 0.0 2.0 3.0 2.0 4.0 2.0 5.0 3.0 0.0 0.0 0.0 1.0 4.0 1.0 2.0 2.0 2.0 2.0 1.0 5.0 0.0 5.0 1.0 0.0 2.0 9.0 0.0 4.0 7.0 0.0 1.0 1.0 0.0 0.0 3.0 1.0 6.0 0.0 6.0 5.0 4.0 0.0 4.0 18.0 16.0 23.0 0.0 0.0 0.0 
0.0 0.0 0.0 0.0 65.0 21.0 3.0 4.0 0.0 0.0 6.0 1.0 0.0 0.0 2.0 2.0 1.0 2.0 0.0 2.0 0.0 3.0 1.0 0.0 0.0 1.0 3.0 1.0 0.0 3.0 3.0 1.0 2.0 0.0 2.0 1.0 2.0 0.0 1.0 0.0 0.0 7.0 2.0 0.0 4.0 0.0 0.0 1.0 0.0 7.0 2.0 4.0 2.0 3.0 0.0 5.0 4.0 1.0 5.0 3.0 0.0 0.0 4.0 6.0 3.0 3.0 1.0 2.0 0.0 4.0 0.0 1.0 5.0 0.0 1.0 3.0 3.0 3.0 2.0 3.0 4.0 6.0 3.0 2.0 0.0 7.0 9.0 2.0 0.0 2.0 0.0 3.0 2.0 0.0 19.0 85.0 0.0 0.0 0.0 0.0 
0.0 0.0 0.0 0.0 19.0 57.0 17.0 1.0 0.0 0.0 0.0 1.0 2.0 1.0 1.0 0.0 1.0 0.0 0.0 1.0 0.0 5.0 0.0 2.0 2.0 6.0 13.0 0.0 1.0 0.0 2.0 6.0 8.0 5.0 0.0 0.0 1.0 1.0 0.0 0.0 1.0 6.0 5.0 2.0 1.0 2.0 1.0 0.0 2.0 1.0 3.0 4.0 1.0 8.0 1.0 1.0 0.0 4.0 0.0 2.0 1.0 0.0 3.0 1.0 1.0 0.0 4.0 0.0 0.0 3.0 4.0 0.0 0.0 2.0 4.0 1.0 0.0 2.0 0.0 5.0 0.0 1.0 0.0 0.0 0.0 10.0 0.0 2.0 0.0 0.0 4.0 0.0 2.0 24.0 12.0 24.0 0.0 0.0 0.0 0.0 
0.0 0.0 0.0 0.0 0.0 78.0 1.0 4.0 6.0 0.0 4.0 0.0 4.0 4.0 1.0 2.0 4.0 6.0 11.0 1.0 0.0 3.0 8.0 0.0 0.0 1.0 4.0 0.0 0.0 3.0 4.0 0.0 2.0 3.0 0.0 2.0 4.0 5.0 3.0 1.0 2.0 8.0 0.0 2.0 1.0 2.0 2.0 4.0 1.0 3.0 2.0 0.0 0.0 2.0 0.0 5.0 3.0 1.0 1.0 2.0 0.0 0.0 0.0 0.0 1.0 3.0 0.0 1.0 4.0 0.0 5.0 0.0 1.0 0.0 3.0 0.0 1.0 1.0 1.0 0.0 6.0 1.0 3.0 0.0 0.0 0.0 0.0 1.0 1.0 4.0 0.0 0.0 2.0 9.0 87.0 0.0 0.0 0.0 0.0 0.0 
0.0 0.0 0.0 0.0 0.0 0.0 188.0 15.0 1.0 0.0 3.0 0.0 1.0 5.0 0.0 0.0 0.0 11.0 4.0 1.0 3.0 3.0 2.0 0.0 2.0 5.0 2.0 12.0 3.0 1.0 4.0 0.0 1.0 2.0 0.0 0.0 6.0 0.0 1.0 2.0 5.0 0.0 0.0 3.0 2.0 0.0 1.0 0.0 0.0 2.0 4.0 0.0 2.0 0.0 0.0 1.0 1.0 0.0 3.0 0.0 5.0 1.0 1.0 5.0 0.0 2.0 1.0 0.0 0.0 1.0 0.0 0.0 0.0 0.0 0.0 0.0 3.0 0.0 0.0 0.0 3.0 2.0 1.0 4.0 0.0 0.0 2.0 0.0 4.0 1.0 5.0 3.0 21.0 113.0 0.0 0.0 0.0 0.0 0.0 0.0 
0.0 0.0 0.0 0.0 0.0 0.0 24.0 19.0 8.0 0.0 5.0 7.0 0.0 0.0 1.0 0.0 0.0 2.0 2.0 0.0 1.0 0.0 4.0 0.0 1.0 7.0 2.0 1.0 4.0 3.0 0.0 6.0 3.0 2.0 0.0 8.0 0.0 0.0 1.0 1.0 0.0 0.0 6.0 3.0 2.0 2.0 0.0 0.0 4.0 1.0 2.0 0.0 0.0 1.0 0.0 4.0 1.0 2.0 7.0 3.0 0.0 2.0 2.0 1.0 5.0 3.0 3.0 0.0 2.0 0.0 3.0 2.0 2.0 3.0 4.0 0.0 7.0 8.0 3.0 3.0 4.0 0.0 7.0 0.0 2.0 2.0 0.0 0.0 7.0 4.0 2.0 27.0 28.0 26.0 0.0 0.0 0.0 0.0 0.0 0.0 
0.0 0.0 0.0 0.0 0.0 0.0 0.0 92.0 6.0 0.0 3.0 2.0 3.0 1.0 0.0 0.0 3.0 2.0 5.0 4.0 0.0 0.0 0.0 1.0 2.0 0.0 0.0 0.0 0.0 0.0 2.0 4.0 0.0 6.0 3.0 4.0 3.0 1.0 2.0 10.0 0.0 5.0 1.0 1.0 2.0 0.0 3.0 1.0 0.0 0.0 3.0 1.0 2.0 2.0 0.0 1.0 3.0 1.0 2.0 1.0 3.0 3.0 4.0 3.0 2.0 5.0 1.0 1.0 0.0 0.0 3.0 4.0 0.0 0.0 0.0 1.0 0.0 8.0 15.0 4.0 3.0 4.0 0.0 10.0 2.0 4.0 2.0 1.0 0.0 2.0 1.0 19.0 115.0 0.0 0.0 0.0 0.0 0.0 0.0 0.0 
0.0 0.0 0.0 0.0 0.0 0.0 0.0 1.0 124.0 10.0 2.0 4.0 0.0 1.0 6.0 0.0 3.0 10.0 0.0 1.0 0.0 4.0 0.0 5.0 2.0 9.0 0.0 3.0 0.0 0.0 0.0 2.0 0.0 8.0 10.0 2.0 3.0 0.0 5.0 3.0 1.0 3.0 2.0 0.0 4.0 11.0 4.0 2.0 0.0 7.0 0.0 0.0 1.0 0.0 2.0 0.0 4.0 2.0 0.0 0.0 2.0 0.0 7.0 1.0 0.0 0.0 1.0 0.0 3.0 0.0 2.0 0.0 2.0 2.0 2.0 14.0 0.0 4.0 4.0 1.0 0.0 0.0 2.0 2.0 7.0 1.0 4.0 4.0 4.0 1.0 23.0 21.0 31.0 0.0 0.0 0.0 0.0 0.0 0.0 0.0 
0.0 0.0 0.0 0.0 0.0 0.0 0.0 0.0 41.0 8.0 8.0 2.0 0.0 1.0 4.0 1.0 1.0 3.0 6.0 0.0 0.0 7.0 1.0 3.0 0.0 0.0 2.0 4.0 3.0 0.0 0.0 4.0 1.0 4.0 3.0 4.0 1.0 0.0 0.0 1.0 0.0 2.0 3.0 2.0 2.0 1.0 0.0 0.0 2.0 4.0 0.0 12.0 1.0 6.0 10.0 3.0 1.0 0.0 2.0 3.0 6.0 0.0 1.0 1.0 0.0 4.0 5.0 3.0 4.0 0.0 0.0 2.0 0.0 3.0 1.0 2.0 3.0 0.0 0.0 4.0 2.0 1.0 3.0 1.0 10.0 3.0 4.0 2.0 0.0 2.0 5.0 82.0 0.0 0.0 0.0 0.0 0.0 0.0 0.0 0.0 
0.0 0.0 0.0 0.0 0.0 0.0 0.0 0.0 0.0 95.0 5.0 1.0 1.0 0.0 1.0 0.0 3.0 0.0 5.0 1.0 2.0 1.0 4.0 0.0 4.0 10.0 0.0 0.0 6.0 1.0 1.0 2.0 3.0 2.0 0.0 0.0 4.0 0.0 3.0 0.0 2.0 2.0 3.0 2.0 0.0 0.0 4.0 3.0 8.0 0.0 7.0 0.0 7.0 2.0 1.0 0.0 3.0 2.0 3.0 0.0 7.0 3.0 1.0 1.0 3.0 4.0 2.0 0.0 0.0 0.0 3.0 0.0 1.0 3.0 1.0 4.0 2.0 0.0 0.0 2.0 4.0 0.0 0.0 0.0 2.0 4.0 0.0 9.0 8.0 5.0 99.0 0.0 0.0 0.0 0.0 0.0 0.0 0.0 0.0 0.0 
0.0 0.0 0.0 0.0 0.0 0.0 0.0 0.0 0.0 0.0 120.0 11.0 0.0 1.0 3.0 0.0 6.0 0.0 5.0 7.0 0.0 1.0 2.0 0.0 1.0 11.0 6.0 0.0 0.0 0.0 0.0 2.0 2.0 3.0 2.0 2.0 2.0 0.0 3.0 0.0 4.0 3.0 0.0 0.0 6.0 0.0 2.0 8.0 7.0 2.0 0.0 1.0 2.0 0.0 0.0 1.0 10.0 0.0 0.0 3.0 1.0 1.0 0.0 0.0 2.0 4.0 0.0 1.0 3.0 1.0 5.0 1.0 0.0 0.0 3.0 3.0 1.0 0.0 0.0 3.0 10.0 1.0 1.0 3.0 0.0 2.0 4.0 3.0 2.0 110.0 0.0 0.0 0.0 0.0 0.0 0.0 0.0 0.0 0.0 0.0 
0.0 0.0 0.0 0.0 0.0 0.0 0.0 0.0 0.0 0.0 7.0 135.0 10.0 1.0 0.0 0.0 6.0 3.0 1.0 8.0 0.0 0.0 5.0 4.0 0.0 1.0 2.0 0.0 0.0 3.0 4.0 2.0 0.0 7.0 0.0 7.0 3.0 1.0 2.0 4.0 2.0 3.0 0.0 10.0 2.0 1.0 2.0 0.0 6.0 0.0 2.0 3.0 1.0 4.0 4.0 5.0 2.0 1.0 0.0 5.0 1.0 4.0 4.0 5.0 2.0 3.0 0.0 2.0 2.0 9.0 6.0 0.0 0.0 3.0 7.0 2.0 1.0 0.0 4.0 1.0 3.0 2.0 0.0 1.0 0.0 1.0 4.0 1.0 92.0 0.0 0.0 0.0 0.0 0.0 0.0 0.0 0.0 0.0 0.0 0.0 
0.0 0.0 0.0 0.0 0.0 0.0 0.0 0.0 0.0 0.0 0.0 42.0 4.0 2.0 1.0 0.0 2.0 1.0 2.0 8.0 1.0 2.0 1.0 1.0 0.0 2.0 1.0 1.0 1.0 4.0 2.0 4.0 0.0 5.0 2.0 2.0 0.0 2.0 3.0 4.0 0.0 2.0 1.0 3.0 1.0 0.0 1.0 0.0 2.0 0.0 1.0 0.0 3.0 0.0 5.0 0.0 0.0 4.0 3.0 1.0 0.0 6.0 0.0 6.0 0.0 4.0 5.0 6.0 2.0 0.0 3.0 1.0 8.0 1.0 3.0 0.0 0.0 1.0 1.0 2.0 3.0 1.0 3.0 6.0 0.0 0.0 4.0 103.0 0.0 0.0 0.0 0.0 0.0 0.0 0.0 0.0 0.0 0.0 0.0 0.0 
0.0 0.0 0.0 0.0 0.0 0.0 0.0 0.0 0.0 0.0 0.0 0.0 91.0 3.0 0.0 4.0 4.0 1.0 1.0 0.0 0.0 2.0 1.0 1.0 0.0 5.0 6.0 6.0 1.0 0.0 4.0 8.0 2.0 0.0 2.0 0.0 3.0 1.0 2.0 5.0 2.0 1.0 3.0 1.0 0.0 1.0 3.0 5.0 1.0 2.0 12.0 4.0 5.0 1.0 4.0 1.0 4.0 0.0 0.0 2.0 4.0 2.0 4.0 5.0 0.0 4.0 3.0 4.0 0.0 0.0 0.0 0.0 3.0 0.0 0.0 1.0 0.0 2.0 1.0 2.0 2.0 3.0 0.0 10.0 0.0 1.0 73.0 0.0 0.0 0.0 0.0 0.0 0.0 0.0 0.0 0.0 0.0 0.0 0.0 0.0 
0.0 0.0 0.0 0.0 0.0 0.0 0.0 0.0 0.0 0.0 0.0 0.0 0.0 143.0 2.0 2.0 1.0 0.0 5.0 1.0 1.0 1.0 6.0 1.0 2.0 10.0 2.0 2.0 0.0 6.0 2.0 1.0 1.0 1.0 0.0 2.0 0.0 0.0 0.0 0.0 6.0 0.0 2.0 7.0 2.0 0.0 4.0 5.0 7.0 0.0 3.0 0.0 0.0 4.0 0.0 4.0 0.0 0.0 0.0 1.0 1.0 0.0 2.0 2.0 1.0 0.0 3.0 8.0 0.0 0.0 0.0 2.0 0.0 3.0 8.0 0.0 0.0 2.0 1.0 2.0 0.0 1.0 0.0 7.0 3.0 160.0 0.0 0.0 0.0 0.0 0.0 0.0 0.0 0.0 0.0 0.0 0.0 0.0 0.0 0.0 
0.0 0.0 0.0 0.0 0.0 0.0 0.0 0.0 0.0 0.0 0.0 0.0 0.0 0.0 173.0 9.0 1.0 1.0 2.0 1.0 1.0 3.0 0.0 3.0 4.0 3.0 1.0 0.0 0.0 1.0 4.0 4.0 4.0 3.0 4.0 2.0 0.0 0.0 0.0 0.0 0.0 1.0 0.0 0.0 0.0 1.0 3.0 1.0 3.0 2.0 0.0 7.0 3.0 0.0 4.0 1.0 1.0 2.0 4.0 5.0 0.0 2.0 0.0 4.0 2.0 6.0 5.0 0.0 2.0 1.0 0.0 0.0 0.0 2.0 0.0 4.0 0.0 2.0 5.0 1.0 0.0 0.0 0.0 7.0 188.0 0.0 0.0 0.0 0.0 0.0 0.0 0.0 0.0 0.0 0.0 0.0 0.0 0.0 0.0 0.0 
0.0 0.0 0.0 0.0 0.0 0.0 0.0 0.0 0.0 0.0 0.0 0.0 0.0 0.0 22.0 21.0 39.0 0.0 0.0 1.0 4.0 0.0 0.0 3.0 1.0 0.0 5.0 1.0 0.0 8.0 3.0 1.0 6.0 0.0 1.0 4.0 1.0 1.0 9.0 7.0 1.0 1.0 5.0 0.0 0.0 6.0 3.0 0.0 7.0 3.0 0.0 0.0 0.0 1.0 0.0 5.0 0.0 2.0 7.0 1.0 0.0 7.0 1.0 5.0 1.0 4.0 0.0 0.0 6.0 2.0 4.0 2.0 1.0 5.0 0.0 0.0 5.0 1.0 1.0 2.0 1.0 6.0 34.0 10.0 28.0 0.0 0.0 0.0 0.0 0.0 0.0 0.0 0.0 0.0 0.0 0.0 0.0 0.0 0.0 0.0 
0.0 0.0 0.0 0.0 0.0 0.0 0.0 0.0 0.0 0.0 0.0 0.0 0.0 0.0 0.0 45.0 37.0 23.0 0.0 0.0 0.0 1.0 3.0 1.0 0.0 0.0 0.0 3.0 1.0 2.0 3.0 1.0 1.0 3.0 2.0 2.0 0.0 2.0 0.0 7.0 2.0 1.0 0.0 1.0 3.0 2.0 0.0 12.0 1.0 0.0 5.0 3.0 1.0 6.0 1.0 2.0 0.0 0.0 2.0 1.0 0.0 5.0 3.0 0.0 11.0 1.0 2.0 0.0 0.0 2.0 1.0 0.0 0.0 2.0 4.0 1.0 1.0 0.0 2.0 2.0 1.0 54.0 46.0 41.0 0.0 0.0 0.0 0.0 0.0 0.0 0.0 0.0 0.0 0.0 0.0 0.0 0.0 0.0 0.0 0.0 
0.0 0.0 0.0 0.0 0.0 0.0 0.0 0.0 0.0 0.0 0.0 0.0 0.0 0.0 0.0 0.0 72.0 0.0 10.0 2.0 0.0 2.0 0.0 4.0 2.0 0.0 0.0 2.0 0.0 2.0 1.0 7.0 3.0 4.0 0.0 1.0 0.0 2.0 2.0 4.0 2.0 1.0 3.0 2.0 4.0 0.0 1.0 0.0 0.0 0.0 6.0 2.0 1.0 1.0 0.0 4.0 6.0 0.0 2.0 4.0 6.0 6.0 3.0 1.0 6.0 3.0 3.0 6.0 0.0 2.0 1.0 1.0 2.0 3.0 1.0 2.0 3.0 7.0 2.0 2.0 20.0 56.0 53.0 0.0 0.0 0.0 0.0 0.0 0.0 0.0 0.0 0.0 0.0 0.0 0.0 0.0 0.0 0.0 0.0 0.0 
0.0 0.0 0.0 0.0 0.0 0.0 0.0 0.0 0.0 0.0 0.0 0.0 0.0 0.0 0.0 0.0 0.0 87.0 3.0 18.0 4.0 4.0 3.0 3.0 2.0 3.0 5.0 2.0 0.0 0.0 0.0 1.0 0.0 2.0 2.0 0.0 7.0 4.0 3.0 3.0 8.0 0.0 4.0 4.0 0.0 2.0 1.0 0.0 0.0 2.0 3.0 6.0 1.0 4.0 3.0 1.0 2.0 0.0 5.0 0.0 2.0 2.0 0.0 1.0 0.0 1.0 3.0 1.0 1.0 2.0 0.0 1.0 1.0 1.0 3.0 0.0 3.0 1.0 5.0 8.0 145.0 39.0 0.0 0.0 0.0 0.0 0.0 0.0 0.0 0.0 0.0 0.0 0.0 0.0 0.0 0.0 0.0 0.0 0.0 0.0 
0.0 0.0 0.0 0.0 0.0 0.0 0.0 0.0 0.0 0.0 0.0 0.0 0.0 0.0 0.0 0.0 0.0 0.0 59.0 20.0 31.0 0.0 0.0 4.0 2.0 3.0 1.0 1.0 7.0 4.0 2.0 8.0 2.0 0.0 0.0 3.0 3.0 1.0 0.0 4.0 0.0 0.0 1.0 1.0 5.0 0.0 6.0 1.0 0.0 8.0 4.0 1.0 1.0 4.0 4.0 2.0 0.0 0.0 1.0 3.0 0.0 0.0 5.0 1.0 1.0 1.0 1.0 0.0 0.0 4.0 0.0 1.0 0.0 4.0 0.0 0.0 0.0 5.0 2.0 105.0 4.0 0.0 0.0 0.0 0.0 0.0 0.0 0.0 0.0 0.0 0.0 0.0 0.0 0.0 0.0 0.0 0.0 0.0 0.0 0.0 
0.0 0.0 0.0 0.0 0.0 0.0 0.0 0.0 0.0 0.0 0.0 0.0 0.0 0.0 0.0 0.0 0.0 0.0 0.0 45.0 87.0 25.0 1.0 0.0 3.0 2.0 0.0 4.0 3.0 0.0 0.0 5.0 2.0 0.0 6.0 2.0 3.0 2.0 2.0 1.0 2.0 6.0 0.0 2.0 0.0 9.0 7.0 0.0 8.0 1.0 0.0 7.0 1.0 2.0 0.0 5.0 0.0 1.0 5.0 3.0 7.0 2.0 4.0 1.0 3.0 0.0 6.0 8.0 0.0 3.0 2.0 6.0 4.0 0.0 5.0 4.0 1.0 4.0 135.0 0.0 0.0 0.0 0.0 0.0 0.0 0.0 0.0 0.0 0.0 0.0 0.0 0.0 0.0 0.0 0.0 0.0 0.0 0.0 0.0 0.0 
0.0 0.0 0.0 0.0 0.0 0.0 0.0 0.0 0.0 0.0 0.0 0.0 0.0 0.0 0.0 0.0 0.0 0.0 0.0 0.0 22.0 138.0 7.0 1.0 3.0 0.0 1.0 3.0 0.0 3.0 4.0 2.0 0.0 0.0 0.0 2.0 2.0 2.0 1.0 7.0 3.0 1.0 0.0 1.0 4.0 1.0 2.0 0.0 1.0 6.0 1.0 1.0 0.0 2.0 0.0 0.0 0.0 2.0 5.0 1.0 0.0 1.0 0.0 4.0 1.0 0.0 1.0 0.0 0.0 0.0 1.0 0.0 2.0 2.0 1.0 8.0 8.0 115.0 0.0 0.0 0.0 0.0 0.0 0.0 0.0 0.0 0.0 0.0 0.0 0.0 0.0 0.0 0.0 0.0 0.0 0.0 0.0 0.0 0.0 0.0 
0.0 0.0 0.0 0.0 0.0 0.0 0.0 0.0 0.0 0.0 0.0 0.0 0.0 0.0 0.0 0.0 0.0 0.0 0.0 0.0 0.0 2.0 124.0 0.0 6.0 2.0 0.0 2.0 7.0 2.0 0.0 2.0 1.0 2.0 0.0 0.0 3.0 9.0 2.0 0.0 0.0 0.0 5.0 2.0 0.0 3.0 3.0 1.0 3.0 6.0 0.0 3.0 1.0 5.0 2.0 0.0 3.0 0.0 3.0 2.0 1.0 3.0 7.0 4.0 3.0 6.0 1.0 3.0 0.0 2.0 0.0 1.0 0.0 3.0 11.0 9.0 96.0 0.0 0.0 0.0 0.0 0.0 0.0 0.0 0.0 0.0 0.0 0.0 0.0 0.0 0.0 0.0 0.0 0.0 0.0 0.0 0.0 0.0 0.0 0.0 
0.0 0.0 0.0 0.0 0.0 0.0 0.0 0.0 0.0 0.0 0.0 0.0 0.0 0.0 0.0 0.0 0.0 0.0 0.0 0.0 0.0 0.0 0.0 122.0 3.0 31.0 0.0 0.0 0.0 2.0 4.0 2.0 1.0 7.0 6.0 0.0 0.0 2.0 2.0 6.0 1.0 0.0 4.0 1.0 4.0 0.0 2.0 0.0 5.0 5.0 1.0 0.0 2.0 1.0 2.0 7.0 3.0 2.0 4.0 2.0 1.0 5.0 0.0 0.0 2.0 4.0 5.0 1.0 0.0 1.0 1.0 1.0 7.0 3.0 176.0 31.0 0.0 0.0 0.0 0.0 0.0 0.0 0.0 0.0 0.0 0.0 0.0 0.0 0.0 0.0 0.0 0.0 0.0 0.0 0.0 0.0 0.0 0.0 0.0 0.0 
0.0 0.0 0.0 0.0 0.0 0.0 0.0 0.0 0.0 0.0 0.0 0.0 0.0 0.0 0.0 0.0 0.0 0.0 0.0 0.0 0.0 0.0 0.0 0.0 53.0 34.0 20.0 1.0 1.0 0.0 1.0 1.0 1.0 0.0 0.0 0.0 3.0 0.0 0.0 3.0 2.0 0.0 0.0 0.0 2.0 4.0 0.0 0.0 1.0 0.0 5.0 0.0 4.0 1.0 0.0 0.0 1.0 4.0 2.0 2.0 0.0 0.0 2.0 0.0 0.0 0.0 4.0 5.0 0.0 0.0 4.0 5.0 139.0 68.0 0.0 0.0 0.0 0.0 0.0 0.0 0.0 0.0 0.0 0.0 0.0 0.0 0.0 0.0 0.0 0.0 0.0 0.0 0.0 0.0 0.0 0.0 0.0 0.0 0.0 0.0 
0.0 0.0 0.0 0.0 0.0 0.0 0.0 0.0 0.0 0.0 0.0 0.0 0.0 0.0 0.0 0.0 0.0 0.0 0.0 0.0 0.0 0.0 0.0 0.0 0.0 20.0 141.0 4.0 3.0 4.0 0.0 1.0 1.0 1.0 3.0 0.0 6.0 0.0 2.0 0.0 8.0 0.0 0.0 1.0 0.0 0.0 2.0 0.0 2.0 8.0 12.0 5.0 1.0 0.0 0.0 2.0 1.0 2.0 1.0 4.0 9.0 1.0 0.0 3.0 0.0 2.0 0.0 1.0 3.0 7.0 1.0 167.0 4.0 0.0 0.0 0.0 0.0 0.0 0.0 0.0 0.0 0.0 0.0 0.0 0.0 0.0 0.0 0.0 0.0 0.0 0.0 0.0 0.0 0.0 0.0 0.0 0.0 0.0 0.0 0.0 
0.0 0.0 0.0 0.0 0.0 0.0 0.0 0.0 0.0 0.0 0.0 0.0 0.0 0.0 0.0 0.0 0.0 0.0 0.0 0.0 0.0 0.0 0.0 0.0 0.0 0.0 0.0 49.0 187.0 6.0 43.0 1.0 0.0 0.0 0.0 1.0 5.0 1.0 7.0 2.0 2.0 2.0 0.0 6.0 1.0 1.0 2.0 4.0 4.0 3.0 0.0 3.0 1.0 7.0 0.0 2.0 2.0 2.0 5.0 4.0 1.0 1.0 0.0 0.0 0.0 1.0 11.0 1.0 3.0 148.0 58.0 0.0 0.0 0.0 0.0 0.0 0.0 0.0 0.0 0.0 0.0 0.0 0.0 0.0 0.0 0.0 0.0 0.0 0.0 0.0 0.0 0.0 0.0 0.0 0.0 0.0 0.0 0.0 0.0 0.0 
0.0 0.0 0.0 0.0 0.0 0.0 0.0 0.0 0.0 0.0 0.0 0.0 0.0 0.0 0.0 0.0 0.0 0.0 0.0 0.0 0.0 0.0 0.0 0.0 0.0 0.0 0.0 0.0 0.0 70.0 46.0 25.0 19.0 7.0 1.0 0.0 2.0 3.0 0.0 1.0 0.0 4.0 2.0 4.0 2.0 1.0 3.0 4.0 0.0 2.0 3.0 0.0 2.0 5.0 1.0 2.0 1.0 4.0 4.0 1.0 0.0 1.0 2.0 0.0 39.0 16.0 13.0 132.0 49.0 0.0 0.0 0.0 0.0 0.0 0.0 0.0 0.0 0.0 0.0 0.0 0.0 0.0 0.0 0.0 0.0 0.0 0.0 0.0 0.0 0.0 0.0 0.0 0.0 0.0 0.0 0.0 0.0 0.0 0.0 0.0 
0.0 0.0 0.0 0.0 0.0 0.0 0.0 0.0 0.0 0.0 0.0 0.0 0.0 0.0 0.0 0.0 0.0 0.0 0.0 0.0 0.0 0.0 0.0 0.0 0.0 0.0 0.0 0.0 0.0 0.0 29.0 82.0 98.0 18.0 2.0 1.0 0.0 24.0 2.0 1.0 1.0 0.0 4.0 1.0 0.0 1.0 2.0 2.0 3.0 2.0 2.0 0.0 8.0 3.0 0.0 1.0 3.0 2.0 0.0 1.0 0.0 1.0 19.0 36.0 33.0 108.0 34.0 0.0 0.0 0.0 0.0 0.0 0.0 0.0 0.0 0.0 0.0 0.0 0.0 0.0 0.0 0.0 0.0 0.0 0.0 0.0 0.0 0.0 0.0 0.0 0.0 0.0 0.0 0.0 0.0 0.0 0.0 0.0 0.0 0.0 
0.0 0.0 0.0 0.0 0.0 0.0 0.0 0.0 0.0 0.0 0.0 0.0 0.0 0.0 0.0 0.0 0.0 0.0 0.0 0.0 0.0 0.0 0.0 0.0 0.0 0.0 0.0 0.0 0.0 0.0 0.0 0.0 14.0 50.0 80.0 153.0 174.0 18.0 23.0 6.0 0.0 27.0 8.0 12.0 3.0 3.0 1.0 2.0 0.0 0.0 0.0 0.0 0.0 0.0 0.0 0.0 2.0 1.0 6.0 21.0 1.0 33.0 34.0 123.0 31.0 0.0 0.0 0.0 0.0 0.0 0.0 0.0 0.0 0.0 0.0 0.0 0.0 0.0 0.0 0.0 0.0 0.0 0.0 0.0 0.0 0.0 0.0 0.0 0.0 0.0 0.0 0.0 0.0 0.0 0.0 0.0 0.0 0.0 0.0 0.0 
0.0 0.0 0.0 0.0 0.0 0.0 0.0 0.0 0.0 0.0 0.0 0.0 0.0 0.0 0.0 0.0 0.0 0.0 0.0 0.0 0.0 0.0 0.0 0.0 0.0 0.0 0.0 0.0 0.0 0.0 0.0 0.0 0.0 0.0 0.0 0.0 0.0 17.0 70.0 119.0 162.0 57.0 49.0 30.0 10.0 3.0 4.0 1.0 20.0 7.0 16.0 3.0 11.0 29.0 0.0 4.0 4.0 12.0 33.0 48.0 169.0 79.0 19.0 0.0 0.0 0.0 0.0 0.0 0.0 0.0 0.0 0.0 0.0 0.0 0.0 0.0 0.0 0.0 0.0 0.0 0.0 0.0 0.0 0.0 0.0 0.0 0.0 0.0 0.0 0.0 0.0 0.0 0.0 0.0 0.0 0.0 0.0 0.0 0.0 0.0 
0.0 0.0 0.0 0.0 0.0 0.0 0.0 0.0 0.0 0.0 0.0 0.0 0.0 0.0 0.0 0.0 0.0 0.0 0.0 0.0 0.0 0.0 0.0 0.0 0.0 0.0 0.0 0.0 0.0 0.0 0.0 0.0 0.0 0.0 0.0 0.0 0.0 0.0 0.0 0.0 0.0 21.0 25.0 35.0 42.0 62.0 57.0 114.0 81.0 37.0 23.0 32.0 54.0 41.0 149.0 105.0 36.0 69.0 37.0 22.0 0.0 0.0 0.0 0.0 0.0 0.0 0.0 0.0 0.0 0.0 0.0 0.0 0.0 0.0 0.0 0.0 0.0 0.0 0.0 0.0 0.0 0.0 0.0 0.0 0.0 0.0 0.0 0.0 0.0 0.0 0.0 0.0 0.0 0.0 0.0 0.0 0.0 0.0 0.0 0.0 
0.0 0.0 0.0 0.0 0.0 0.0 0.0 0.0 0.0 0.0 0.0 0.0 0.0 0.0 0.0 0.0 0.0 0.0 0.0 0.0 0.0 0.0 0.0 0.0 0.0 0.0 0.0 0.0 0.0 0.0 0.0 0.0 0.0 0.0 0.0 0.0 0.0 0.0 0.0 0.0 0.0 0.0 0.0 0.0 0.0 0.0 0.0 0.0 11.0 45.0 27.0 31.0 24.0 20.0 0.0 0.0 0.0 0.0 0.0 0.0 0.0 0.0 0.0 0.0 0.0 0.0 0.0 0.0 0.0 0.0 0.0 0.0 0.0 0.0 0.0 0.0 0.0 0.0 0.0 0.0 0.0 0.0 0.0 0.0 0.0 0.0 0.0 0.0 0.0 0.0 0.0 0.0 0.0 0.0 0.0 0.0 0.0 0.0 0.0 0.0 
0.0 0.0 0.0 0.0 0.0 0.0 0.0 0.0 0.0 0.0 0.0 0.0 0.0 0.0 0.0 0.0 0.0 0.0 0.0 0.0 0.0 0.0 0.0 0.0 0.0 0.0 0.0 0.0 0.0 0.0 0.0 0.0 0.0 0.0 0.0 0.0 0.0 0.0 0.0 0.0 0.0 0.0 0.0 0.0 0.0 0.0 0.0 0.0 0.0 0.0 0.0 0.0 0.0 0.0 0.0 0.0 0.0 0.0 0.0 0.0 0.0 0.0 0.0 0.0 0.0 0.0 0.0 0.0 0.0 0.0 0.0 0.0 0.0 0.0 0.0 0.0 0.0 0.0 0.0 0.0 0.0 0.0 0.0 0.0 0.0 0.0 0.0 0.0 0.0 0.0 0.0 0.0 0.0 0.0 0.0 0.0 0.0 0.0 0.0 0.0 
