0.0 0.0 0.0 0.0 0.0 0.0 0.0 0.0 0.0 0.0 0.0 0.0 0.0 0.0 0.0 0.0 0.0 0.0 0.0 0.0 0.0 0.0 0.0 0.0 0.0 0.0 0.0 0.0 0.0 0.0 0.0 0.0 0.0 0.0 0.0 0.0 0.0 0.0 0.0 0.0 0.0 0.0 0.0 0.0 0.0 0.0 0.0 0.0 0.0 0.0 0.0 0.0 0.0 0.0 0.0 0.0 0.0 0.0 0.0 0.0 0.0 0.0 0.0 0.0 0.0 0.0 0.0 0.0 0.0 0.0 0.0 0.0 0.0 0.0 0.0 0.0 0.0 0.0 0.0 0.0 0.0 0.0 0.0 0.0 0.0 0.0 0.0 0.0 0.0 0.0 0.0 0.0 0.0 0.0 0.0 0.0 0.0 0.0 0.0 0.0 
0.0 0.0 0.0 0.0 0.0 0.0 0.0 0.0 0.0 0.0 0.0 0.0 0.0 0.0 0.0 0.0 0.0 0.0 0.0 0.0 0.0 0.0 0.0 0.0 0.0 0.0 0.0 0.0 0.0 0.0 0.0 0.0 0.0 0.0 0.0 0.0 0.0 0.0 0.0 0.0 0.0 0.0 0.0 0.0 0.0 0.0 0.0 0.0 0.0 0.0 0.0 0.0 0.0 0.0 0.0 0.0 0.0 0.0 0.0 0.0 0.0 0.0 0.0 0.0 0.0 0.0 0.0 0.0 0.0 0.0 0.0 0.0 0.0 0.0 0.0 0.0 0.0 0.0 0.0 0.0 0.0 0.0 0.0 0.0 0.0 0.0 0.0 0.0 0.0 0.0 0.0 0.0 0.0 0.0 0.0 0.0 0.0 0.0 0.0 0.0 
0.0 0.0 0.0 0.0 0.0 0.0 0.0 0.0 0.0 0.0 0.0 0.0 0.0 0.0 0.0 0.0 0.0 0.0 0.0 0.0 0.0 0.0 0.0 0.0 0.0 0.0 0.0 0.0 0.0 0.0 0.0 0.0 0.0 0.0 0.0 0.0 0.0 0.0 0.0 0.0 0.0 0.0 20.0 23.0 0.0 0.0 17.0 0.0 15.0 25.0 53.0 26.0 15.0 14.0 15.0 0.0 0.0 0.0 0.0 0.0 0.0 0.0 0.0 0.0 0.0 0.0 0.0 0.0 0.0 0.0 0.0 0.0 0.0 0.0 0.0 0.0 0.0 0.0 0.0 0.0 0.0 0.0 0.0 0.0 0.0 0.0 0.0 0.0 0.0 0.0 0.0 0.0 0.0 0.0 0.0 0.0 0.0 0.0 0.0 0.0 
0.0 0.0 0.0 0.0 0.0 0.0 0.0 0.0 0.0 0.0 0.0 0.0 0.0 0.0 0.0 0.0 0.0 0.0 0.0 0.0 0.0 0.0 0.0 0.0 0.0 0.0 0.0 0.0 0.0 0.0 0.0 0.0 0.0 0.0 0.0 0.0 0.0 0.0 30.0 61.0 152.0 180.0 32.0 49.0 183.0 197.0 47.0 150.0 61.0 26.0 15.0 26.0 71.0 66.0 53.0 191.0 119.0 91.0 49.0 48.0 34.0 18.0 13.0 0.0 0.0 0.0 0.0 0.0 0.0 0.0 0.0 0.0 0.0 0.0 0.0 0.0 0.0 0.0 0.0 0.0 0.0 0.0 0.0 0.0 0.0 0.0 0.0 0.0 0.0 0.0 0.0 0.0 0.0 0.0 0.0 0.0 0.0 0.0 0.0 0.0 
0.0 0.0 0.0 0.0 0.0 0.0 0.0 0.0 0.0 0.0 0.0 0.0 0.0 0.0 0.0 0.0 0.0 0.0 0.0 0.0 0.0 0.0 0.0 0.0 0.0 0.0 0.0 0.0 0.0 0.0 0.0 0.0 0.0 0.0 0.0 0.0 36.0 115.0 32.0 17.0 1.0 1.0 13.0 17.0 0.0 3.0 25.0 0.0 30.0 2.0 1.0 6.0 29.0 18.0 27.0 2.0 1.0 0.0 5.0 4.0 24.0 110.0 108.0 136.0 59.0 39.0 0.0 0.0 0.0 0.0 0.0 0.0 0.0 0.0 0.0 0.0 0.0 0.0 0.0 0.0 0.0 0.0 0.0 0.0 0.0 0.0 0.0 0.0 0.0 0.0 0.0 0.0 0.0 0.0 0.0 0.0 0.0 0.0 0.0 0.0 
0.0 0.0 0.0 0.0 0.0 0.0 0.0 0.0 0.0 0.0 0.0 0.0 0.0 0.0 0.0 0.0 0.0 0.0 0.0 0.0 0.0 0.0 0.0 0.0 0.0 0.0 0.0 0.0 0.0 0.0 0.0 0.0 0.0 0.0 8.0 124.0 16.0 10.0 34.0 3.0 3.0 1.0 0.0 1.0 1.0 1.0 0.0 0.0 0.0 0.0 2.0 1.0 0.0 0.0 4.0 0.0 8.0 3.0 2.0 9.0 6.0 14.0 13.0 1.0 2.0 1.0 212.0 62.0 22.0 0.0 0.0 0.0 0.0 0.0 0.0 0.0 0.0 0.0 0.0 0.0 0.0 0.0 0.0 0.0 0.0 0.0 0.0 0.0 0.0 0.0 0.0 0.0 0.0 0.0 0.0 0.0 0.0 0.0 0.0 0.0 
0.0 0.0 0.0 0.0 0.0 0.0 0.0 0.0 0.0 0.0 0.0 0.0 0.0 0.0 0.0 0.0 0.0 0.0 0.0 0.0 0.0 0.0 0.0 0.0 0.0 0.0 0.0 0.0 0.0 0.0 0.0 0.0 46.0 97.0 106.0 11.0 5.0 2.0 3.0 2.0 4.0 0.0 3.0 1.0 0.0 3.0 4.0 0.0 0.0 1.0 4.0 2.0 3.0 0.0 0.0 1.0 2.0 1.0 1.0 4.0 0.0 5.0 4.0 1.0 0.0 9.0 6.0 7.0 12.0 168.0 50.0 0.0 0.0 0.0 0.0 0.0 0.0 0.0 0.0 0.0 0.0 0.0 0.0 0.0 0.0 0.0 0.0 0.0 0.0 0.0 0.0 0.0 0.0 0.0 0.0 0.0 0.0 0.0 0.0 0.0 
0.0 0.0 0.0 0.0 0.0 0.0 0.0 0.0 0.0 0.0 0.0 0.0 0.0 0.0 0.0 0.0 0.0 0.0 0.0 0.0 0.0 0.0 0.0 0.0 0.0 0.0 0.0 0.0 0.0 0.0 0.0 76.0 14.0 10.0 13.0 3.0 0.0 1.0 1.0 1.0 4.0 1.0 3.0 6.0 9.0 2.0 5.0 0.0 0.0 4.0 2.0 3.0 2.0 3.0 1.0 4.0 1.0 1.0 0.0 4.0 2.0 3.0 0.0 3.0 2.0 0.0 1.0 1.0 4.0 0.0 6.0 152.0 59.0 0.0 0.0 0.0 0.0 0.0 0.0 0.0 0.0 0.0 0.0 0.0 0.0 0.0 0.0 0.0 0.0 0.0 0.0 0.0 0.0 0.0 0.0 0.0 0.0 0.0 0.0 0.0 
0.0 0.0 0.0 0.0 0.0 0.0 0.0 0.0 0.0 0.0 0.0 0.0 0.0 0.0 0.0 0.0 0.0 0.0 0.0 0.0 0.0 0.0 0.0 0.0 0.0 0.0 0.0 0.0 0.0 21.0 193.0 6.0 17.0 0.0 1.0 5.0 1.0 4.0 0.0 2.0 1.0 1.0 0.0 2.0 0.0 0.0 2.0 2.0 0.0 4.0 1.0 7.0 4.0 2.0 0.0 1.0 2.0 0.0 0.0 0.0 0.0 3.0 4.0 0.0 0.0 2.0 1.0 2.0 3.0 1.0 5.0 5.0 1.0 107.0 5.0 0.0 0.0 0.0 0.0 0.0 0.0 0.0 0.0 0.0 0.0 0.0 0.0 0.0 0.0 0.0 0.0 0.0 0.0 0.0 0.0 0.0 0.0 0.0 0.0 0.0 
0.0 0.0 0.0 0.0 0.0 0.0 0.0 0.0 0.0 0.0 0.0 0.0 0.0 0.0 0.0 0.0 0.0 0.0 0.0 0.0 0.0 0.0 0.0 0.0 0.0 0.0 0.0 0.0 103.0 6.0 6.0 1.0 1.0 0.0 2.0 2.0 4.0 3.0 6.0 0.0 11.0 0.0 1.0 1.0 0.0 2.0 14.0 2.0 1.0 0.0 0.0 0.0 0.0 1.0 3.0 4.0 2.0 3.0 2.0 6.0 9.0 0.0 0.0 0.0 5.0 1.0 4.0 2.0 0.0 2.0 1.0 1.0 4.0 12.0 111.0 42.0 0.0 0.0 0.0 0.0 0.0 0.0 0.0 0.0 0.0 0.0 0.0 0.0 0.0 0.0 0.0 0.0 0.0 0.0 0.0 0.0 0.0 0.0 0.0 0.0 
0.0 0.0 0.0 0.0 0.0 0.0 0.0 0.0 0.0 0.0 0.0 0.0 0.0 0.0 0.0 0.0 0.0 0.0 0.0 0.0 0.0 0.0 0.0 0.0 0.0 0.0 0.0 159.0 1.0 5.0 1.0 5.0 0.0 7.0 2.0 2.0 3.0 0.0 0.0 0.0 0.0 3.0 2.0 1.0 1.0 1.0 1.0 1.0 1.0 2.0 0.0 4.0 0.0 1.0 0.0 3.0 5.0 0.0 0.0 2.0 4.0 0.0 4.0 5.0 1.0 4.0 1.0 3.0 2.0 6.0 2.0 0.0 2.0 1.0 9.0 14.0 91.0 0.0 0.0 0.0 0.0 0.0 0.0 0.0 0.0 0.0 0.0 0.0 0.0 0.0 0.0 0.0 0.0 0.0 0.0 0.0 0.0 0.0 0.0 0.0 
0.0 0.0 0.0 0.0 0.0 0.0 0.0 0.0 0.0 0.0 0.0 0.0 0.0 0.0 0.0 0.0 0.0 0.0 0.0 0.0 0.0 0.0 0.0 0.0 0.0 25.0 183.0 2.0 6.0 0.0 2.0 0.0 4.0 0.0 0.0 0.0 4.0 0.0 0.0 0.0 1.0 1.0 1.0 4.0 2.0 4.0 1.0 2.0 0.0 4.0 2.0 3.0 7.0 2.0 0.0 1.0 2.0 2.0 0.0 4.0 2.0 0.0 4.0 0.0 2.0 1.0 0.0 4.0 7.0 2.0 2.0 12.0 8.0 1.0 1.0 10.0 2.0 159.0 22.0 0.0 0.0 0.0 0.0 0.0 0.0 0.0 0.0 0.0 0.0 0.0 0.0 0.0 0.0 0.0 0.0 0.0 0.0 0.0 0.0 0.0 
0.0 0.0 0.0 0.0 0.0 0.0 0.0 0.0 0.0 0.0 0.0 0.0 0.0 0.0 0.0 0.0 0.0 0.0 0.0 0.0 0.0 0.0 0.0 0.0 56.0 11.0 14.0 0.0 1.0 2.0 3.0 0.0 1.0 0.0 1.0 2.0 1.0 0.0 5.0 1.0 0.0 0.0 1.0 1.0 3.0 0.0 0.0 3.0 8.0 6.0 1.0 0.0 2.0 1.0 4.0 0.0 5.0 1.0 0.0 0.0 3.0 0.0 2.0 2.0 1.0 0.0 2.0 0.0 1.0 1.0 0.0 6.0 0.0 0.0 2.0 1.0 4.0 15.0 41.0 48.0 0.0 0.0 0.0 0.0 0.0 0.0 0.0 0.0 0.0 0.0 0.0 0.0 0.0 0.0 0.0 0.0 0.0 0.0 0.0 0.0 
0.0 0.0 0.0 0.0 0.0 0.0 0.0 0.0 0.0 0.0 0.0 0.0 0.0 0.0 0.0 0.0 0.0 0.0 0.0 0.0 0.0 0.0 0.0 96.0 9.0 26.0 3.0 3.0 5.0 4.0 3.0 0.0 1.0 0.0 7.0 1.0 6.0 0.0 2.0 1.0 0.0 0.0 1.0 2.0 4.0 0.0 3.0 4.0 0.0 1.0 3.0 0.0 4.0 2.0 0.0 0.0 0.0 2.0 4.0 2.0 5.0 0.0 5.0 3.0 6.0 1.0 1.0 3.0 4.0 0.0 0.0 0.0 7.0 4.0 2.0 3.0 1.0 0.0 24.0 12.0 83.0 0.0 0.0 0.0 0.0 0.0 0.0 0.0 0.0 0.0 0.0 0.0 0.0 0.0 0.0 0.0 0.0 0.0 0.0 0.0 
0.0 0.0 0.0 0.0 0.0 0.0 0.0 0.0 0.0 0.0 0.0 0.0 0.0 0.0 0.0 0.0 0.0 0.0 0.0 0.0 0.0 0.0 111.0 1.0 6.0 2.0 0.0 1.0 6.0 2.0 2.0 1.0 1.0 2.0 1.0 3.0 4.0 1.0 2.0 1.0 1.0 1.0 8.0 6.0 1.0 2.0 2.0 0.0 5.0 1.0 0.0 2.0 1.0 0.0 0.0 1.0 0.0 0.0 1.0 6.0 3.0 4.0 2.0 0.0 4.0 0.0 2.0 6.0 0.0 2.0 1.0 1.0 0.0 4.0 0.0 3.0 2.0 0.0 1.0 12.0 6.0 69.0 0.0 0.0 0.0 0.0 0.0 0.0 0.0 0.0 0.0 0.0 0.0 0.0 0.0 0.0 0.0 0.0 0.0 0.0 
0.0 0.0 0.0 0.0 0.0 0.0 0.0 0.0 0.0 0.0 0.0 0.0 0.0 0.0 0.0 0.0 0.0 0.0 0.0 0.0 0.0 157.0 1.0 1.0 0.0 12.0 3.0 1.0 4.0 0.0 0.0 0.0 1.0 3.0 0.0 1.0 1.0 0.0 4.0 6.0 0.0 8.0 1.0 4.0 1.0 0.0 2.0 3.0 0.0 8.0 3.0 0.0 1.0 0.0 2.0 1.0 1.0 0.0 3.0 2.0 1.0 3.0 1.0 5.0 1.0 0.0 3.0 2.0 0.0 4.0 0.0 1.0 2.0 2.0 2.0 2.0 0.0 3.0 2.0 3.0 3.0 5.0 99.0 0.0 0.0 0.0 0.0 0.0 0.0 0.0 0.0 0.0 0.0 0.0 0.0 0.0 0.0 0.0 0.0 0.0 
0.0 0.0 0.0 0.0 0.0 0.0 0.0 0.0 0.0 0.0 0.0 0.0 0.0 0.0 0.0 0.0 0.0 0.0 0.0 20.0 174.0 1.0 1.0 0.0 0.0 2.0 0.0 0.0 3.0 0.0 0.0 0.0 1.0 0.0 0.0 3.0 0.0 4.0 1.0 1.0 5.0 0.0 0.0 0.0 0.0 4.0 3.0 2.0 5.0 0.0 0.0 2.0 4.0 1.0 0.0 2.0 4.0 4.0 3.0 4.0 2.0 0.0 1.0 2.0 0.0 2.0 2.0 0.0 0.0 8.0 0.0 1.0 1.0 0.0 8.0 1.0 3.0 1.0 5.0 4.0 2.0 20.0 4.0 53.0 0.0 0.0 0.0 0.0 0.0 0.0 0.0 0.0 0.0 0.0 0.0 0.0 0.0 0.0 0.0 0.0 
0.0 0.0 0.0 0.0 0.0 0.0 0.0 0.0 0.0 0.0 0.0 0.0 0.0 0.0 0.0 0.0 0.0 0.0 19.0 59.0 30.0 5.0 8.0 4.0 9.0 0.0 1.0 6.0 1.0 5.0 2.0 2.0 0.0 2.0 0.0 5.0 0.0 2.0 0.0 1.0 2.0 1.0 2.0 0.0 3.0 0.0 3.0 1.0 0.0 6.0 2.0 1.0 3.0 1.0 2.0 1.0 0.0 7.0 9.0 1.0 2.0 2.0 0.0 0.0 10.0 0.0 0.0 3.0 12.0 2.0 1.0 0.0 0.0 0.0 1.0 8.0 2.0 0.0 0.0 1.0 0.0 0.0 5.0 6.0 43.0 0.0 0.0 0.0 0.0 0.0 0.0 0.0 0.0 0.0 0.0 0.0 0.0 0.0 0.0 0.0 
0.0 0.0 0.0 0.0 0.0 0.0 0.0 0.0 0.0 0.0 0.0 0.0 0.0 0.0 0.0 0.0 0.0 1.0 200.0 15.0 2.0 2.0 2.0 3.0 2.0 8.0 5.0 0.0 0.0 4.0 0.0 0.0 1.0 2.0 2.0 1.0 5.0 0.0 2.0 1.0 0.0 2.0 3.0 0.0 0.0 6.0 0.0 8.0 1.0 1.0 0.0 1.0 2.0 2.0 0.0 0.0 0.0 4.0 1.0 0.0 1.0 0.0 4.0 0.0 1.0 5.0 1.0 1.0 9.0 1.0 3.0 5.0 6.0 1.0 0.0 0.0 0.0 3.0 0.0 5.0 3.0 0.0 2.0 26.0 72.0 16.0 0.0 0.0 0.0 0.0 0.0 0.0 0.0 0.0 0.0 0.0 0.0 0.0 0.0 0.0 
0.0 0.0 0.0 0.0 0.0 0.0 0.0 0.0 0.0 0.0 0.0 0.0 0.0 0.0 0.0 0.0 0.0 205.0 1.0 1.0 1.0 2.0 2.0 1.0 0.0 2.0 0.0 1.0 0.0 4.0 1.0 0.0 1.0 1.0 9.0 5.0 1.0 3.0 0.0 2.0 5.0 1.0 2.0 3.0 0.0 7.0 3.0 3.0 1.0 0.0 2.0 0.0 0.0 7.0 2.0 6.0 0.0 0.0 5.0 3.0 0.0 2.0 0.0 1.0 4.0 0.0 4.0 3.0 1.0 2.0 0.0 2.0 2.0 0.0 4.0 3.0 0.0 1.0 1.0 4.0 0.0 0.0 1.0 1.0 25.0 184.0 0.0 0.0 0.0 0.0 0.0 0.0 0.0 0.0 0.0 0.0 0.0 0.0 0.0 0.0 
0.0 0.0 0.0 0.0 0.0 0.0 0.0 0.0 0.0 0.0 0.0 0.0 0.0 0.0 0.0 0.0 161.0 1.0 2.0 6.0 4.0 1.0 1.0 0.0 1.0 1.0 2.0 0.0 1.0 3.0 0.0 0.0 1.0 2.0 2.0 1.0 0.0 1.0 1.0 4.0 4.0 1.0 1.0 3.0 0.0 0.0 3.0 0.0 0.0 0.0 10.0 3.0 1.0 1.0 1.0 2.0 4.0 0.0 0.0 0.0 0.0 6.0 1.0 0.0 0.0 0.0 1.0 0.0 0.0 0.0 2.0 1.0 1.0 8.0 1.0 2.0 2.0 1.0 0.0 0.0 0.0 2.0 1.0 2.0 2.0 4.0 196.0 0.0 0.0 0.0 0.0 0.0 0.0 0.0 0.0 0.0 0.0 0.0 0.0 0.0 
0.0 0.0 0.0 0.0 0.0 0.0 0.0 0.0 0.0 0.0 0.0 0.0 0.0 0.0 0.0 169.0 1.0 2.0 0.0 3.0 2.0 1.0 6.0 5.0 5.0 2.0 5.0 0.0 3.0 2.0 6.0 5.0 1.0 1.0 2.0 0.0 2.0 4.0 0.0 1.0 2.0 2.0 0.0 3.0 5.0 4.0 5.0 0.0 6.0 4.0 1.0 0.0 2.0 0.0 10.0 5.0 1.0 0.0 0.0 0.0 2.0 7.0 0.0 0.0 1.0 0.0 2.0 3.0 0.0 3.0 1.0 7.0 4.0 0.0 0.0 1.0 5.0 2.0 3.0 0.0 1.0 0.0 4.0 9.0 0.0 4.0 0.0 147.0 0.0 0.0 0.0 0.0 0.0 0.0 0.0 0.0 0.0 0.0 0.0 0.0 
0.0 0.0 0.0 0.0 0.0 0.0 0.0 0.0 0.0 0.0 0.0 0.0 0.0 0.0 122.0 4.0 1.0 2.0 0.0 0.0 1.0 2.0 1.0 4.0 2.0 1.0 2.0 0.0 1.0 0.0 0.0 11.0 5.0 2.0 3.0 3.0 3.0 1.0 3.0 4.0 0.0 0.0 6.0 2.0 1.0 0.0 0.0 1.0 0.0 11.0 0.0 0.0 0.0 6.0 2.0 1.0 9.0 0.0 0.0 7.0 0.0 6.0 0.0 3.0 7.0 1.0 3.0 3.0 2.0 2.0 0.0 2.0 0.0 0.0 0.0 0.0 0.0 5.0 7.0 1.0 3.0 0.0 1.0 6.0 2.0 0.0 0.0 4.0 80.0 0.0 0.0 0.0 0.0 0.0 0.0 0.0 0.0 0.0 0.0 0.0 
0.0 0.0 0.0 0.0 0.0 0.0 0.0 0.0 0.0 0.0 0.0 0.0 0.0 98.0 4.0 3.0 4.0 6.0 0.0 1.0 5.0 1.0 1.0 9.0 1.0 4.0 4.0 0.0 2.0 2.0 0.0 0.0 10.0 4.0 0.0 0.0 0.0 2.0 0.0 9.0 1.0 0.0 0.0 12.0 0.0 3.0 7.0 10.0 0.0 2.0 1.0 3.0 1.0 1.0 0.0 0.0 6.0 1.0 0.0 0.0 2.0 0.0 2.0 0.0 5.0 1.0 3.0 3.0 1.0 1.0 4.0 2.0 6.0 0.0 4.0 0.0 0.0 5.0 3.0 6.0 1.0 0.0 0.0 1.0 1.0 2.0 0.0 21.0 21.0 48.0 0.0 0.0 0.0 0.0 0.0 0.0 0.0 0.0 0.0 0.0 
0.0 0.0 0.0 0.0 0.0 0.0 0.0 0.0 0.0 0.0 0.0 0.0 38.0 13.0 14.0 1.0 0.0 0.0 3.0 5.0 2.0 1.0 0.0 4.0 0.0 1.0 0.0 2.0 0.0 6.0 0.0 1.0 1.0 2.0 0.0 2.0 0.0 2.0 1.0 1.0 4.0 6.0 3.0 5.0 0.0 3.0 1.0 11.0 0.0 2.0 1.0 1.0 5.0 8.0 2.0 1.0 0.0 2.0 1.0 4.0 1.0 1.0 0.0 4.0 0.0 1.0 5.0 3.0 1.0 1.0 2.0 0.0 0.0 1.0 3.0 0.0 1.0 2.0 3.0 2.0 0.0 3.0 9.0 2.0 0.0 2.0 1.0 4.0 44.0 38.0 28.0 0.0 0.0 0.0 0.0 0.0 0.0 0.0 0.0 0.0 
0.0 0.0 0.0 0.0 0.0 0.0 0.0 0.0 0.0 0.0 0.0 22.0 15.0 32.0 2.0 5.0 0.0 0.0 1.0 3.0 0.0 1.0 2.0 3.0 2.0 2.0 0.0 1.0 2.0 0.0 0.0 0.0 3.0 2.0 1.0 3.0 2.0 1.0 8.0 2.0 2.0 2.0 2.0 1.0 1.0 0.0 1.0 3.0 11.0 3.0 0.0 0.0 3.0 1.0 4.0 2.0 1.0 1.0 2.0 4.0 1.0 5.0 2.0 4.0 0.0 7.0 4.0 1.0 0.0 2.0 1.0 3.0 1.0 0.0 0.0 13.0 4.0 0.0 6.0 3.0 0.0 3.0 0.0 5.0 1.0 1.0 0.0 1.0 2.0 13.0 182.0 0.0 0.0 0.0 0.0 0.0 0.0 0.0 0.0 0.0 
0.0 0.0 0.0 0.0 0.0 0.0 0.0 0.0 0.0 0.0 7.0 106.0 29.0 0.0 1.0 3.0 1.0 0.0 8.0 3.0 5.0 2.0 2.0 1.0 1.0 5.0 1.0 0.0 0.0 0.0 0.0 0.0 11.0 0.0 0.0 0.0 0.0 6.0 0.0 2.0 1.0 0.0 9.0 1.0 0.0 4.0 2.0 0.0 4.0 0.0 5.0 1.0 6.0 6.0 0.0 2.0 11.0 5.0 0.0 0.0 1.0 1.0 3.0 0.0 0.0 0.0 6.0 0.0 2.0 0.0 2.0 1.0 1.0 1.0 0.0 0.0 4.0 0.0 0.0 4.0 2.0 2.0 0.0 1.0 1.0 0.0 0.0 4.0 3.0 1.0 0.0 163.0 0.0 0.0 0.0 0.0 0.0 0.0 0.0 0.0 
0.0 0.0 0.0 0.0 0.0 0.0 0.0 0.0 0.0 0.0 107.0 15.0 2.0 10.0 2.0 2.0 2.0 2.0 1.0 1.0 2.0 5.0 2.0 3.0 5.0 3.0 2.0 0.0 3.0 2.0 0.0 1.0 2.0 0.0 3.0 0.0 2.0 6.0 1.0 1.0 0.0 0.0 0.0 0.0 0.0 2.0 0.0 1.0 0.0 2.0 2.0 4.0 0.0 0.0 1.0 3.0 1.0 0.0 2.0 0.0 3.0 1.0 1.0 1.0 6.0 1.0 1.0 8.0 0.0 4.0 6.0 3.0 0.0 1.0 2.0 0.0 0.0 8.0 2.0 4.0 1.0 2.0 1.0 2.0 1.0 5.0 1.0 0.0 1.0 2.0 2.0 0.0 113.0 0.0 0.0 0.0 0.0 0.0 0.0 0.0 
0.0 0.0 0.0 0.0 0.0 0.0 0.0 0.0 0.0 14.0 36.0 31.0 2.0 2.0 0.0 0.0 8.0 2.0 3.0 0.0 0.0 8.0 4.0 5.0 0.0 0.0 1.0 2.0 3.0 3.0 2.0 5.0 6.0 1.0 8.0 1.0 0.0 4.0 7.0 0.0 10.0 2.0 1.0 2.0 0.0 1.0 1.0 3.0 1.0 2.0 1.0 8.0 5.0 0.0 0.0 1.0 1.0 2.0 2.0 7.0 1.0 0.0 5.0 0.0 1.0 1.0 0.0 0.0 3.0 8.0 1.0 1.0 3.0 0.0 8.0 1.0 2.0 3.0 0.0 3.0 4.0 3.0 0.0 2.0 8.0 0.0 7.0 0.0 0.0 1.0 2.0 36.0 40.0 22.0 0.0 0.0 0.0 0.0 0.0 0.0 
0.0 0.0 0.0 0.0 0.0 0.0 0.0 0.0 0.0 152.0 40.0 1.0 1.0 1.0 0.0 0.0 3.0 2.0 1.0 6.0 3.0 0.0 0.0 1.0 5.0 1.0 8.0 4.0 3.0 1.0 2.0 3.0 0.0 1.0 1.0 1.0 0.0 0.0 4.0 2.0 0.0 1.0 3.0 0.0 0.0 2.0 2.0 6.0 1.0 0.0 4.0 0.0 3.0 0.0 0.0 1.0 0.0 4.0 3.0 2.0 2.0 11.0 3.0 3.0 1.0 9.0 1.0 1.0 8.0 0.0 0.0 0.0 4.0 0.0 2.0 4.0 2.0 1.0 3.0 0.0 3.0 1.0 6.0 0.0 7.0 1.0 2.0 8.0 2.0 5.0 3.0 0.0 26.0 115.0 0.0 0.0 0.0 0.0 0.0 0.0 
0.0 0.0 0.0 0.0 0.0 0.0 0.0 0.0 49.0 1.0 0.0 1.0 0.0 3.0 3.0 2.0 0.0 5.0 2.0 1.0 1.0 1.0 0.0 5.0 3.0 3.0 0.0 1.0 6.0 2.0 4.0 2.0 6.0 0.0 0.0 2.0 1.0 7.0 0.0 2.0 1.0 2.0 4.0 1.0 1.0 0.0 2.0 7.0 0.0 0.0 2.0 0.0 5.0 3.0 2.0 4.0 2.0 1.0 0.0 3.0 4.0 1.0 6.0 0.0 2.0 1.0 1.0 8.0 3.0 4.0 2.0 1.0 0.0 3.0 1.0 0.0 1.0 4.0 0.0 0.0 1.0 1.0 2.0 1.0 0.0 0.0 2.0 3.0 5.0 3.0 0.0 0.0 15.0 18.0 20.0 0.0 0.0 0.0 0.0 0.0 
0.0 0.0 0.0 0.0 0.0 0.0 0.0 0.0 146.0 2.0 2.0 0.0 0.0 2.0 0.0 7.0 1.0 1.0 0.0 2.0 1.0 3.0 6.0 7.0 0.0 2.0 1.0 6.0 0.0 6.0 2.0 0.0 6.0 0.0 1.0 5.0 0.0 2.0 0.0 7.0 0.0 0.0 3.0 0.0 2.0 0.0 2.0 0.0 0.0 2.0 0.0 0.0 3.0 3.0 0.0 6.0 1.0 2.0 4.0 1.0 5.0 0.0 1.0 1.0 0.0 5.0 2.0 7.0 0.0 5.0 5.0 5.0 0.0 2.0 1.0 1.0 1.0 2.0 0.0 4.0 0.0 2.0 0.0 6.0 2.0 6.0 2.0 8.0 0.0 2.0 2.0 1.0 1.0 19.0 122.0 0.0 0.0 0.0 0.0 0.0 
0.0 0.0 0.0 0.0 0.0 0.0 0.0 72.0 5.0 0.0 0.0 3.0 4.0 8.0 0.0 1.0 0.0 0.0 2.0 1.0 1.0 5.0 4.0 6.0 2.0 0.0 2.0 0.0 1.0 5.0 2.0 6.0 0.0 0.0 4.0 1.0 1.0 5.0 2.0 9.0 4.0 0.0 0.0 2.0 0.0 7.0 0.0 1.0 0.0 0.0 0.0 4.0 4.0 6.0 1.0 1.0 0.0 8.0 1.0 0.0 1.0 0.0 4.0 2.0 8.0 0.0 4.0 1.0 2.0 4.0 2.0 4.0 0.0 4.0 1.0 0.0 0.0 0.0 4.0 1.0 7.0 1.0 2.0 0.0 0.0 2.0 0.0 1.0 1.0 1.0 6.0 1.0 0.0 12.0 17.0 29.0 0.0 0.0 0.0 0.0 
0.0 0.0 0.0 0.0 0.0 0.0 0.0 166.0 1.0 2.0 0.0 0.0 6.0 3.0 0.0 0.0 2.0 0.0 5.0 0.0 4.0 1.0 3.0 13.0 2.0 0.0 6.0 2.0 0.0 1.0 1.0 1.0 0.0 0.0 1.0 1.0 1.0 0.0 2.0 0.0 4.0 6.0 4.0 3.0 1.0 1.0 0.0 5.0 0.0 0.0 0.0 3.0 0.0 5.0 3.0 7.0 3.0 6.0 1.0 0.0 4.0 3.0 7.0 0.0 0.0 2.0 1.0 10.0 0.0 0.0 1.0 4.0 0.0 0.0 0.0 1.0 0.0 1.0 1.0 1.0 1.0 2.0 1.0 1.0 0.0 3.0 0.0 2.0 1.0 1.0 6.0 3.0 4.0 0.0 20.0 71.0 0.0 0.0 0.0 0.0 
0.0 0.0 0.0 0.0 0.0 0.0 46.0 3.0 7.0 1.0 2.0 1.0 1.0 9.0 4.0 5.0 0.0 6.0 0.0 2.0 1.0 1.0 3.0 1.0 1.0 1.0 2.0 9.0 0.0 3.0 1.0 2.0 1.0 10.0 0.0 2.0 3.0 4.0 3.0 8.0 0.0 2.0 10.0 1.0 8.0 1.0 0.0 0.0 0.0 0.0 9.0 0.0 0.0 0.0 0.0 2.0 4.0 1.0 2.0 0.0 2.0 7.0 1.0 1.0 2.0 8.0 4.0 2.0 2.0 2.0 0.0 0.0 0.0 10.0 0.0 0.0 3.0 0.0 5.0 0.0 1.0 0.0 3.0 5.0 0.0 6.0 0.0 6.0 3.0 3.0 6.0 0.0 2.0 2.0 5.0 196.0 0.0 0.0 0.0 0.0 
0.0 0.0 0.0 0.0 0.0 0.0 50.0 5.0 7.0 1.0 0.0 0.0 4.0 1.0 0.0 3.0 4.0 3.0 0.0 4.0 1.0 4.0 0.0 1.0 1.0 5.0 0.0 2.0 1.0 4.0 0.0 0.0 6.0 0.0 2.0 0.0 4.0 0.0 1.0 4.0 0.0 0.0 0.0 0.0 2.0 4.0 0.0 4.0 0.0 2.0 2.0 5.0 4.0 4.0 0.0 6.0 1.0 2.0 4.0 0.0 0.0 2.0 7.0 0.0 1.0 1.0 3.0 4.0 1.0 2.0 0.0 0.0 5.0 5.0 0.0 0.0 0.0 0.0 0.0 1.0 0.0 0.0 0.0 4.0 1.0 1.0 2.0 4.0 2.0 2.0 1.0 0.0 1.0 0.0 23.0 31.0 28.0 0.0 0.0 0.0 
0.0 0.0 0.0 0.0 0.0 0.0 158.0 2.0 0.0 4.0 4.0 0.0 5.0 0.0 0.0 0.0 4.0 6.0 2.0 3.0 2.0 7.0 0.0 0.0 4.0 0.0 0.0 0.0 2.0 2.0 1.0 4.0 1.0 0.0 0.0 5.0 0.0 1.0 8.0 0.0 3.0 0.0 7.0 7.0 0.0 2.0 0.0 5.0 0.0 1.0 5.0 2.0 0.0 1.0 0.0 4.0 2.0 2.0 4.0 3.0 3.0 0.0 8.0 1.0 3.0 3.0 2.0 1.0 0.0 3.0 0.0 1.0 1.0 0.0 2.0 2.0 0.0 0.0 0.0 0.0 2.0 2.0 3.0 7.0 6.0 0.0 3.0 9.0 0.0 0.0 0.0 1.0 0.0 3.0 0.0 13.0 59.0 0.0 0.0 0.0 
0.0 0.0 0.0 0.0 0.0 21.0 19.0 15.0 1.0 4.0 2.0 0.0 7.0 0.0 4.0 4.0 3.0 0.0 2.0 7.0 0.0 2.0 0.0 4.0 1.0 2.0 0.0 5.0 2.0 1.0 2.0 6.0 3.0 1.0 2.0 1.0 3.0 1.0 3.0 7.0 6.0 1.0 0.0 3.0 2.0 1.0 5.0 0.0 1.0 2.0 0.0 1.0 0.0 0.0 5.0 1.0 2.0 12.0 3.0 4.0 0.0 2.0 3.0 0.0 5.0 3.0 1.0 9.0 5.0 0.0 4.0 2.0 2.0 0.0 0.0 0.0 2.0 2.0 2.0 3.0 1.0 0.0 4.0 3.0 1.0 4.0 3.0 3.0 2.0 1.0 6.0 0.0 8.0 2.0 5.0 1.0 165.0 0.0 0.0 0.0 
0.0 0.0 0.0 0.0 0.0 55.0 20.0 1.0 9.0 3.0 7.0 4.0 3.0 2.0 1.0 0.0 1.0 0.0 0.0 4.0 3.0 0.0 0.0 0.0 3.0 7.0 4.0 0.0 0.0 2.0 4.0 3.0 0.0 3.0 0.0 6.0 1.0 3.0 1.0 8.0 2.0 2.0 1.0 1.0 1.0 3.0 1.0 0.0 0.0 2.0 3.0 3.0 2.0 0.0 0.0 6.0 0.0 1.0 1.0 6.0 5.0 5.0 0.0 2.0 6.0 0.0 1.0 0.0 2.0 0.0 0.0 0.0 0.0 1.0 0.0 1.0 0.0 0.0 2.0 3.0 3.0 0.0 5.0 1.0 1.0 2.0 0.0 0.0 10.0 0.0 2.0 0.0 1.0 0.0 4.0 31.0 53.0 25.0 0.0 0.0 
0.0 0.0 0.0 0.0 0.0 84.0 0.0 1.0 3.0 1.0 2.0 1.0 0.0 0.0 3.0 1.0 6.0 3.0 2.0 6.0 2.0 6.0 4.0 0.0 0.0 0.0 2.0 7.0 2.0 4.0 2.0 0.0 1.0 2.0 0.0 1.0 0.0 1.0 0.0 4.0 1.0 3.0 0.0 0.0 6.0 0.0 2.0 2.0 4.0 0.0 6.0 3.0 0.0 4.0 2.0 1.0 1.0 4.0 4.0 7.0 3.0 0.0 4.0 7.0 0.0 7.0 4.0 4.0 4.0 7.0 6.0 2.0 3.0 2.0 0.0 1.0 7.0 1.0 0.0 5.0 2.0 3.0 1.0 1.0 2.0 2.0 4.0 1.0 1.0 0.0 1.0 1.0 1.0 6.0 0.0 0.0 19.0 62.0 0.0 0.0 
0.0 0.0 0.0 0.0 0.0 121.0 4.0 2.0 0.0 0.0 3.0 3.0 3.0 2.0 3.0 1.0 2.0 2.0 8.0 2.0 1.0 1.0 0.0 3.0 3.0 3.0 6.0 0.0 2.0 6.0 0.0 12.0 1.0 0.0 10.0 5.0 1.0 7.0 2.0 2.0 4.0 2.0 0.0 3.0 5.0 2.0 6.0 0.0 1.0 1.0 0.0 1.0 1.0 1.0 3.0 2.0 2.0 4.0 3.0 2.0 2.0 2.0 2.0 1.0 6.0 1.0 3.0 3.0 2.0 1.0 3.0 0.0 1.0 1.0 1.0 0.0 1.0 4.0 0.0 1.0 0.0 0.0 0.0 4.0 0.0 7.0 3.0 1.0 6.0 3.0 0.0 0.0 2.0 0.0 4.0 4.0 2.0 106.0 0.0 0.0 
0.0 0.0 0.0 0.0 0.0 175.0 3.0 0.0 0.0 8.0 1.0 2.0 1.0 8.0 0.0 2.0 0.0 0.0 1.0 1.0 2.0 0.0 5.0 1.0 0.0 2.0 0.0 2.0 2.0 5.0 1.0 0.0 1.0 1.0 0.0 0.0 2.0 5.0 1.0 0.0 0.0 0.0 0.0 0.0 1.0 5.0 2.0 1.0 1.0 1.0 5.0 4.0 8.0 0.0 3.0 3.0 5.0 2.0 3.0 3.0 1.0 3.0 5.0 1.0 3.0 1.0 6.0 1.0 4.0 0.0 7.0 0.0 2.0 1.0 2.0 3.0 6.0 0.0 2.0 4.0 11.0 2.0 5.0 3.0 1.0 0.0 4.0 14.0 2.0 0.0 1.0 2.0 2.0 0.0 7.0 0.0 0.0 111.0 0.0 0.0 
0.0 0.0 0.0 0.0 22.0 26.0 7.0 0.0 0.0 0.0 2.0 6.0 2.0 1.0 1.0 3.0 1.0 6.0 2.0 4.0 0.0 1.0 2.0 1.0 1.0 3.0 4.0 0.0 0.0 3.0 1.0 2.0 3.0 7.0 1.0 0.0 1.0 0.0 2.0 2.0 0.0 1.0 1.0 0.0 0.0 4.0 3.0 7.0 1.0 0.0 1.0 0.0 0.0 3.0 0.0 4.0 0.0 5.0 1.0 2.0 0.0 0.0 1.0 5.0 0.0 0.0 1.0 2.0 1.0 2.0 2.0 1.0 1.0 1.0 1.0 1.0 4.0 6.0 2.0 0.0 1.0 1.0 1.0 1.0 3.0 2.0 2.0 0.0 0.0 0.0 2.0 0.0 4.0 5.0 1.0 3.0 7.0 17.0 32.0 0.0 
0.0 0.0 0.0 0.0 35.0 0.0 2.0 6.0 0.0 1.0 0.0 0.0 3.0 7.0 1.0 2.0 1.0 0.0 2.0 0.0 4.0 0.0 1.0 2.0 1.0 1.0 2.0 0.0 4.0 0.0 5.0 7.0 1.0 0.0 2.0 0.0 7.0 2.0 2.0 0.0 2.0 0.0 6.0 2.0 0.0 4.0 0.0 0.0 4.0 0.0 9.0 0.0 2.0 3.0 0.0 5.0 5.0 2.0 0.0 0.0 4.0 3.0 0.0 0.0 1.0 5.0 0.0 3.0 6.0 11.0 0.0 2.0 3.0 2.0 2.0 1.0 2.0 0.0 0.0 2.0 0.0 5.0 5.0 1.0 0.0 2.0 0.0 0.0 0.0 3.0 0.0 1.0 9.0 2.0 1.0 1.0 19.0 21.0 31.0 0.0 
0.0 0.0 0.0 0.0 38.0 8.0 2.0 3.0 2.0 1.0 3.0 0.0 7.0 5.0 1.0 2.0 0.0 1.0 1.0 2.0 0.0 0.0 0.0 0.0 0.0 6.0 2.0 11.0 2.0 0.0 1.0 0.0 1.0 1.0 8.0 7.0 0.0 8.0 0.0 3.0 3.0 1.0 2.0 2.0 1.0 1.0 1.0 7.0 4.0 4.0 0.0 0.0 0.0 0.0 2.0 6.0 4.0 3.0 2.0 4.0 0.0 0.0 0.0 0.0 1.0 2.0 2.0 2.0 1.0 1.0 6.0 0.0 1.0 4.0 2.0 0.0 0.0 4.0 1.0 1.0 2.0 1.0 1.0 1.0 3.0 1.0 1.0 0.0 1.0 1.0 5.0 0.0 2.0 0.0 2.0 2.0 2.0 14.0 90.0 0.0 
0.0 0.0 0.0 0.0 46.0 0.0 1.0 2.0 5.0 3.0 0.0 3.0 8.0 2.0 6.0 1.0 1.0 4.0 2.0 0.0 4.0 5.0 5.0 4.0 1.0 1.0 1.0 1.0 0.0 2.0 1.0 7.0 1.0 6.0 4.0 0.0 1.0 2.0 1.0 1.0 1.0 0.0 4.0 0.0 0.0 2.0 0.0 2.0 1.0 1.0 3.0 0.0 0.0 0.0 0.0 2.0 3.0 6.0 1.0 0.0 0.0 7.0 2.0 0.0 0.0 3.0 0.0 2.0 0.0 0.0 0.0 0.0 4.0 7.0 1.0 0.0 0.0 2.0 0.0 0.0 8.0 2.0 2.0 1.0 1.0 2.0 7.0 0.0 2.0 1.0 2.0 0.0 0.0 2.0 0.0 0.0 1.0 24.0 69.0 19.0 
0.0 0.0 0.0 0.0 117.0 0.0 1.0 2.0 0.0 3.0 1.0 3.0 1.0 0.0 2.0 2.0 0.0 0.0 0.0 3.0 4.0 2.0 3.0 3.0 1.0 11.0 0.0 2.0 1.0 1.0 1.0 3.0 0.0 1.0 0.0 0.0 4.0 0.0 2.0 1.0 4.0 5.0 0.0 0.0 0.0 4.0 5.0 0.0 7.0 2.0 0.0 6.0 2.0 4.0 1.0 1.0 2.0 3.0 1.0 0.0 4.0 1.0 2.0 1.0 0.0 1.0 5.0 2.0 0.0 4.0 0.0 1.0 11.0 0.0 0.0 7.0 0.0 0.0 0.0 1.0 5.0 3.0 1.0 1.0 2.0 4.0 2.0 3.0 4.0 1.0 0.0 6.0 0.0 2.0 1.0 0.0 6.0 2.0 31.0 38.0 
0.0 0.0 0.0 21.0 102.0 18.0 2.0 1.0 1.0 1.0 6.0 0.0 4.0 0.0 0.0 0.0 1.0 0.0 2.0 0.0 2.0 2.0 2.0 1.0 4.0 1.0 2.0 0.0 4.0 0.0 2.0 2.0 4.0 2.0 2.0 3.0 0.0 3.0 3.0 3.0 1.0 6.0 3.0 3.0 1.0 9.0 0.0 0.0 11.0 0.0 6.0 3.0 0.0 4.0 0.0 1.0 0.0 9.0 2.0 11.0 0.0 2.0 6.0 1.0 0.0 0.0 2.0 0.0 2.0 3.0 9.0 2.0 10.0 1.0 0.0 0.0 5.0 3.0 3.0 2.0 2.0 2.0 4.0 0.0 2.0 4.0 5.0 2.0 1.0 3.0 1.0 0.0 0.0 4.0 1.0 1.0 2.0 2.0 2.0 88.0 
0.0 0.0 0.0 47.0 18.0 2.0 1.0 4.0 0.0 2.0 10.0 1.0 0.0 2.0 2.0 2.0 4.0 0.0 2.0 2.0 0.0 4.0 4.0 7.0 0.0 1.0 2.0 6.0 1.0 6.0 1.0 1.0 1.0 0.0 8.0 5.0 3.0 6.0 1.0 5.0 3.0 1.0 5.0 1.0 0.0 2.0 0.0 0.0 5.0 0.0 1.0 1.0 4.0 0.0 0.0 0.0 2.0 0.0 0.0 5.0 0.0 0.0 2.0 1.0 4.0 0.0 4.0 1.0 1.0 4.0 0.0 1.0 2.0 0.0 4.0 2.0 0.0 4.0 2.0 0.0 1.0 5.0 7.0 0.0 0.0 6.0 5.0 2.0 7.0 2.0 2.0 0.0 0.0 4.0 4.0 2.0 2.0 2.0 0.0 138.0 
0.0 0.0 0.0 56.0 5.0 2.0 1.0 11.0 2.0 2.0 0.0 1.0 0.0 0.0 2.0 0.0 0.0 1.0 1.0 2.0 4.0 0.0 0.0 4.0 6.0 0.0 1.0 11.0 4.0 0.0 2.0 2.0 0.0 1.0 5.0 2.0 1.0 3.0 3.0 3.0 0.0 0.0 0.0 1.0 4.0 0.0 0.0 7.0 1.0 3.0 0.0 3.0 4.0 0.0 0.0 0.0 2.0 3.0 1.0 0.0 1.0 0.0 0.0 0.0 1.0 6.0 0.0 4.0 7.0 0.0 2.0 0.0 4.0 0.0 0.0 0.0 5.0 2.0 0.0 1.0 3.0 1.0 3.0 2.0 11.0 3.0 2.0 3.0 1.0 2.0 1.0 4.0 7.0 1.0 0.0 4.0 4.0 0.0 6.0 77.0 
0.0 0.0 0.0 48.0 3.0 6.0 3.0 2.0 1.0 1.0 1.0 3.0 1.0 6.0 5.0 0.0 4.0 5.0 1.0 4.0 1.0 7.0 0.0 0.0 7.0 1.0 6.0 0.0 5.0 4.0 1.0 2.0 2.0 1.0 0.0 4.0 1.0 2.0 0.0 5.0 1.0 0.0 5.0 0.0 0.0 2.0 5.0 1.0 1.0 0.0 1.0 1.0 5.0 5.0 2.0 3.0 0.0 1.0 5.0 2.0 0.0 0.0 0.0 2.0 0.0 2.0 0.0 2.0 0.0 2.0 2.0 1.0 4.0 0.0 0.0 3.0 0.0 2.0 2.0 0.0 1.0 0.0 2.0 10.0 0.0 2.0 2.0 0.0 5.0 1.0 2.0 0.0 0.0 1.0 6.0 4.0 0.0 2.0 4.0 41.0 
0.0 0.0 0.0 53.0 9.0 2.0 0.0 1.0 0.0 4.0 1.0 0.0 4.0 7.0 1.0 3.0 0.0 0.0 2.0 1.0 2.0 0.0 3.0 1.0 0.0 0.0 0.0 7.0 1.0 0.0 2.0 0.0 0.0 2.0 1.0 6.0 4.0 5.0 1.0 0.0 0.0 1.0 2.0 0.0 2.0 0.0 6.0 10.0 0.0 4.0 1.0 2.0 4.0 2.0 2.0 1.0 3.0 0.0 1.0 0.0 3.0 9.0 3.0 1.0 2.0 0.0 5.0 4.0 0.0 0.0 2.0 0.0 9.0 10.0 4.0 2.0 1.0 1.0 3.0 1.0 4.0 1.0 0.0 4.0 0.0 1.0 7.0 1.0 0.0 1.0 2.0 2.0 6.0 2.0 3.0 0.0 4.0 0.0 0.0 40.0 
0.0 0.0 0.0 52.0 22.0 3.0 1.0 0.0 2.0 0.0 11.0 0.0 2.0 1.0 0.0 0.0 4.0 4.0 1.0 0.0 1.0 13.0 1.0 5.0 0.0 2.0 4.0 2.0 2.0 2.0 0.0 2.0 2.0 4.0 5.0 0.0 0.0 0.0 9.0 2.0 2.0 0.0 0.0 6.0 0.0 3.0 0.0 3.0 1.0 0.0 2.0 3.0 1.0 5.0 0.0 4.0 2.0 2.0 6.0 1.0 3.0 2.0 0.0 3.0 15.0 2.0 2.0 0.0 0.0 1.0 6.0 0.0 0.0 2.0 3.0 3.0 0.0 0.0 1.0 0.0 3.0 1.0 2.0 2.0 6.0 8.0 5.0 5.0 0.0 3.0 0.0 0.0 0.0 1.0 0.0 0.0 6.0 5.0 1.0 53.0 
0.0 0.0 0.0 24.0 11.0 11.0 0.0 2.0 3.0 4.0 3.0 0.0 0.0 1.0 3.0 0.0 4.0 0.0 6.0 4.0 1.0 0.0 2.0 1.0 5.0 1.0 1.0 3.0 1.0 1.0 3.0 5.0 3.0 0.0 1.0 0.0 6.0 2.0 0.0 1.0 0.0 2.0 2.0 5.0 3.0 0.0 2.0 2.0 6.0 0.0 1.0 6.0 0.0 5.0 0.0 0.0 2.0 3.0 7.0 1.0 3.0 3.0 6.0 0.0 1.0 5.0 2.0 1.0 3.0 0.0 0.0 3.0 3.0 5.0 4.0 3.0 0.0 2.0 8.0 3.0 5.0 5.0 4.0 4.0 1.0 0.0 2.0 1.0 3.0 6.0 0.0 3.0 0.0 2.0 3.0 1.0 3.0 0.0 4.0 51.0 
0.0 0.0 0.0 6.0 143.0 6.0 3.0 5.0 0.0 0.0 0.0 0.0 6.0 2.0 3.0 1.0 8.0 4.0 2.0 4.0 1.0 2.0 1.0 8.0 0.0 0.0 2.0 0.0 1.0 1.0 3.0 2.0 3.0 4.0 1.0 2.0 0.0 6.0 3.0 2.0 1.0 5.0 2.0 5.0 0.0 2.0 6.0 0.0 0.0 0.0 6.0 0.0 1.0 2.0 3.0 8.0 0.0 1.0 2.0 2.0 0.0 0.0 2.0 3.0 3.0 2.0 0.0 1.0 2.0 3.0 0.0 2.0 1.0 2.0 1.0 1.0 3.0 0.0 8.0 0.0 1.0 1.0 0.0 2.0 6.0 0.0 0.0 3.0 1.0 0.0 1.0 1.0 6.0 0.0 0.0 0.0 8.0 3.0 1.0 75.0 
0.0 0.0 0.0 0.0 165.0 1.0 1.0 0.0 3.0 0.0 5.0 1.0 3.0 0.0 1.0 4.0 1.0 3.0 2.0 0.0 1.0 4.0 2.0 0.0 4.0 4.0 3.0 5.0 10.0 1.0 8.0 2.0 2.0 3.0 0.0 2.0 2.0 0.0 9.0 0.0 0.0 4.0 0.0 1.0 0.0 0.0 0.0 1.0 4.0 0.0 0.0 2.0 4.0 0.0 5.0 5.0 0.0 3.0 0.0 0.0 4.0 6.0 4.0 1.0 5.0 1.0 3.0 2.0 1.0 0.0 4.0 0.0 6.0 2.0 0.0 2.0 0.0 5.0 0.0 0.0 5.0 2.0 2.0 1.0 2.0 1.0 1.0 5.0 0.0 1.0 4.0 1.0 3.0 2.0 0.0 1.0 2.0 0.0 6.0 148.0 
0.0 0.0 0.0 0.0 61.0 4.0 3.0 0.0 0.0 7.0 0.0 3.0 2.0 1.0 5.0 0.0 1.0 0.0 2.0 1.0 0.0 0.0 0.0 5.0 4.0 5.0 1.0 0.0 0.0 7.0 2.0 1.0 4.0 0.0 1.0 0.0 1.0 3.0 1.0 3.0 0.0 5.0 5.0 6.0 4.0 0.0 2.0 6.0 3.0 5.0 3.0 0.0 2.0 1.0 0.0 6.0 4.0 0.0 6.0 4.0 0.0 2.0 0.0 1.0 2.0 3.0 3.0 2.0 3.0 2.0 0.0 0.0 1.0 0.0 2.0 3.0 3.0 0.0 13.0 1.0 4.0 4.0 1.0 0.0 0.0 1.0 2.0 10.0 5.0 5.0 0.0 2.0 3.0 4.0 1.0 7.0 0.0 0.0 8.0 105.0 
0.0 0.0 0.0 0.0 46.0 15.0 6.0 4.0 2.0 0.0 4.0 4.0 0.0 1.0 1.0 0.0 0.0 1.0 1.0 1.0 3.0 2.0 3.0 4.0 0.0 1.0 2.0 1.0 0.0 1.0 12.0 1.0 7.0 2.0 5.0 1.0 1.0 8.0 1.0 5.0 2.0 4.0 1.0 1.0 0.0 2.0 0.0 0.0 2.0 2.0 2.0 0.0 2.0 2.0 5.0 3.0 3.0 0.0 5.0 5.0 1.0 1.0 0.0 0.0 2.0 2.0 1.0 1.0 8.0 2.0 5.0 3.0 1.0 2.0 0.0 2.0 1.0 1.0 1.0 0.0 0.0 2.0 2.0 0.0 1.0 4.0 1.0 8.0 0.0 5.0 0.0 0.0 1.0 3.0 4.0 2.0 7.0 4.0 1.0 88.0 
0.0 0.0 0.0 0.0 29.0 31.0 10.0 0.0 0.0 4.0 4.0 2.0 0.0 1.0 5.0 0.0 6.0 0.0 3.0 1.0 2.0 1.0 1.0 7.0 2.0 0.0 0.0 1.0 4.0 2.0 0.0 0.0 1.0 6.0 3.0 7.0 0.0 0.0 2.0 0.0 7.0 1.0 3.0 1.0 0.0 0.0 2.0 0.0 2.0 3.0 0.0 0.0 1.0 1.0 2.0 6.0 0.0 3.0 1.0 6.0 4.0 0.0 3.0 0.0 3.0 0.0 0.0 0.0 2.0 2.0 0.0 2.0 1.0 0.0 5.0 0.0 5.0 0.0 1.0 4.0 4.0 3.0 0.0 0.0 0.0 0.0 0.0 0.0 0.0 0.0 0.0 5.0 1.0 0.0 3.0 0.0 1.0 2.0 3.0 108.0 
0.0 0.0 0.0 0.0 10.0 134.0 20.0 5.0 0.0 0.0 2.0 0.0 3.0 2.0 7.0 0.0 2.0 1.0 0.0 2.0 12.0 7.0 1.0 0.0 0.0 0.0 2.0 3.0 7.0 5.0 5.0 5.0 1.0 5.0 1.0 0.0 0.0 1.0 0.0 4.0 0.0 3.0 1.0 0.0 1.0 0.0 6.0 1.0 3.0 0.0 3.0 1.0 0.0 1.0 1.0 2.0 2.0 0.0 2.0 0.0 1.0 7.0 0.0 1.0 1.0 2.0 0.0 0.0 3.0 4.0 5.0 1.0 1.0 8.0 3.0 0.0 1.0 3.0 1.0 2.0 1.0 2.0 1.0 1.0 0.0 1.0 0.0 7.0 1.0 2.0 0.0 2.0 0.0 5.0 0.0 1.0 1.0 5.0 0.0 33.0 
0.0 0.0 0.0 0.0 21.0 60.0 28.0 1.0 3.0 2.0 1.0 1.0 7.0 0.0 0.0 4.0 9.0 2.0 2.0 2.0 3.0 0.0 0.0 2.0 0.0 0.0 0.0 0.0 0.0 1.0 1.0 2.0 4.0 5.0 0.0 6.0 3.0 3.0 0.0 0.0 0.0 0.0 0.0 9.0 0.0 5.0 2.0 2.0 3.0 5.0 0.0 0.0 3.0 0.0 0.0 4.0 0.0 4.0 1.0 3.0 2.0 0.0 1.0 1.0 0.0 2.0 0.0 2.0 0.0 1.0 0.0 0.0 2.0 0.0 2.0 3.0 1.0 9.0 1.0 0.0 0.0 0.0 0.0 5.0 0.0 5.0 1.0 1.0 1.0 0.0 7.0 0.0 4.0 2.0 2.0 0.0 0.0 4.0 160.0 0.0 
0.0 0.0 0.0 0.0 24.0 50.0 11.0 0.0 2.0 0.0 7.0 3.0 0.0 1.0 2.0 2.0 4.0 3.0 0.0 0.0 4.0 1.0 2.0 0.0 1.0 2.0 3.0 0.0 0.0 0.0 0.0 1.0 4.0 7.0 1.0 2.0 2.0 2.0 3.0 0.0 0.0 0.0 1.0 6.0 6.0 4.0 2.0 8.0 0.0 0.0 1.0 0.0 1.0 1.0 4.0 0.0 2.0 1.0 2.0 3.0 1.0 0.0 2.0 2.0 0.0 2.0 0.0 1.0 1.0 0.0 0.0 4.0 3.0 1.0 0.0 2.0 0.0 1.0 8.0 0.0 2.0 5.0 2.0 2.0 3.0 4.0 3.0 1.0 3.0 10.0 1.0 8.0 3.0 5.0 3.0 2.0 11.0 19.0 55.0 0.0 
0.0 0.0 0.0 0.0 16.0 77.0 23.0 0.0 0.0 1.0 0.0 3.0 1.0 2.0 7.0 4.0 2.0 0.0 0.0 1.0 5.0 2.0 1.0 2.0 1.0 0.0 1.0 0.0 4.0 0.0 2.0 2.0 0.0 0.0 1.0 2.0 1.0 3.0 0.0 0.0 1.0 3.0 0.0 1.0 5.0 0.0 0.0 2.0 6.0 0.0 1.0 1.0 6.0 2.0 0.0 3.0 3.0 0.0 4.0 1.0 0.0 5.0 0.0 1.0 6.0 0.0 1.0 3.0 0.0 2.0 0.0 4.0 1.0 3.0 5.0 1.0 0.0 1.0 2.0 3.0 4.0 4.0 0.0 2.0 15.0 3.0 0.0 0.0 3.0 0.0 3.0 2.0 1.0 2.0 4.0 1.0 10.0 34.0 35.0 0.0 
0.0 0.0 0.0 0.0 0.0 137.0 0.0 3.0 2.0 1.0 8.0 4.0 0.0 1.0 3.0 0.0 1.0 0.0 2.0 0.0 1.0 3.0 0.0 2.0 0.0 8.0 4.0 0.0 0.0 1.0 0.0 6.0 4.0 0.0 1.0 0.0 0.0 7.0 4.0 4.0 0.0 0.0 0.0 0.0 1.0 0.0 0.0 8.0 0.0 4.0 3.0 3.0 3.0 4.0 5.0 6.0 2.0 2.0 2.0 4.0 4.0 0.0 3.0 3.0 3.0 0.0 6.0 13.0 1.0 4.0 0.0 1.0 3.0 3.0 4.0 1.0 2.0 1.0 4.0 2.0 0.0 2.0 1.0 4.0 5.0 4.0 0.0 3.0 4.0 0.0 1.0 0.0 2.0 0.0 3.0 2.0 24.0 68.0 17.0 0.0 
0.0 0.0 0.0 0.0 0.0 48.0 27.0 3.0 0.0 0.0 3.0 1.0 1.0 0.0 5.0 2.0 6.0 0.0 0.0 0.0 2.0 0.0 1.0 4.0 0.0 2.0 1.0 0.0 1.0 0.0 6.0 2.0 2.0 0.0 0.0 0.0 4.0 4.0 1.0 1.0 0.0 8.0 0.0 3.0 3.0 2.0 0.0 0.0 1.0 0.0 0.0 0.0 0.0 0.0 2.0 0.0 2.0 2.0 2.0 0.0 0.0 0.0 0.0 4.0 6.0 1.0 0.0 4.0 0.0 2.0 0.0 5.0 0.0 3.0 0.0 9.0 1.0 1.0 0.0 0.0 1.0 4.0 0.0 3.0 6.0 0.0 5.0 4.0 3.0 0.0 1.0 2.0 0.0 4.0 5.0 0.0 2.0 154.0 0.0 0.0 
0.0 0.0 0.0 0.0 0.0 41.0 25.0 29.0 2.0 0.0 2.0 2.0 4.0 4.0 0.0 0.0 0.0 2.0 0.0 2.0 1.0 1.0 3.0 0.0 4.0 3.0 1.0 1.0 0.0 2.0 4.0 0.0 0.0 2.0 0.0 0.0 8.0 3.0 2.0 0.0 0.0 1.0 0.0 0.0 2.0 1.0 2.0 1.0 0.0 3.0 2.0 5.0 4.0 0.0 0.0 2.0 2.0 12.0 0.0 3.0 0.0 3.0 1.0 1.0 0.0 1.0 0.0 0.0 1.0 0.0 6.0 0.0 4.0 3.0 5.0 0.0 4.0 2.0 0.0 3.0 0.0 3.0 1.0 1.0 2.0 0.0 1.0 0.0 3.0 0.0 3.0 4.0 4.0 1.0 2.0 0.0 33.0 59.0 0.0 0.0 
0.0 0.0 0.0 0.0 0.0 0.0 97.0 5.0 5.0 1.0 0.0 0.0 3.0 0.0 9.0 0.0 0.0 3.0 0.0 0.0 5.0 3.0 2.0 0.0 1.0 1.0 1.0 9.0 3.0 0.0 0.0 1.0 1.0 0.0 2.0 1.0 2.0 5.0 2.0 5.0 1.0 0.0 2.0 2.0 3.0 2.0 4.0 0.0 4.0 1.0 0.0 2.0 0.0 1.0 2.0 0.0 4.0 2.0 1.0 2.0 6.0 2.0 5.0 5.0 10.0 0.0 3.0 1.0 0.0 5.0 0.0 0.0 8.0 0.0 3.0 1.0 0.0 2.0 1.0 1.0 6.0 0.0 0.0 3.0 0.0 0.0 0.0 0.0 3.0 0.0 1.0 0.0 0.0 0.0 1.0 26.0 65.0 23.0 0.0 0.0 
0.0 0.0 0.0 0.0 0.0 0.0 42.0 3.0 9.0 0.0 3.0 4.0 6.0 2.0 0.0 1.0 1.0 0.0 1.0 8.0 5.0 0.0 0.0 4.0 0.0 3.0 0.0 1.0 4.0 8.0 0.0 2.0 6.0 2.0 4.0 0.0 0.0 0.0 0.0 0.0 1.0 3.0 2.0 3.0 0.0 0.0 0.0 3.0 1.0 2.0 2.0 3.0 0.0 1.0 3.0 4.0 1.0 0.0 1.0 0.0 3.0 1.0 2.0 0.0 0.0 6.0 1.0 12.0 0.0 2.0 1.0 3.0 0.0 0.0 0.0 4.0 0.0 1.0 1.0 9.0 0.0 5.0 9.0 1.0 4.0 1.0 4.0 5.0 5.0 0.0 2.0 0.0 4.0 3.0 3.0 1.0 196.0 0.0 0.0 0.0 
0.0 0.0 0.0 0.0 0.0 0.0 0.0 126.0 2.0 0.0 2.0 4.0 2.0 0.0 10.0 2.0 7.0 2.0 1.0 1.0 1.0 4.0 8.0 0.0 1.0 4.0 10.0 7.0 0.0 6.0 10.0 5.0 1.0 2.0 7.0 0.0 0.0 0.0 0.0 2.0 4.0 0.0 6.0 1.0 6.0 0.0 5.0 0.0 4.0 0.0 3.0 0.0 4.0 0.0 5.0 5.0 2.0 1.0 0.0 1.0 0.0 0.0 1.0 0.0 6.0 0.0 1.0 5.0 2.0 0.0 0.0 1.0 5.0 4.0 1.0 0.0 5.0 2.0 5.0 0.0 0.0 6.0 1.0 1.0 0.0 2.0 2.0 3.0 4.0 2.0 0.0 0.0 0.0 8.0 3.0 0.0 29.0 0.0 0.0 0.0 
0.0 0.0 0.0 0.0 0.0 0.0 0.0 46.0 1.0 2.0 0.0 0.0 6.0 2.0 2.0 3.0 3.0 5.0 3.0 2.0 0.0 5.0 2.0 0.0 0.0 4.0 7.0 1.0 2.0 0.0 1.0 2.0 1.0 6.0 0.0 1.0 1.0 4.0 2.0 0.0 0.0 4.0 1.0 0.0 5.0 2.0 1.0 1.0 0.0 3.0 4.0 7.0 0.0 3.0 0.0 4.0 1.0 5.0 0.0 0.0 0.0 10.0 0.0 0.0 2.0 1.0 0.0 0.0 3.0 0.0 1.0 2.0 0.0 4.0 0.0 0.0 0.0 2.0 0.0 1.0 0.0 0.0 3.0 0.0 2.0 5.0 4.0 4.0 6.0 4.0 0.0 2.0 5.0 4.0 2.0 183.0 0.0 0.0 0.0 0.0 
0.0 0.0 0.0 0.0 0.0 0.0 0.0 0.0 157.0 14.0 1.0 3.0 0.0 1.0 0.0 1.0 0.0 2.0 6.0 4.0 0.0 0.0 4.0 0.0 0.0 4.0 2.0 7.0 1.0 5.0 4.0 1.0 2.0 5.0 0.0 2.0 1.0 4.0 2.0 1.0 6.0 2.0 1.0 0.0 0.0 0.0 4.0 0.0 0.0 0.0 0.0 0.0 0.0 1.0 0.0 0.0 0.0 1.0 2.0 0.0 8.0 0.0 0.0 5.0 2.0 0.0 2.0 0.0 1.0 4.0 4.0 0.0 1.0 1.0 1.0 3.0 4.0 2.0 1.0 1.0 2.0 0.0 0.0 5.0 12.0 2.0 7.0 1.0 0.0 0.0 1.0 1.0 0.0 5.0 2.0 59.0 0.0 0.0 0.0 0.0 
0.0 0.0 0.0 0.0 0.0 0.0 0.0 0.0 27.0 8.0 14.0 4.0 1.0 1.0 1.0 7.0 1.0 1.0 4.0 3.0 0.0 4.0 1.0 0.0 1.0 2.0 9.0 1.0 1.0 4.0 0.0 2.0 5.0 0.0 2.0 2.0 0.0 1.0 0.0 1.0 0.0 5.0 3.0 0.0 3.0 8.0 0.0 5.0 3.0 4.0 2.0 5.0 2.0 2.0 6.0 4.0 3.0 3.0 0.0 5.0 0.0 3.0 0.0 0.0 5.0 3.0 1.0 1.0 2.0 1.0 1.0 8.0 7.0 0.0 4.0 5.0 0.0 0.0 0.0 1.0 1.0 0.0 2.0 4.0 1.0 0.0 0.0 2.0 6.0 0.0 0.0 0.0 0.0 12.0 133.0 0.0 0.0 0.0 0.0 0.0 
0.0 0.0 0.0 0.0 0.0 0.0 0.0 0.0 0.0 112.0 0.0 0.0 0.0 2.0 1.0 0.0 1.0 0.0 0.0 14.0 2.0 1.0 0.0 0.0 0.0 6.0 0.0 3.0 0.0 0.0 5.0 4.0 0.0 2.0 4.0 2.0 3.0 1.0 5.0 2.0 3.0 3.0 3.0 3.0 2.0 0.0 3.0 1.0 2.0 1.0 0.0 2.0 1.0 4.0 2.0 2.0 3.0 0.0 0.0 0.0 2.0 1.0 1.0 1.0 4.0 3.0 0.0 4.0 2.0 0.0 2.0 0.0 7.0 2.0 2.0 0.0 2.0 2.0 0.0 2.0 10.0 0.0 4.0 3.0 2.0 1.0 10.0 1.0 6.0 3.0 0.0 2.0 5.0 7.0 23.0 0.0 0.0 0.0 0.0 0.0 
0.0 0.0 0.0 0.0 0.0 0.0 0.0 0.0 0.0 0.0 148.0 0.0 1.0 6.0 0.0 1.0 0.0 0.0 1.0 0.0 3.0 4.0 3.0 3.0 4.0 3.0 0.0 0.0 5.0 0.0 0.0 0.0 3.0 2.0 0.0 0.0 6.0 1.0 1.0 1.0 8.0 2.0 2.0 0.0 0.0 0.0 1.0 4.0 5.0 0.0 6.0 2.0 4.0 1.0 1.0 0.0 0.0 7.0 0.0 3.0 2.0 0.0 3.0 3.0 5.0 0.0 2.0 7.0 0.0 8.0 1.0 2.0 4.0 3.0 2.0 1.0 0.0 3.0 1.0 0.0 0.0 2.0 11.0 3.0 2.0 0.0 0.0 8.0 0.0 3.0 0.0 2.0 27.0 150.0 0.0 0.0 0.0 0.0 0.0 0.0 
0.0 0.0 0.0 0.0 0.0 0.0 0.0 0.0 0.0 0.0 0.0 183.0 2.0 4.0 1.0 2.0 5.0 0.0 4.0 5.0 1.0 7.0 3.0 4.0 0.0 1.0 1.0 5.0 0.0 0.0 3.0 4.0 2.0 6.0 2.0 3.0 5.0 1.0 0.0 4.0 3.0 5.0 0.0 0.0 1.0 3.0 3.0 0.0 0.0 0.0 2.0 0.0 1.0 1.0 0.0 1.0 2.0 8.0 5.0 0.0 4.0 0.0 2.0 6.0 1.0 2.0 2.0 0.0 1.0 7.0 4.0 8.0 1.0 2.0 3.0 3.0 1.0 2.0 3.0 2.0 1.0 3.0 1.0 7.0 4.0 0.0 2.0 2.0 2.0 0.0 0.0 27.0 33.0 29.0 0.0 0.0 0.0 0.0 0.0 0.0 
0.0 0.0 0.0 0.0 0.0 0.0 0.0 0.0 0.0 0.0 0.0 45.0 1.0 2.0 1.0 0.0 0.0 3.0 1.0 5.0 6.0 3.0 6.0 0.0 7.0 0.0 1.0 2.0 2.0 0.0 8.0 1.0 1.0 7.0 2.0 2.0 4.0 17.0 4.0 1.0 5.0 0.0 6.0 1.0 0.0 5.0 3.0 4.0 1.0 2.0 4.0 0.0 4.0 2.0 1.0 0.0 0.0 4.0 0.0 0.0 0.0 2.0 4.0 0.0 0.0 0.0 1.0 2.0 0.0 0.0 3.0 4.0 0.0 5.0 5.0 1.0 5.0 1.0 0.0 4.0 0.0 0.0 9.0 0.0 0.0 6.0 3.0 3.0 1.0 5.0 5.0 8.0 76.0 0.0 0.0 0.0 0.0 0.0 0.0 0.0 
0.0 0.0 0.0 0.0 0.0 0.0 0.0 0.0 0.0 0.0 0.0 0.0 87.0 1.0 0.0 3.0 6.0 0.0 1.0 1.0 0.0 2.0 6.0 3.0 0.0 2.0 2.0 6.0 0.0 2.0 0.0 4.0 2.0 0.0 2.0 0.0 1.0 0.0 0.0 2.0 1.0 3.0 0.0 1.0 4.0 0.0 5.0 0.0 3.0 2.0 2.0 2.0 0.0 1.0 0.0 1.0 1.0 0.0 2.0 0.0 0.0 3.0 4.0 2.0 6.0 0.0 3.0 0.0 4.0 4.0 4.0 4.0 6.0 0.0 0.0 2.0 3.0 1.0 0.0 5.0 5.0 0.0 2.0 0.0 15.0 3.0 5.0 0.0 3.0 5.0 0.0 127.0 0.0 0.0 0.0 0.0 0.0 0.0 0.0 0.0 
0.0 0.0 0.0 0.0 0.0 0.0 0.0 0.0 0.0 0.0 0.0 0.0 0.0 148.0 30.0 4.0 0.0 1.0 4.0 2.0 1.0 2.0 1.0 1.0 1.0 1.0 3.0 0.0 3.0 0.0 1.0 0.0 3.0 1.0 2.0 2.0 6.0 0.0 2.0 1.0 3.0 2.0 1.0 2.0 3.0 1.0 0.0 1.0 0.0 1.0 4.0 5.0 1.0 0.0 0.0 0.0 0.0 6.0 1.0 0.0 1.0 0.0 4.0 4.0 1.0 0.0 0.0 2.0 0.0 2.0 8.0 5.0 0.0 0.0 1.0 2.0 0.0 5.0 1.0 0.0 1.0 3.0 2.0 5.0 1.0 14.0 1.0 6.0 4.0 12.0 175.0 0.0 0.0 0.0 0.0 0.0 0.0 0.0 0.0 0.0 
0.0 0.0 0.0 0.0 0.0 0.0 0.0 0.0 0.0 0.0 0.0 0.0 0.0 24.0 58.0 27.0 4.0 0.0 2.0 6.0 3.0 2.0 9.0 1.0 0.0 7.0 5.0 0.0 1.0 2.0 4.0 4.0 0.0 6.0 4.0 0.0 2.0 11.0 0.0 0.0 0.0 4.0 2.0 1.0 1.0 1.0 2.0 2.0 4.0 1.0 4.0 2.0 1.0 0.0 2.0 3.0 1.0 2.0 4.0 4.0 0.0 3.0 1.0 1.0 7.0 2.0 0.0 5.0 0.0 0.0 3.0 2.0 1.0 0.0 2.0 1.0 2.0 3.0 3.0 3.0 1.0 1.0 0.0 0.0 0.0 3.0 2.0 1.0 21.0 10.0 31.0 0.0 0.0 0.0 0.0 0.0 0.0 0.0 0.0 0.0 
0.0 0.0 0.0 0.0 0.0 0.0 0.0 0.0 0.0 0.0 0.0 0.0 0.0 0.0 74.0 5.0 3.0 0.0 0.0 4.0 1.0 4.0 0.0 5.0 5.0 0.0 2.0 0.0 6.0 0.0 2.0 6.0 1.0 0.0 3.0 0.0 4.0 0.0 2.0 3.0 4.0 3.0 3.0 2.0 3.0 1.0 2.0 3.0 0.0 5.0 1.0 10.0 0.0 0.0 3.0 3.0 0.0 0.0 0.0 0.0 0.0 0.0 0.0 1.0 5.0 3.0 5.0 0.0 0.0 3.0 0.0 1.0 1.0 0.0 6.0 0.0 0.0 2.0 1.0 3.0 5.0 0.0 0.0 7.0 1.0 0.0 2.0 16.0 7.0 50.0 0.0 0.0 0.0 0.0 0.0 0.0 0.0 0.0 0.0 0.0 
0.0 0.0 0.0 0.0 0.0 0.0 0.0 0.0 0.0 0.0 0.0 0.0 0.0 0.0 0.0 97.0 3.0 8.0 1.0 2.0 3.0 2.0 1.0 2.0 1.0 6.0 1.0 4.0 6.0 2.0 0.0 0.0 4.0 4.0 1.0 0.0 2.0 3.0 0.0 1.0 4.0 5.0 1.0 1.0 2.0 1.0 9.0 0.0 2.0 3.0 0.0 0.0 3.0 1.0 0.0 0.0 6.0 2.0 0.0 2.0 2.0 0.0 0.0 1.0 2.0 3.0 4.0 0.0 6.0 0.0 2.0 0.0 2.0 1.0 0.0 0.0 1.0 0.0 2.0 10.0 3.0 0.0 3.0 4.0 0.0 1.0 15.0 8.0 77.0 0.0 0.0 0.0 0.0 0.0 0.0 0.0 0.0 0.0 0.0 0.0 
0.0 0.0 0.0 0.0 0.0 0.0 0.0 0.0 0.0 0.0 0.0 0.0 0.0 0.0 0.0 0.0 96.0 4.0 2.0 4.0 5.0 1.0 3.0 6.0 0.0 1.0 2.0 5.0 0.0 6.0 1.0 0.0 3.0 3.0 0.0 1.0 5.0 1.0 1.0 0.0 0.0 5.0 1.0 0.0 0.0 2.0 0.0 9.0 1.0 1.0 2.0 5.0 1.0 3.0 0.0 0.0 1.0 2.0 1.0 2.0 1.0 4.0 0.0 0.0 2.0 0.0 0.0 1.0 0.0 0.0 0.0 0.0 1.0 0.0 1.0 4.0 4.0 1.0 0.0 4.0 2.0 0.0 6.0 1.0 1.0 31.0 21.0 69.0 0.0 0.0 0.0 0.0 0.0 0.0 0.0 0.0 0.0 0.0 0.0 0.0 
0.0 0.0 0.0 0.0 0.0 0.0 0.0 0.0 0.0 0.0 0.0 0.0 0.0 0.0 0.0 0.0 0.0 76.0 5.0 6.0 0.0 0.0 0.0 1.0 3.0 2.0 4.0 0.0 3.0 4.0 2.0 5.0 0.0 2.0 2.0 2.0 0.0 2.0 8.0 1.0 0.0 0.0 5.0 0.0 4.0 0.0 1.0 0.0 4.0 3.0 1.0 5.0 1.0 1.0 0.0 3.0 3.0 0.0 2.0 1.0 0.0 0.0 0.0 4.0 0.0 0.0 1.0 0.0 1.0 2.0 0.0 2.0 2.0 7.0 4.0 0.0 0.0 2.0 2.0 4.0 1.0 0.0 2.0 0.0 45.0 18.0 68.0 0.0 0.0 0.0 0.0 0.0 0.0 0.0 0.0 0.0 0.0 0.0 0.0 0.0 
0.0 0.0 0.0 0.0 0.0 0.0 0.0 0.0 0.0 0.0 0.0 0.0 0.0 0.0 0.0 0.0 0.0 0.0 56.0 2.0 9.0 2.0 3.0 6.0 1.0 0.0 0.0 0.0 0.0 10.0 3.0 4.0 0.0 0.0 0.0 0.0 3.0 3.0 2.0 3.0 0.0 0.0 3.0 0.0 2.0 2.0 2.0 4.0 0.0 1.0 2.0 3.0 0.0 2.0 0.0 4.0 0.0 0.0 2.0 0.0 2.0 0.0 2.0 0.0 4.0 0.0 3.0 2.0 1.0 2.0 7.0 1.0 2.0 0.0 0.0 5.0 0.0 0.0 6.0 1.0 0.0 1.0 4.0 15.0 35.0 57.0 0.0 0.0 0.0 0.0 0.0 0.0 0.0 0.0 0.0 0.0 0.0 0.0 0.0 0.0 
0.0 0.0 0.0 0.0 0.0 0.0 0.0 0.0 0.0 0.0 0.0 0.0 0.0 0.0 0.0 0.0 0.0 0.0 0.0 74.0 8.0 3.0 1.0 1.0 0.0 3.0 0.0 1.0 0.0 4.0 4.0 1.0 4.0 3.0 0.0 1.0 0.0 3.0 0.0 2.0 1.0 1.0 2.0 4.0 1.0 10.0 3.0 4.0 3.0 0.0 2.0 5.0 0.0 0.0 8.0 5.0 2.0 4.0 0.0 7.0 2.0 5.0 2.0 2.0 0.0 4.0 4.0 6.0 4.0 1.0 2.0 0.0 0.0 0.0 0.0 1.0 13.0 0.0 3.0 2.0 4.0 10.0 1.0 164.0 25.0 0.0 0.0 0.0 0.0 0.0 0.0 0.0 0.0 0.0 0.0 0.0 0.0 0.0 0.0 0.0 
0.0 0.0 0.0 0.0 0.0 0.0 0.0 0.0 0.0 0.0 0.0 0.0 0.0 0.0 0.0 0.0 0.0 0.0 0.0 0.0 104.0 1.0 2.0 3.0 0.0 4.0 1.0 1.0 1.0 0.0 0.0 1.0 2.0 0.0 3.0 5.0 0.0 1.0 7.0 0.0 0.0 6.0 2.0 0.0 3.0 0.0 4.0 2.0 3.0 2.0 3.0 5.0 7.0 0.0 3.0 1.0 0.0 0.0 2.0 0.0 4.0 2.0 10.0 1.0 2.0 0.0 1.0 8.0 0.0 4.0 3.0 5.0 0.0 0.0 0.0 4.0 0.0 1.0 2.0 1.0 6.0 5.0 78.0 0.0 0.0 0.0 0.0 0.0 0.0 0.0 0.0 0.0 0.0 0.0 0.0 0.0 0.0 0.0 0.0 0.0 
0.0 0.0 0.0 0.0 0.0 0.0 0.0 0.0 0.0 0.0 0.0 0.0 0.0 0.0 0.0 0.0 0.0 0.0 0.0 0.0 0.0 88.0 8.0 19.0 0.0 0.0 1.0 4.0 3.0 0.0 1.0 0.0 4.0 5.0 0.0 1.0 5.0 1.0 4.0 2.0 0.0 1.0 1.0 0.0 3.0 2.0 0.0 0.0 1.0 3.0 0.0 2.0 2.0 1.0 6.0 2.0 1.0 1.0 0.0 4.0 6.0 0.0 6.0 3.0 0.0 2.0 0.0 0.0 0.0 3.0 2.0 2.0 5.0 0.0 3.0 0.0 2.0 3.0 2.0 0.0 162.0 28.0 0.0 0.0 0.0 0.0 0.0 0.0 0.0 0.0 0.0 0.0 0.0 0.0 0.0 0.0 0.0 0.0 0.0 0.0 
0.0 0.0 0.0 0.0 0.0 0.0 0.0 0.0 0.0 0.0 0.0 0.0 0.0 0.0 0.0 0.0 0.0 0.0 0.0 0.0 0.0 0.0 59.0 107.0 8.0 4.0 1.0 4.0 5.0 4.0 0.0 2.0 1.0 6.0 6.0 7.0 9.0 0.0 1.0 1.0 2.0 0.0 1.0 2.0 5.0 0.0 1.0 1.0 3.0 6.0 1.0 4.0 0.0 1.0 3.0 2.0 1.0 1.0 1.0 2.0 0.0 0.0 6.0 7.0 0.0 2.0 1.0 2.0 1.0 0.0 0.0 0.0 1.0 1.0 0.0 1.0 0.0 1.0 0.0 132.0 0.0 0.0 0.0 0.0 0.0 0.0 0.0 0.0 0.0 0.0 0.0 0.0 0.0 0.0 0.0 0.0 0.0 0.0 0.0 0.0 
0.0 0.0 0.0 0.0 0.0 0.0 0.0 0.0 0.0 0.0 0.0 0.0 0.0 0.0 0.0 0.0 0.0 0.0 0.0 0.0 0.0 0.0 0.0 8.0 160.0 9.0 2.0 0.0 0.0 0.0 0.0 1.0 10.0 4.0 0.0 0.0 2.0 5.0 4.0 3.0 5.0 1.0 1.0 1.0 0.0 2.0 0.0 0.0 5.0 1.0 0.0 3.0 1.0 2.0 2.0 2.0 1.0 2.0 0.0 10.0 3.0 1.0 0.0 0.0 7.0 0.0 1.0 2.0 0.0 3.0 7.0 0.0 2.0 6.0 0.0 4.0 5.0 3.0 130.0 0.0 0.0 0.0 0.0 0.0 0.0 0.0 0.0 0.0 0.0 0.0 0.0 0.0 0.0 0.0 0.0 0.0 0.0 0.0 0.0 0.0 
0.0 0.0 0.0 0.0 0.0 0.0 0.0 0.0 0.0 0.0 0.0 0.0 0.0 0.0 0.0 0.0 0.0 0.0 0.0 0.0 0.0 0.0 0.0 0.0 1.0 110.0 2.0 1.0 3.0 1.0 1.0 0.0 0.0 2.0 0.0 1.0 2.0 2.0 0.0 3.0 5.0 0.0 5.0 1.0 3.0 4.0 0.0 3.0 2.0 11.0 0.0 4.0 2.0 0.0 2.0 2.0 6.0 5.0 2.0 0.0 8.0 0.0 4.0 5.0 4.0 5.0 1.0 1.0 3.0 0.0 1.0 0.0 0.0 0.0 3.0 6.0 5.0 94.0 0.0 0.0 0.0 0.0 0.0 0.0 0.0 0.0 0.0 0.0 0.0 0.0 0.0 0.0 0.0 0.0 0.0 0.0 0.0 0.0 0.0 0.0 
0.0 0.0 0.0 0.0 0.0 0.0 0.0 0.0 0.0 0.0 0.0 0.0 0.0 0.0 0.0 0.0 0.0 0.0 0.0 0.0 0.0 0.0 0.0 0.0 0.0 6.0 134.0 0.0 36.0 3.0 1.0 2.0 14.0 1.0 0.0 1.0 0.0 0.0 1.0 1.0 4.0 2.0 2.0 1.0 1.0 1.0 5.0 0.0 0.0 0.0 0.0 0.0 0.0 4.0 2.0 0.0 1.0 2.0 4.0 4.0 4.0 1.0 2.0 2.0 6.0 0.0 1.0 1.0 0.0 2.0 0.0 9.0 1.0 2.0 1.0 163.0 28.0 0.0 0.0 0.0 0.0 0.0 0.0 0.0 0.0 0.0 0.0 0.0 0.0 0.0 0.0 0.0 0.0 0.0 0.0 0.0 0.0 0.0 0.0 0.0 
0.0 0.0 0.0 0.0 0.0 0.0 0.0 0.0 0.0 0.0 0.0 0.0 0.0 0.0 0.0 0.0 0.0 0.0 0.0 0.0 0.0 0.0 0.0 0.0 0.0 0.0 0.0 76.0 19.0 16.0 24.0 1.0 0.0 1.0 1.0 3.0 2.0 0.0 0.0 4.0 3.0 1.0 3.0 2.0 1.0 0.0 1.0 1.0 1.0 4.0 1.0 2.0 3.0 2.0 6.0 4.0 1.0 1.0 1.0 1.0 0.0 0.0 4.0 9.0 1.0 1.0 1.0 5.0 0.0 1.0 5.0 2.0 2.0 4.0 133.0 5.0 0.0 0.0 0.0 0.0 0.0 0.0 0.0 0.0 0.0 0.0 0.0 0.0 0.0 0.0 0.0 0.0 0.0 0.0 0.0 0.0 0.0 0.0 0.0 0.0 
0.0 0.0 0.0 0.0 0.0 0.0 0.0 0.0 0.0 0.0 0.0 0.0 0.0 0.0 0.0 0.0 0.0 0.0 0.0 0.0 0.0 0.0 0.0 0.0 0.0 0.0 0.0 0.0 21.0 121.0 26.0 18.0 31.0 0.0 2.0 4.0 0.0 5.0 4.0 1.0 0.0 3.0 4.0 3.0 0.0 1.0 2.0 3.0 0.0 1.0 2.0 0.0 1.0 0.0 8.0 9.0 1.0 2.0 1.0 0.0 0.0 1.0 4.0 0.0 10.0 1.0 1.0 2.0 5.0 0.0 1.0 28.0 4.0 90.0 0.0 0.0 0.0 0.0 0.0 0.0 0.0 0.0 0.0 0.0 0.0 0.0 0.0 0.0 0.0 0.0 0.0 0.0 0.0 0.0 0.0 0.0 0.0 0.0 0.0 0.0 
0.0 0.0 0.0 0.0 0.0 0.0 0.0 0.0 0.0 0.0 0.0 0.0 0.0 0.0 0.0 0.0 0.0 0.0 0.0 0.0 0.0 0.0 0.0 0.0 0.0 0.0 0.0 0.0 0.0 0.0 24.0 105.0 51.0 22.0 5.0 0.0 0.0 0.0 0.0 2.0 1.0 2.0 0.0 0.0 5.0 0.0 0.0 1.0 1.0 0.0 6.0 1.0 3.0 5.0 2.0 0.0 2.0 1.0 2.0 2.0 7.0 2.0 1.0 4.0 0.0 1.0 2.0 2.0 2.0 5.0 21.0 37.0 59.0 0.0 0.0 0.0 0.0 0.0 0.0 0.0 0.0 0.0 0.0 0.0 0.0 0.0 0.0 0.0 0.0 0.0 0.0 0.0 0.0 0.0 0.0 0.0 0.0 0.0 0.0 0.0 
0.0 0.0 0.0 0.0 0.0 0.0 0.0 0.0 0.0 0.0 0.0 0.0 0.0 0.0 0.0 0.0 0.0 0.0 0.0 0.0 0.0 0.0 0.0 0.0 0.0 0.0 0.0 0.0 0.0 0.0 0.0 0.0 32.0 208.0 2.0 0.0 1.0 0.0 0.0 4.0 0.0 3.0 5.0 3.0 2.0 5.0 1.0 0.0 1.0 0.0 0.0 5.0 0.0 0.0 1.0 3.0 6.0 1.0 2.0 0.0 2.0 3.0 4.0 1.0 7.0 1.0 2.0 9.0 6.0 171.0 63.0 25.0 0.0 0.0 0.0 0.0 0.0 0.0 0.0 0.0 0.0 0.0 0.0 0.0 0.0 0.0 0.0 0.0 0.0 0.0 0.0 0.0 0.0 0.0 0.0 0.0 0.0 0.0 0.0 0.0 
0.0 0.0 0.0 0.0 0.0 0.0 0.0 0.0 0.0 0.0 0.0 0.0 0.0 0.0 0.0 0.0 0.0 0.0 0.0 0.0 0.0 0.0 0.0 0.0 0.0 0.0 0.0 0.0 0.0 0.0 0.0 0.0 0.0 0.0 45.0 108.0 215.0 5.0 4.0 1.0 11.0 4.0 3.0 2.0 7.0 1.0 3.0 4.0 1.0 1.0 3.0 0.0 2.0 5.0 7.0 2.0 1.0 1.0 0.0 2.0 0.0 0.0 0.0 4.0 24.0 2.0 10.0 134.0 79.0 2.0 0.0 0.0 0.0 0.0 0.0 0.0 0.0 0.0 0.0 0.0 0.0 0.0 0.0 0.0 0.0 0.0 0.0 0.0 0.0 0.0 0.0 0.0 0.0 0.0 0.0 0.0 0.0 0.0 0.0 0.0 
0.0 0.0 0.0 0.0 0.0 0.0 0.0 0.0 0.0 0.0 0.0 0.0 0.0 0.0 0.0 0.0 0.0 0.0 0.0 0.0 0.0 0.0 0.0 0.0 0.0 0.0 0.0 0.0 0.0 0.0 0.0 0.0 0.0 0.0 0.0 0.0 0.0 38.0 84.0 136.0 19.0 5.0 0.0 8.0 2.0 5.0 2.0 2.0 0.0 0.0 1.0 3.0 0.0 1.0 0.0 5.0 0.0 1.0 1.0 4.0 38.0 2.0 6.0 25.0 41.0 125.0 44.0 4.0 0.0 0.0 0.0 0.0 0.0 0.0 0.0 0.0 0.0 0.0 0.0 0.0 0.0 0.0 0.0 0.0 0.0 0.0 0.0 0.0 0.0 0.0 0.0 0.0 0.0 0.0 0.0 0.0 0.0 0.0 0.0 0.0 
0.0 0.0 0.0 0.0 0.0 0.0 0.0 0.0 0.0 0.0 0.0 0.0 0.0 0.0 0.0 0.0 0.0 0.0 0.0 0.0 0.0 0.0 0.0 0.0 0.0 0.0 0.0 0.0 0.0 0.0 0.0 0.0 0.0 0.0 0.0 0.0 0.0 0.0 0.0 0.0 25.0 95.0 149.0 11.0 5.0 3.0 2.0 2.0 21.0 26.0 18.0 8.0 10.0 1.0 1.0 18.0 1.0 2.0 4.0 17.0 47.0 122.0 56.0 35.0 25.0 0.0 0.0 0.0 0.0 0.0 0.0 0.0 0.0 0.0 0.0 0.0 0.0 0.0 0.0 0.0 0.0 0.0 0.0 0.0 0.0 0.0 0.0 0.0 0.0 0.0 0.0 0.0 0.0 0.0 0.0 0.0 0.0 0.0 0.0 0.0 
0.0 0.0 0.0 0.0 0.0 0.0 0.0 0.0 0.0 0.0 0.0 0.0 0.0 0.0 0.0 0.0 0.0 0.0 0.0 0.0 0.0 0.0 0.0 0.0 0.0 0.0 0.0 0.0 0.0 0.0 0.0 0.0 0.0 0.0 0.0 0.0 0.0 0.0 0.0 0.0 0.0 0.0 0.0 17.0 46.0 39.0 129.0 155.0 53.0 74.0 65.0 51.0 117.0 166.0 138.0 28.0 171.0 106.0 50.0 46.0 20.0 0.0 0.0 0.0 0.0 0.0 0.0 0.0 0.0 0.0 0.0 0.0 0.0 0.0 0.0 0.0 0.0 0.0 0.0 0.0 0.0 0.0 0.0 0.0 0.0 0.0 0.0 0.0 0.0 0.0 0.0 0.0 0.0 0.0 0.0 0.0 0.0 0.0 0.0 0.0 
0.0 0.0 0.0 0.0 0.0 0.0 0.0 0.0 0.0 0.0 0.0 0.0 0.0 0.0 0.0 0.0 0.0 0.0 0.0 0.0 0.0 0.0 0.0 0.0 0.0 0.0 0.0 0.0 0.0 0.0 0.0 0.0 0.0 0.0 0.0 0.0 0.0 0.0 0.0 0.0 0.0 0.0 0.0 0.0 0.0 0.0 0.0 0.0 19.0 16.0 12.0 13.0 12.0 2.0 9.0 24.0 0.0 0.0 0.0 0.0 0.0 0.0 0.0 0.0 0.0 0.0 0.0 0.0 0.0 0.0 0.0 0.0 0.0 0.0 0.0 0.0 0.0 0.0 0.0 0.0 0.0 0.0 0.0 0.0 0.0 0.0 0.0 0.0 0.0 0.0 0.0 0.0 0.0 0.0 0.0 0.0 0.0 0.0 0.0 0.0 
