0.0 0.0 0.0 0.0 0.0 0.0 0.0 0.0 0.0 0.0 0.0 0.0 0.0 0.0 0.0 0.0 0.0 0.0 0.0 0.0 0.0 0.0 0.0 0.0 0.0 0.0 0.0 0.0 0.0 0.0 0.0 0.0 0.0 0.0 0.0 0.0 0.0 0.0 0.0 0.0 0.0 0.0 0.0 0.0 0.0 0.0 0.0 0.0 0.0 0.0 0.0 0.0 0.0 0.0 0.0 0.0 0.0 0.0 0.0 0.0 0.0 0.0 0.0 0.0 0.0 0.0 0.0 0.0 0.0 0.0 0.0 0.0 0.0 0.0 0.0 0.0 0.0 0.0 0.0 0.0 0.0 0.0 0.0 0.0 0.0 0.0 0.0 0.0 0.0 0.0 0.0 0.0 0.0 0.0 0.0 0.0 0.0 0.0 0.0 0.0 
0.0 0.0 0.0 0.0 0.0 0.0 0.0 0.0 0.0 0.0 0.0 0.0 0.0 0.0 0.0 0.0 0.0 0.0 0.0 0.0 0.0 0.0 0.0 0.0 0.0 0.0 0.0 0.0 0.0 0.0 0.0 0.0 0.0 0.0 0.0 0.0 0.0 0.0 0.0 0.0 0.0 0.0 0.0 0.0 0.0 24.0 34.0 30.0 27.0 30.0 29.0 38.0 59.0 67.0 61.0 37.0 26.0 25.0 0.0 0.0 0.0 0.0 0.0 0.0 0.0 0.0 0.0 0.0 0.0 0.0 0.0 0.0 0.0 0.0 0.0 0.0 0.0 0.0 0.0 0.0 0.0 0.0 0.0 0.0 0.0 0.0 0.0 0.0 0.0 0.0 0.0 0.0 0.0 0.0 0.0 0.0 0.0 0.0 0.0 0.0 
0.0 0.0 0.0 0.0 0.0 0.0 0.0 0.0 0.0 0.0 0.0 0.0 0.0 0.0 0.0 0.0 0.0 0.0 0.0 0.0 0.0 0.0 0.0 0.0 0.0 0.0 0.0 0.0 0.0 0.0 0.0 0.0 0.0 0.0 0.0 0.0 0.0 0.0 0.0 15.0 21.0 68.0 86.0 123.0 152.0 7.0 16.0 28.0 46.0 48.0 21.0 3.0 6.0 0.0 2.0 5.0 28.0 38.0 131.0 93.0 24.0 0.0 0.0 0.0 0.0 0.0 0.0 0.0 0.0 0.0 0.0 0.0 0.0 0.0 0.0 0.0 0.0 0.0 0.0 0.0 0.0 0.0 0.0 0.0 0.0 0.0 0.0 0.0 0.0 0.0 0.0 0.0 0.0 0.0 0.0 0.0 0.0 0.0 0.0 0.0 
0.0 0.0 0.0 0.0 0.0 0.0 0.0 0.0 0.0 0.0 0.0 0.0 0.0 0.0 0.0 0.0 0.0 0.0 0.0 0.0 0.0 0.0 0.0 0.0 0.0 0.0 0.0 0.0 0.0 0.0 0.0 0.0 0.0 0.0 0.0 0.0 57.0 87.0 180.0 31.0 19.0 10.0 0.0 1.0 3.0 8.0 5.0 4.0 16.0 25.0 5.0 3.0 3.0 4.0 1.0 5.0 8.0 26.0 0.0 32.0 45.0 160.0 55.0 24.0 0.0 0.0 0.0 0.0 0.0 0.0 0.0 0.0 0.0 0.0 0.0 0.0 0.0 0.0 0.0 0.0 0.0 0.0 0.0 0.0 0.0 0.0 0.0 0.0 0.0 0.0 0.0 0.0 0.0 0.0 0.0 0.0 0.0 0.0 0.0 0.0 
0.0 0.0 0.0 0.0 0.0 0.0 0.0 0.0 0.0 0.0 0.0 0.0 0.0 0.0 0.0 0.0 0.0 0.0 0.0 0.0 0.0 0.0 0.0 0.0 0.0 0.0 0.0 0.0 0.0 0.0 0.0 0.0 0.0 21.0 77.0 189.0 2.0 2.0 0.0 20.0 12.0 2.0 0.0 1.0 3.0 0.0 0.0 4.0 3.0 2.0 2.0 3.0 0.0 0.0 2.0 3.0 0.0 0.0 2.0 2.0 26.0 0.0 21.0 26.0 67.0 32.0 0.0 0.0 0.0 0.0 0.0 0.0 0.0 0.0 0.0 0.0 0.0 0.0 0.0 0.0 0.0 0.0 0.0 0.0 0.0 0.0 0.0 0.0 0.0 0.0 0.0 0.0 0.0 0.0 0.0 0.0 0.0 0.0 0.0 0.0 
0.0 0.0 0.0 0.0 0.0 0.0 0.0 0.0 0.0 0.0 0.0 0.0 0.0 0.0 0.0 0.0 0.0 0.0 0.0 0.0 0.0 0.0 0.0 0.0 0.0 0.0 0.0 0.0 0.0 0.0 0.0 21.0 141.0 13.0 7.0 0.0 4.0 2.0 1.0 0.0 4.0 1.0 4.0 2.0 0.0 1.0 3.0 0.0 4.0 0.0 2.0 2.0 3.0 0.0 1.0 0.0 0.0 8.0 1.0 1.0 0.0 2.0 6.0 25.0 25.0 37.0 82.0 30.0 0.0 0.0 0.0 0.0 0.0 0.0 0.0 0.0 0.0 0.0 0.0 0.0 0.0 0.0 0.0 0.0 0.0 0.0 0.0 0.0 0.0 0.0 0.0 0.0 0.0 0.0 0.0 0.0 0.0 0.0 0.0 0.0 
0.0 0.0 0.0 0.0 0.0 0.0 0.0 0.0 0.0 0.0 0.0 0.0 0.0 0.0 0.0 0.0 0.0 0.0 0.0 0.0 0.0 0.0 0.0 0.0 0.0 0.0 0.0 0.0 0.0 0.0 79.0 72.0 25.0 15.0 0.0 2.0 3.0 3.0 1.0 4.0 3.0 4.0 1.0 3.0 2.0 4.0 5.0 0.0 0.0 8.0 1.0 1.0 1.0 2.0 2.0 1.0 2.0 0.0 0.0 0.0 2.0 2.0 1.0 2.0 0.0 28.0 11.0 11.0 71.0 0.0 0.0 0.0 0.0 0.0 0.0 0.0 0.0 0.0 0.0 0.0 0.0 0.0 0.0 0.0 0.0 0.0 0.0 0.0 0.0 0.0 0.0 0.0 0.0 0.0 0.0 0.0 0.0 0.0 0.0 0.0 
0.0 0.0 0.0 0.0 0.0 0.0 0.0 0.0 0.0 0.0 0.0 0.0 0.0 0.0 0.0 0.0 0.0 0.0 0.0 0.0 0.0 0.0 0.0 0.0 0.0 0.0 0.0 0.0 0.0 117.0 4.0 19.0 4.0 6.0 6.0 0.0 1.0 2.0 1.0 4.0 2.0 2.0 1.0 4.0 3.0 0.0 3.0 5.0 8.0 0.0 4.0 13.0 0.0 2.0 3.0 2.0 0.0 1.0 8.0 2.0 0.0 2.0 2.0 0.0 4.0 1.0 0.0 11.0 2.0 178.0 44.0 0.0 0.0 0.0 0.0 0.0 0.0 0.0 0.0 0.0 0.0 0.0 0.0 0.0 0.0 0.0 0.0 0.0 0.0 0.0 0.0 0.0 0.0 0.0 0.0 0.0 0.0 0.0 0.0 0.0 
0.0 0.0 0.0 0.0 0.0 0.0 0.0 0.0 0.0 0.0 0.0 0.0 0.0 0.0 0.0 0.0 0.0 0.0 0.0 0.0 0.0 0.0 0.0 0.0 0.0 0.0 0.0 20.0 155.0 3.0 2.0 3.0 1.0 5.0 3.0 2.0 1.0 1.0 1.0 1.0 4.0 3.0 0.0 7.0 0.0 0.0 3.0 0.0 0.0 0.0 3.0 0.0 5.0 4.0 0.0 0.0 1.0 0.0 5.0 0.0 2.0 2.0 2.0 6.0 2.0 3.0 4.0 1.0 1.0 5.0 1.0 176.0 33.0 0.0 0.0 0.0 0.0 0.0 0.0 0.0 0.0 0.0 0.0 0.0 0.0 0.0 0.0 0.0 0.0 0.0 0.0 0.0 0.0 0.0 0.0 0.0 0.0 0.0 0.0 0.0 
0.0 0.0 0.0 0.0 0.0 0.0 0.0 0.0 0.0 0.0 0.0 0.0 0.0 0.0 0.0 0.0 0.0 0.0 0.0 0.0 0.0 0.0 0.0 0.0 0.0 0.0 67.0 5.0 5.0 1.0 2.0 1.0 4.0 3.0 0.0 1.0 2.0 4.0 4.0 0.0 0.0 2.0 2.0 1.0 5.0 5.0 3.0 0.0 7.0 6.0 0.0 5.0 2.0 0.0 0.0 2.0 0.0 3.0 0.0 0.0 3.0 6.0 3.0 0.0 2.0 4.0 2.0 3.0 3.0 2.0 5.0 21.0 26.0 166.0 27.0 0.0 0.0 0.0 0.0 0.0 0.0 0.0 0.0 0.0 0.0 0.0 0.0 0.0 0.0 0.0 0.0 0.0 0.0 0.0 0.0 0.0 0.0 0.0 0.0 0.0 
0.0 0.0 0.0 0.0 0.0 0.0 0.0 0.0 0.0 0.0 0.0 0.0 0.0 0.0 0.0 0.0 0.0 0.0 0.0 0.0 0.0 0.0 0.0 0.0 0.0 113.0 5.0 8.0 0.0 3.0 0.0 4.0 1.0 1.0 2.0 3.0 4.0 0.0 2.0 1.0 2.0 1.0 1.0 1.0 1.0 0.0 3.0 3.0 4.0 0.0 1.0 0.0 0.0 1.0 6.0 1.0 9.0 1.0 2.0 5.0 0.0 2.0 0.0 0.0 5.0 1.0 2.0 6.0 3.0 1.0 6.0 1.0 22.0 9.0 13.0 87.0 0.0 0.0 0.0 0.0 0.0 0.0 0.0 0.0 0.0 0.0 0.0 0.0 0.0 0.0 0.0 0.0 0.0 0.0 0.0 0.0 0.0 0.0 0.0 0.0 
0.0 0.0 0.0 0.0 0.0 0.0 0.0 0.0 0.0 0.0 0.0 0.0 0.0 0.0 0.0 0.0 0.0 0.0 0.0 0.0 0.0 0.0 0.0 0.0 123.0 14.0 6.0 3.0 0.0 1.0 0.0 2.0 0.0 2.0 4.0 0.0 1.0 1.0 6.0 7.0 1.0 0.0 3.0 2.0 1.0 2.0 0.0 1.0 2.0 1.0 2.0 0.0 4.0 0.0 9.0 2.0 0.0 6.0 0.0 4.0 0.0 4.0 0.0 0.0 1.0 0.0 5.0 2.0 0.0 6.0 1.0 1.0 2.0 1.0 9.0 3.0 185.0 21.0 0.0 0.0 0.0 0.0 0.0 0.0 0.0 0.0 0.0 0.0 0.0 0.0 0.0 0.0 0.0 0.0 0.0 0.0 0.0 0.0 0.0 0.0 
0.0 0.0 0.0 0.0 0.0 0.0 0.0 0.0 0.0 0.0 0.0 0.0 0.0 0.0 0.0 0.0 0.0 0.0 0.0 0.0 0.0 0.0 30.0 179.0 1.0 3.0 1.0 4.0 1.0 4.0 4.0 8.0 0.0 6.0 2.0 0.0 0.0 0.0 4.0 3.0 0.0 1.0 5.0 3.0 4.0 0.0 4.0 0.0 0.0 0.0 0.0 2.0 0.0 4.0 4.0 0.0 4.0 6.0 3.0 4.0 2.0 0.0 5.0 5.0 1.0 1.0 4.0 0.0 2.0 3.0 0.0 0.0 2.0 0.0 0.0 2.0 10.0 11.0 81.0 0.0 0.0 0.0 0.0 0.0 0.0 0.0 0.0 0.0 0.0 0.0 0.0 0.0 0.0 0.0 0.0 0.0 0.0 0.0 0.0 0.0 
0.0 0.0 0.0 0.0 0.0 0.0 0.0 0.0 0.0 0.0 0.0 0.0 0.0 0.0 0.0 0.0 0.0 0.0 0.0 0.0 0.0 64.0 13.0 26.0 7.0 1.0 0.0 0.0 0.0 2.0 2.0 0.0 1.0 2.0 4.0 5.0 3.0 0.0 0.0 3.0 0.0 1.0 3.0 6.0 0.0 1.0 0.0 1.0 1.0 3.0 0.0 2.0 0.0 4.0 0.0 1.0 1.0 0.0 3.0 0.0 3.0 1.0 4.0 4.0 0.0 2.0 0.0 6.0 0.0 2.0 9.0 1.0 5.0 0.0 0.0 0.0 1.0 15.0 2.0 130.0 0.0 0.0 0.0 0.0 0.0 0.0 0.0 0.0 0.0 0.0 0.0 0.0 0.0 0.0 0.0 0.0 0.0 0.0 0.0 0.0 
0.0 0.0 0.0 0.0 0.0 0.0 0.0 0.0 0.0 0.0 0.0 0.0 0.0 0.0 0.0 0.0 0.0 0.0 0.0 0.0 88.0 7.0 20.0 0.0 0.0 1.0 2.0 0.0 2.0 0.0 0.0 10.0 0.0 3.0 2.0 2.0 2.0 0.0 4.0 3.0 4.0 1.0 1.0 0.0 1.0 2.0 14.0 0.0 1.0 3.0 0.0 2.0 0.0 0.0 1.0 3.0 4.0 0.0 1.0 0.0 0.0 3.0 2.0 0.0 3.0 2.0 0.0 0.0 0.0 0.0 4.0 3.0 0.0 0.0 0.0 5.0 5.0 0.0 0.0 2.0 172.0 29.0 0.0 0.0 0.0 0.0 0.0 0.0 0.0 0.0 0.0 0.0 0.0 0.0 0.0 0.0 0.0 0.0 0.0 0.0 
0.0 0.0 0.0 0.0 0.0 0.0 0.0 0.0 0.0 0.0 0.0 0.0 0.0 0.0 0.0 0.0 0.0 0.0 0.0 95.0 1.0 6.0 3.0 2.0 2.0 2.0 6.0 5.0 2.0 4.0 0.0 2.0 2.0 0.0 2.0 3.0 1.0 1.0 5.0 5.0 0.0 8.0 2.0 5.0 7.0 0.0 7.0 1.0 3.0 1.0 0.0 3.0 3.0 5.0 0.0 2.0 0.0 1.0 0.0 2.0 4.0 3.0 14.0 6.0 0.0 0.0 0.0 3.0 6.0 2.0 2.0 0.0 4.0 2.0 3.0 2.0 0.0 0.0 5.0 0.0 25.0 32.0 37.0 0.0 0.0 0.0 0.0 0.0 0.0 0.0 0.0 0.0 0.0 0.0 0.0 0.0 0.0 0.0 0.0 0.0 
0.0 0.0 0.0 0.0 0.0 0.0 0.0 0.0 0.0 0.0 0.0 0.0 0.0 0.0 0.0 0.0 0.0 0.0 79.0 2.0 2.0 1.0 1.0 6.0 0.0 0.0 2.0 11.0 0.0 3.0 4.0 1.0 3.0 1.0 0.0 5.0 0.0 7.0 5.0 1.0 2.0 10.0 2.0 2.0 1.0 2.0 4.0 0.0 1.0 3.0 0.0 0.0 4.0 2.0 0.0 3.0 2.0 11.0 2.0 5.0 0.0 2.0 1.0 2.0 0.0 0.0 3.0 3.0 1.0 1.0 1.0 3.0 5.0 0.0 2.0 0.0 3.0 7.0 3.0 6.0 1.0 46.0 64.0 14.0 0.0 0.0 0.0 0.0 0.0 0.0 0.0 0.0 0.0 0.0 0.0 0.0 0.0 0.0 0.0 0.0 
0.0 0.0 0.0 0.0 0.0 0.0 0.0 0.0 0.0 0.0 0.0 0.0 0.0 0.0 0.0 0.0 0.0 85.0 1.0 2.0 1.0 2.0 1.0 3.0 0.0 0.0 1.0 0.0 1.0 4.0 4.0 2.0 0.0 2.0 1.0 2.0 7.0 9.0 0.0 2.0 2.0 6.0 0.0 0.0 2.0 1.0 2.0 0.0 0.0 1.0 0.0 3.0 4.0 1.0 4.0 1.0 2.0 1.0 5.0 2.0 0.0 1.0 2.0 0.0 4.0 2.0 0.0 0.0 2.0 0.0 2.0 8.0 3.0 0.0 4.0 4.0 2.0 3.0 2.0 0.0 0.0 5.0 20.0 143.0 0.0 0.0 0.0 0.0 0.0 0.0 0.0 0.0 0.0 0.0 0.0 0.0 0.0 0.0 0.0 0.0 
0.0 0.0 0.0 0.0 0.0 0.0 0.0 0.0 0.0 0.0 0.0 0.0 0.0 0.0 0.0 0.0 42.0 6.0 12.0 0.0 3.0 1.0 1.0 2.0 4.0 0.0 2.0 0.0 0.0 4.0 2.0 1.0 0.0 7.0 0.0 3.0 0.0 2.0 0.0 1.0 1.0 1.0 1.0 4.0 2.0 1.0 2.0 2.0 1.0 2.0 0.0 3.0 2.0 3.0 2.0 1.0 2.0 0.0 2.0 0.0 3.0 4.0 2.0 2.0 2.0 0.0 7.0 2.0 0.0 0.0 5.0 0.0 0.0 1.0 0.0 1.0 2.0 3.0 3.0 1.0 0.0 2.0 0.0 0.0 96.0 0.0 0.0 0.0 0.0 0.0 0.0 0.0 0.0 0.0 0.0 0.0 0.0 0.0 0.0 0.0 
0.0 0.0 0.0 0.0 0.0 0.0 0.0 0.0 0.0 0.0 0.0 0.0 0.0 0.0 0.0 37.0 68.0 28.0 0.0 2.0 2.0 2.0 2.0 6.0 0.0 3.0 1.0 6.0 1.0 0.0 4.0 2.0 0.0 7.0 0.0 0.0 1.0 11.0 0.0 2.0 1.0 3.0 3.0 0.0 3.0 2.0 7.0 0.0 3.0 0.0 0.0 0.0 1.0 2.0 0.0 0.0 3.0 0.0 1.0 1.0 1.0 2.0 2.0 2.0 1.0 0.0 0.0 4.0 3.0 9.0 1.0 4.0 1.0 1.0 0.0 0.0 0.0 0.0 0.0 3.0 0.0 8.0 0.0 5.0 3.0 106.0 0.0 0.0 0.0 0.0 0.0 0.0 0.0 0.0 0.0 0.0 0.0 0.0 0.0 0.0 
0.0 0.0 0.0 0.0 0.0 0.0 0.0 0.0 0.0 0.0 0.0 0.0 0.0 0.0 28.0 30.0 28.0 0.0 5.0 8.0 0.0 0.0 1.0 2.0 3.0 2.0 3.0 0.0 0.0 1.0 1.0 1.0 1.0 0.0 0.0 0.0 4.0 0.0 4.0 2.0 1.0 0.0 5.0 0.0 6.0 2.0 0.0 1.0 0.0 7.0 4.0 1.0 3.0 1.0 4.0 1.0 2.0 0.0 2.0 1.0 4.0 8.0 1.0 1.0 1.0 0.0 0.0 2.0 4.0 6.0 0.0 1.0 2.0 3.0 2.0 2.0 0.0 4.0 1.0 9.0 0.0 0.0 0.0 0.0 1.0 2.0 117.0 0.0 0.0 0.0 0.0 0.0 0.0 0.0 0.0 0.0 0.0 0.0 0.0 0.0 
0.0 0.0 0.0 0.0 0.0 0.0 0.0 0.0 0.0 0.0 0.0 0.0 0.0 24.0 182.0 18.0 2.0 2.0 0.0 1.0 0.0 0.0 4.0 1.0 6.0 4.0 1.0 12.0 1.0 0.0 0.0 6.0 0.0 1.0 3.0 2.0 2.0 0.0 0.0 0.0 3.0 1.0 0.0 3.0 12.0 0.0 0.0 4.0 0.0 2.0 0.0 12.0 0.0 1.0 4.0 6.0 1.0 0.0 1.0 2.0 1.0 2.0 0.0 0.0 0.0 2.0 0.0 1.0 1.0 0.0 3.0 3.0 0.0 0.0 3.0 0.0 7.0 4.0 0.0 5.0 7.0 4.0 8.0 0.0 6.0 6.0 1.0 80.0 0.0 0.0 0.0 0.0 0.0 0.0 0.0 0.0 0.0 0.0 0.0 0.0 
0.0 0.0 0.0 0.0 0.0 0.0 0.0 0.0 0.0 0.0 0.0 0.0 19.0 19.0 22.0 2.0 0.0 2.0 4.0 2.0 2.0 0.0 0.0 0.0 0.0 0.0 2.0 3.0 1.0 3.0 0.0 2.0 1.0 4.0 1.0 0.0 0.0 2.0 8.0 0.0 2.0 2.0 0.0 1.0 0.0 0.0 0.0 3.0 6.0 0.0 3.0 4.0 9.0 0.0 0.0 10.0 7.0 0.0 2.0 1.0 1.0 0.0 2.0 0.0 2.0 1.0 4.0 2.0 3.0 0.0 4.0 0.0 0.0 1.0 2.0 3.0 3.0 2.0 5.0 4.0 5.0 8.0 0.0 0.0 0.0 0.0 11.0 13.0 27.0 0.0 0.0 0.0 0.0 0.0 0.0 0.0 0.0 0.0 0.0 0.0 
0.0 0.0 0.0 0.0 0.0 0.0 0.0 0.0 0.0 0.0 0.0 0.0 111.0 24.0 0.0 4.0 1.0 5.0 6.0 0.0 3.0 3.0 1.0 0.0 0.0 4.0 1.0 0.0 2.0 0.0 7.0 3.0 0.0 5.0 4.0 2.0 0.0 2.0 4.0 1.0 0.0 0.0 0.0 0.0 1.0 11.0 0.0 1.0 4.0 2.0 1.0 0.0 3.0 0.0 0.0 1.0 0.0 1.0 0.0 5.0 2.0 1.0 3.0 1.0 12.0 2.0 9.0 2.0 1.0 0.0 1.0 3.0 2.0 6.0 0.0 5.0 10.0 6.0 0.0 0.0 0.0 1.0 4.0 0.0 3.0 5.0 2.0 13.0 175.0 0.0 0.0 0.0 0.0 0.0 0.0 0.0 0.0 0.0 0.0 0.0 
0.0 0.0 0.0 0.0 0.0 0.0 0.0 0.0 0.0 0.0 0.0 75.0 3.0 4.0 3.0 0.0 1.0 2.0 1.0 8.0 1.0 0.0 0.0 3.0 7.0 0.0 4.0 1.0 0.0 0.0 0.0 1.0 0.0 0.0 2.0 1.0 0.0 2.0 3.0 1.0 0.0 1.0 4.0 2.0 2.0 1.0 2.0 1.0 1.0 1.0 0.0 3.0 2.0 0.0 5.0 1.0 7.0 0.0 0.0 0.0 4.0 1.0 0.0 1.0 3.0 1.0 4.0 8.0 0.0 6.0 1.0 2.0 0.0 0.0 0.0 1.0 2.0 0.0 2.0 0.0 2.0 3.0 1.0 2.0 1.0 1.0 2.0 0.0 0.0 161.0 0.0 0.0 0.0 0.0 0.0 0.0 0.0 0.0 0.0 0.0 
0.0 0.0 0.0 0.0 0.0 0.0 0.0 0.0 0.0 0.0 26.0 18.0 15.0 2.0 3.0 3.0 1.0 0.0 5.0 0.0 7.0 1.0 2.0 1.0 1.0 4.0 4.0 1.0 0.0 4.0 6.0 2.0 1.0 0.0 0.0 0.0 4.0 0.0 0.0 1.0 2.0 3.0 0.0 1.0 6.0 5.0 2.0 4.0 3.0 0.0 8.0 1.0 1.0 6.0 0.0 1.0 2.0 2.0 5.0 0.0 0.0 1.0 6.0 2.0 1.0 0.0 2.0 2.0 5.0 2.0 2.0 5.0 6.0 6.0 4.0 0.0 0.0 1.0 0.0 4.0 4.0 0.0 0.0 2.0 2.0 0.0 9.0 0.0 2.0 4.0 177.0 0.0 0.0 0.0 0.0 0.0 0.0 0.0 0.0 0.0 
0.0 0.0 0.0 0.0 0.0 0.0 0.0 0.0 0.0 0.0 186.0 15.0 0.0 0.0 1.0 0.0 8.0 2.0 1.0 0.0 2.0 0.0 2.0 7.0 0.0 0.0 3.0 4.0 5.0 0.0 3.0 2.0 1.0 0.0 2.0 2.0 7.0 0.0 2.0 1.0 1.0 0.0 4.0 1.0 0.0 1.0 1.0 0.0 0.0 0.0 2.0 1.0 3.0 4.0 1.0 2.0 1.0 0.0 6.0 4.0 1.0 6.0 4.0 3.0 0.0 8.0 6.0 5.0 2.0 6.0 2.0 0.0 2.0 0.0 1.0 2.0 3.0 1.0 2.0 3.0 3.0 1.0 4.0 2.0 0.0 5.0 0.0 1.0 3.0 2.0 7.0 63.0 0.0 0.0 0.0 0.0 0.0 0.0 0.0 0.0 
0.0 0.0 0.0 0.0 0.0 0.0 0.0 0.0 0.0 83.0 5.0 1.0 0.0 2.0 3.0 1.0 1.0 0.0 3.0 0.0 0.0 7.0 2.0 0.0 1.0 4.0 0.0 0.0 1.0 3.0 1.0 2.0 0.0 2.0 0.0 4.0 5.0 3.0 1.0 2.0 0.0 1.0 0.0 1.0 1.0 2.0 4.0 9.0 1.0 1.0 3.0 4.0 3.0 5.0 1.0 1.0 3.0 2.0 0.0 0.0 2.0 2.0 9.0 1.0 0.0 2.0 0.0 0.0 0.0 0.0 0.0 2.0 0.0 4.0 1.0 2.0 3.0 0.0 0.0 4.0 0.0 4.0 1.0 2.0 3.0 4.0 1.0 5.0 5.0 1.0 20.0 32.0 21.0 0.0 0.0 0.0 0.0 0.0 0.0 0.0 
0.0 0.0 0.0 0.0 0.0 0.0 0.0 0.0 35.0 37.0 22.0 4.0 0.0 1.0 0.0 1.0 2.0 4.0 0.0 0.0 2.0 2.0 1.0 9.0 8.0 5.0 1.0 1.0 5.0 2.0 0.0 8.0 2.0 0.0 2.0 0.0 1.0 1.0 0.0 3.0 0.0 0.0 1.0 3.0 0.0 0.0 0.0 0.0 0.0 0.0 1.0 1.0 0.0 1.0 1.0 6.0 0.0 6.0 0.0 3.0 0.0 1.0 1.0 0.0 4.0 0.0 1.0 2.0 2.0 2.0 0.0 0.0 3.0 2.0 1.0 0.0 0.0 5.0 0.0 0.0 3.0 0.0 0.0 2.0 3.0 3.0 1.0 0.0 1.0 0.0 1.0 17.0 116.0 0.0 0.0 0.0 0.0 0.0 0.0 0.0 
0.0 0.0 0.0 0.0 0.0 0.0 0.0 0.0 162.0 24.0 4.0 0.0 4.0 7.0 0.0 2.0 0.0 0.0 0.0 6.0 0.0 2.0 1.0 0.0 3.0 1.0 0.0 0.0 2.0 2.0 0.0 4.0 3.0 3.0 0.0 7.0 5.0 0.0 3.0 0.0 1.0 1.0 0.0 2.0 1.0 7.0 1.0 0.0 0.0 0.0 0.0 1.0 0.0 4.0 4.0 0.0 8.0 1.0 0.0 1.0 3.0 1.0 1.0 5.0 3.0 0.0 2.0 2.0 0.0 2.0 2.0 5.0 3.0 1.0 3.0 0.0 5.0 0.0 0.0 2.0 1.0 6.0 6.0 1.0 1.0 0.0 5.0 1.0 1.0 1.0 0.0 19.0 24.0 32.0 0.0 0.0 0.0 0.0 0.0 0.0 
0.0 0.0 0.0 0.0 0.0 0.0 0.0 95.0 4.0 3.0 3.0 5.0 5.0 0.0 1.0 4.0 2.0 0.0 3.0 2.0 2.0 4.0 0.0 12.0 1.0 0.0 0.0 0.0 3.0 1.0 4.0 0.0 2.0 2.0 9.0 0.0 2.0 4.0 2.0 1.0 0.0 3.0 2.0 7.0 0.0 6.0 0.0 0.0 2.0 1.0 3.0 0.0 2.0 0.0 1.0 1.0 0.0 0.0 3.0 2.0 1.0 0.0 3.0 0.0 1.0 0.0 5.0 0.0 3.0 1.0 6.0 0.0 2.0 0.0 4.0 2.0 3.0 4.0 1.0 0.0 0.0 0.0 4.0 5.0 0.0 3.0 5.0 0.0 0.0 5.0 1.0 1.0 13.0 116.0 0.0 0.0 0.0 0.0 0.0 0.0 
0.0 0.0 0.0 0.0 0.0 0.0 27.0 27.0 13.0 3.0 6.0 1.0 0.0 7.0 1.0 4.0 0.0 3.0 0.0 0.0 1.0 3.0 2.0 1.0 0.0 1.0 0.0 5.0 3.0 0.0 1.0 0.0 4.0 0.0 0.0 10.0 2.0 0.0 2.0 0.0 6.0 1.0 0.0 1.0 1.0 0.0 1.0 2.0 9.0 0.0 3.0 1.0 0.0 3.0 1.0 4.0 6.0 2.0 1.0 2.0 4.0 2.0 1.0 7.0 0.0 2.0 11.0 1.0 5.0 1.0 4.0 0.0 1.0 0.0 6.0 0.0 12.0 6.0 2.0 1.0 3.0 4.0 1.0 1.0 0.0 1.0 2.0 0.0 0.0 1.0 4.0 0.0 11.0 3.0 36.0 0.0 0.0 0.0 0.0 0.0 
0.0 0.0 0.0 0.0 0.0 0.0 77.0 18.0 0.0 1.0 0.0 4.0 0.0 3.0 3.0 0.0 2.0 3.0 0.0 0.0 4.0 0.0 0.0 0.0 4.0 0.0 4.0 12.0 0.0 0.0 3.0 1.0 2.0 2.0 2.0 0.0 6.0 1.0 2.0 7.0 5.0 1.0 2.0 3.0 0.0 2.0 1.0 2.0 2.0 0.0 1.0 0.0 1.0 2.0 0.0 0.0 1.0 0.0 1.0 0.0 0.0 1.0 2.0 0.0 0.0 4.0 0.0 2.0 3.0 1.0 5.0 1.0 1.0 5.0 10.0 0.0 0.0 6.0 0.0 1.0 2.0 4.0 3.0 3.0 8.0 0.0 0.0 2.0 0.0 2.0 0.0 4.0 3.0 2.0 98.0 0.0 0.0 0.0 0.0 0.0 
0.0 0.0 0.0 0.0 0.0 12.0 123.0 14.0 2.0 1.0 4.0 1.0 1.0 4.0 0.0 3.0 0.0 0.0 0.0 3.0 0.0 0.0 0.0 0.0 4.0 2.0 1.0 1.0 5.0 3.0 7.0 1.0 0.0 1.0 0.0 0.0 0.0 6.0 3.0 1.0 3.0 4.0 0.0 2.0 8.0 1.0 0.0 4.0 3.0 2.0 2.0 3.0 0.0 1.0 7.0 0.0 0.0 1.0 2.0 0.0 0.0 3.0 0.0 0.0 0.0 2.0 2.0 0.0 3.0 2.0 1.0 1.0 2.0 4.0 0.0 1.0 1.0 1.0 0.0 0.0 3.0 5.0 2.0 5.0 2.0 6.0 0.0 1.0 2.0 5.0 0.0 1.0 0.0 12.0 32.0 16.0 0.0 0.0 0.0 0.0 
0.0 0.0 0.0 0.0 0.0 57.0 14.0 0.0 3.0 0.0 2.0 1.0 4.0 0.0 2.0 3.0 3.0 5.0 2.0 0.0 0.0 3.0 2.0 2.0 1.0 2.0 0.0 4.0 0.0 0.0 2.0 0.0 0.0 7.0 1.0 0.0 0.0 0.0 8.0 1.0 1.0 1.0 0.0 1.0 5.0 10.0 3.0 2.0 1.0 0.0 1.0 0.0 3.0 0.0 0.0 1.0 0.0 6.0 3.0 0.0 0.0 0.0 0.0 0.0 0.0 4.0 1.0 1.0 0.0 1.0 0.0 4.0 0.0 1.0 2.0 2.0 0.0 1.0 4.0 1.0 2.0 5.0 0.0 1.0 5.0 0.0 1.0 1.0 0.0 0.0 1.0 0.0 0.0 0.0 13.0 93.0 0.0 0.0 0.0 0.0 
0.0 0.0 0.0 0.0 0.0 82.0 2.0 0.0 1.0 0.0 5.0 0.0 3.0 0.0 2.0 0.0 1.0 5.0 3.0 0.0 2.0 4.0 0.0 3.0 2.0 2.0 1.0 1.0 0.0 3.0 2.0 0.0 2.0 1.0 2.0 2.0 5.0 1.0 1.0 1.0 0.0 4.0 7.0 0.0 1.0 0.0 2.0 4.0 0.0 1.0 3.0 1.0 3.0 2.0 0.0 0.0 1.0 3.0 0.0 0.0 0.0 0.0 4.0 7.0 0.0 0.0 0.0 3.0 7.0 2.0 0.0 1.0 2.0 0.0 5.0 0.0 3.0 0.0 2.0 2.0 2.0 1.0 2.0 0.0 1.0 3.0 1.0 2.0 1.0 1.0 0.0 2.0 4.0 4.0 4.0 161.0 5.0 0.0 0.0 0.0 
0.0 0.0 0.0 0.0 4.0 181.0 3.0 3.0 1.0 0.0 0.0 1.0 2.0 2.0 3.0 0.0 3.0 2.0 2.0 4.0 2.0 3.0 0.0 1.0 0.0 0.0 5.0 3.0 3.0 1.0 7.0 3.0 1.0 1.0 4.0 2.0 0.0 3.0 2.0 4.0 4.0 3.0 1.0 4.0 0.0 3.0 0.0 2.0 2.0 1.0 8.0 1.0 1.0 0.0 0.0 0.0 2.0 5.0 5.0 1.0 0.0 11.0 2.0 2.0 0.0 5.0 6.0 7.0 1.0 1.0 1.0 5.0 0.0 0.0 0.0 4.0 0.0 1.0 0.0 5.0 1.0 0.0 1.0 4.0 0.0 2.0 4.0 0.0 2.0 7.0 5.0 1.0 0.0 1.0 7.0 10.0 27.0 0.0 0.0 0.0 
0.0 0.0 0.0 0.0 30.0 12.0 10.0 1.0 0.0 4.0 0.0 0.0 6.0 0.0 1.0 1.0 2.0 3.0 6.0 1.0 1.0 2.0 3.0 0.0 1.0 10.0 3.0 0.0 0.0 7.0 0.0 0.0 4.0 0.0 0.0 0.0 1.0 0.0 1.0 0.0 1.0 2.0 8.0 0.0 1.0 0.0 10.0 0.0 0.0 1.0 3.0 0.0 6.0 2.0 3.0 0.0 2.0 5.0 2.0 1.0 5.0 5.0 2.0 0.0 0.0 0.0 6.0 1.0 0.0 7.0 4.0 2.0 3.0 8.0 0.0 2.0 6.0 2.0 0.0 3.0 5.0 1.0 2.0 5.0 1.0 7.0 0.0 0.0 6.0 10.0 4.0 3.0 3.0 0.0 3.0 6.0 51.0 0.0 0.0 0.0 
0.0 0.0 0.0 0.0 66.0 10.0 2.0 2.0 5.0 0.0 1.0 0.0 3.0 2.0 4.0 2.0 0.0 11.0 2.0 3.0 2.0 0.0 0.0 1.0 2.0 0.0 2.0 5.0 2.0 1.0 3.0 4.0 1.0 1.0 0.0 4.0 3.0 15.0 0.0 0.0 8.0 0.0 2.0 3.0 1.0 0.0 0.0 4.0 2.0 1.0 0.0 8.0 0.0 0.0 5.0 1.0 4.0 3.0 0.0 3.0 3.0 3.0 1.0 0.0 2.0 3.0 0.0 0.0 1.0 2.0 1.0 3.0 1.0 7.0 1.0 0.0 3.0 1.0 3.0 0.0 2.0 1.0 0.0 0.0 0.0 1.0 5.0 1.0 0.0 0.0 0.0 6.0 0.0 3.0 6.0 6.0 124.0 0.0 0.0 0.0 
0.0 0.0 0.0 0.0 178.0 0.0 0.0 1.0 0.0 2.0 1.0 1.0 0.0 0.0 0.0 1.0 5.0 1.0 2.0 4.0 3.0 0.0 0.0 1.0 0.0 1.0 2.0 1.0 1.0 1.0 1.0 1.0 2.0 0.0 0.0 1.0 0.0 5.0 1.0 0.0 0.0 0.0 2.0 0.0 0.0 1.0 4.0 0.0 1.0 5.0 0.0 3.0 3.0 1.0 2.0 0.0 0.0 1.0 0.0 10.0 6.0 4.0 7.0 4.0 1.0 1.0 0.0 0.0 2.0 1.0 6.0 0.0 9.0 3.0 2.0 5.0 1.0 1.0 3.0 2.0 3.0 2.0 3.0 4.0 3.0 0.0 0.0 1.0 3.0 2.0 0.0 3.0 4.0 0.0 2.0 2.0 138.0 0.0 0.0 0.0 
0.0 0.0 0.0 27.0 21.0 25.0 0.0 7.0 0.0 2.0 4.0 5.0 4.0 4.0 2.0 1.0 0.0 0.0 2.0 8.0 1.0 9.0 1.0 0.0 3.0 1.0 0.0 4.0 0.0 2.0 0.0 3.0 0.0 4.0 0.0 0.0 1.0 5.0 0.0 1.0 0.0 1.0 0.0 0.0 2.0 11.0 0.0 0.0 8.0 3.0 1.0 5.0 2.0 3.0 4.0 1.0 0.0 0.0 2.0 1.0 6.0 3.0 1.0 3.0 7.0 0.0 2.0 9.0 1.0 4.0 0.0 7.0 0.0 0.0 4.0 0.0 1.0 4.0 0.0 2.0 0.0 0.0 9.0 1.0 0.0 1.0 1.0 0.0 7.0 4.0 4.0 5.0 1.0 3.0 2.0 25.0 53.0 26.0 0.0 0.0 
0.0 0.0 0.0 47.0 19.0 0.0 3.0 0.0 1.0 1.0 0.0 0.0 0.0 3.0 0.0 0.0 4.0 8.0 0.0 2.0 8.0 0.0 4.0 2.0 0.0 3.0 0.0 5.0 0.0 5.0 2.0 0.0 0.0 0.0 3.0 0.0 1.0 3.0 0.0 1.0 2.0 1.0 4.0 0.0 1.0 0.0 0.0 6.0 3.0 1.0 0.0 7.0 0.0 3.0 4.0 4.0 2.0 0.0 2.0 1.0 0.0 6.0 2.0 1.0 0.0 0.0 0.0 3.0 1.0 0.0 1.0 3.0 1.0 6.0 5.0 2.0 2.0 2.0 8.0 4.0 0.0 4.0 2.0 1.0 1.0 3.0 4.0 1.0 2.0 3.0 0.0 4.0 0.0 1.0 0.0 7.0 30.0 44.0 0.0 0.0 
0.0 0.0 0.0 42.0 7.0 3.0 0.0 0.0 6.0 1.0 3.0 3.0 2.0 4.0 0.0 0.0 1.0 5.0 1.0 4.0 0.0 0.0 7.0 4.0 2.0 2.0 0.0 0.0 0.0 0.0 5.0 4.0 1.0 2.0 0.0 0.0 1.0 1.0 1.0 2.0 1.0 2.0 3.0 1.0 0.0 1.0 4.0 2.0 5.0 3.0 3.0 2.0 4.0 0.0 10.0 1.0 3.0 1.0 0.0 1.0 0.0 1.0 2.0 3.0 2.0 2.0 1.0 1.0 7.0 0.0 2.0 0.0 1.0 4.0 1.0 4.0 2.0 0.0 2.0 2.0 3.0 1.0 2.0 11.0 4.0 1.0 3.0 0.0 10.0 0.0 0.0 3.0 2.0 3.0 1.0 0.0 1.0 68.0 0.0 0.0 
0.0 0.0 0.0 33.0 2.0 6.0 0.0 1.0 2.0 3.0 0.0 0.0 2.0 0.0 1.0 4.0 0.0 2.0 2.0 5.0 5.0 2.0 4.0 0.0 7.0 2.0 2.0 4.0 8.0 0.0 1.0 2.0 6.0 2.0 0.0 11.0 0.0 0.0 0.0 1.0 10.0 17.0 0.0 0.0 0.0 0.0 2.0 4.0 2.0 3.0 0.0 1.0 1.0 7.0 2.0 0.0 0.0 2.0 1.0 2.0 4.0 0.0 2.0 2.0 3.0 2.0 2.0 5.0 1.0 2.0 1.0 3.0 2.0 1.0 1.0 0.0 0.0 0.0 0.0 0.0 1.0 2.0 6.0 0.0 2.0 5.0 3.0 8.0 1.0 4.0 2.0 6.0 0.0 6.0 0.0 1.0 0.0 176.0 0.0 0.0 
0.0 0.0 0.0 98.0 6.0 1.0 1.0 4.0 4.0 1.0 2.0 2.0 3.0 0.0 9.0 1.0 2.0 4.0 1.0 0.0 1.0 0.0 1.0 4.0 2.0 1.0 2.0 2.0 3.0 0.0 0.0 1.0 2.0 1.0 3.0 2.0 0.0 2.0 0.0 1.0 3.0 5.0 1.0 1.0 1.0 2.0 1.0 8.0 5.0 9.0 2.0 0.0 2.0 1.0 2.0 0.0 4.0 4.0 0.0 0.0 2.0 3.0 3.0 1.0 2.0 0.0 3.0 1.0 0.0 0.0 2.0 1.0 3.0 0.0 2.0 5.0 5.0 9.0 1.0 4.0 4.0 0.0 1.0 2.0 7.0 0.0 5.0 2.0 4.0 3.0 7.0 2.0 3.0 1.0 0.0 2.0 4.0 3.0 24.0 0.0 
0.0 0.0 0.0 146.0 1.0 2.0 1.0 1.0 1.0 6.0 2.0 0.0 0.0 7.0 1.0 1.0 2.0 3.0 1.0 0.0 0.0 0.0 13.0 1.0 2.0 4.0 0.0 5.0 1.0 2.0 0.0 5.0 0.0 5.0 0.0 2.0 1.0 0.0 1.0 4.0 2.0 3.0 0.0 0.0 0.0 7.0 1.0 0.0 0.0 0.0 0.0 0.0 4.0 3.0 0.0 0.0 6.0 2.0 0.0 8.0 0.0 1.0 4.0 3.0 1.0 0.0 0.0 1.0 8.0 2.0 7.0 0.0 4.0 2.0 2.0 2.0 1.0 3.0 2.0 1.0 2.0 1.0 1.0 3.0 0.0 0.0 4.0 4.0 3.0 4.0 1.0 1.0 3.0 3.0 0.0 0.0 3.0 7.0 67.0 0.0 
0.0 0.0 0.0 136.0 2.0 1.0 1.0 1.0 0.0 2.0 0.0 4.0 3.0 12.0 0.0 2.0 2.0 0.0 0.0 0.0 2.0 2.0 0.0 0.0 3.0 2.0 12.0 0.0 2.0 1.0 1.0 3.0 3.0 1.0 2.0 5.0 0.0 2.0 6.0 2.0 2.0 3.0 2.0 0.0 5.0 0.0 1.0 0.0 0.0 6.0 3.0 0.0 0.0 1.0 4.0 2.0 0.0 0.0 2.0 0.0 0.0 0.0 1.0 0.0 0.0 0.0 3.0 0.0 0.0 8.0 0.0 6.0 2.0 5.0 0.0 3.0 2.0 1.0 3.0 4.0 4.0 2.0 4.0 0.0 4.0 0.0 0.0 1.0 3.0 2.0 1.0 0.0 2.0 1.0 1.0 2.0 1.0 0.0 108.0 0.0 
0.0 0.0 0.0 170.0 2.0 0.0 0.0 0.0 0.0 0.0 0.0 3.0 3.0 13.0 0.0 3.0 0.0 1.0 2.0 3.0 2.0 4.0 1.0 4.0 5.0 3.0 1.0 0.0 0.0 4.0 1.0 1.0 1.0 1.0 3.0 2.0 0.0 4.0 0.0 1.0 4.0 4.0 1.0 0.0 2.0 3.0 0.0 0.0 1.0 5.0 0.0 1.0 1.0 0.0 1.0 6.0 4.0 5.0 4.0 2.0 0.0 0.0 2.0 3.0 4.0 3.0 2.0 4.0 1.0 1.0 0.0 1.0 6.0 0.0 0.0 5.0 11.0 2.0 3.0 0.0 1.0 1.0 1.0 3.0 1.0 2.0 2.0 2.0 6.0 2.0 2.0 1.0 5.0 3.0 2.0 0.0 6.0 8.0 15.0 28.0 
0.0 0.0 25.0 5.0 4.0 1.0 2.0 0.0 3.0 3.0 1.0 0.0 0.0 2.0 1.0 0.0 2.0 1.0 1.0 3.0 1.0 1.0 2.0 0.0 2.0 0.0 0.0 0.0 1.0 2.0 2.0 2.0 6.0 4.0 2.0 2.0 2.0 4.0 4.0 0.0 2.0 3.0 3.0 1.0 0.0 0.0 0.0 2.0 2.0 0.0 7.0 1.0 6.0 4.0 4.0 1.0 4.0 0.0 1.0 1.0 4.0 2.0 3.0 4.0 2.0 4.0 1.0 0.0 2.0 0.0 3.0 0.0 0.0 2.0 3.0 2.0 1.0 0.0 1.0 2.0 2.0 1.0 5.0 0.0 4.0 1.0 2.0 0.0 3.0 0.0 1.0 5.0 6.0 4.0 4.0 2.0 0.0 3.0 12.0 42.0 
0.0 0.0 61.0 3.0 6.0 1.0 1.0 0.0 2.0 2.0 0.0 7.0 8.0 4.0 0.0 9.0 1.0 0.0 4.0 4.0 2.0 0.0 0.0 0.0 0.0 0.0 2.0 8.0 2.0 4.0 0.0 2.0 0.0 4.0 1.0 8.0 1.0 4.0 1.0 2.0 0.0 0.0 0.0 4.0 2.0 1.0 2.0 2.0 0.0 0.0 1.0 0.0 1.0 2.0 1.0 1.0 0.0 8.0 0.0 2.0 4.0 4.0 1.0 4.0 2.0 1.0 1.0 2.0 2.0 1.0 2.0 4.0 2.0 1.0 2.0 0.0 8.0 8.0 0.0 2.0 0.0 2.0 2.0 1.0 1.0 1.0 0.0 0.0 6.0 4.0 7.0 1.0 3.0 0.0 0.0 3.0 2.0 1.0 0.0 58.0 
0.0 0.0 41.0 8.0 1.0 2.0 2.0 1.0 8.0 1.0 0.0 0.0 1.0 1.0 4.0 1.0 5.0 6.0 3.0 0.0 3.0 1.0 1.0 1.0 3.0 0.0 2.0 2.0 2.0 0.0 2.0 0.0 0.0 0.0 0.0 2.0 3.0 1.0 6.0 1.0 4.0 1.0 0.0 0.0 5.0 0.0 5.0 2.0 9.0 2.0 6.0 0.0 4.0 1.0 4.0 0.0 1.0 4.0 8.0 0.0 2.0 1.0 0.0 0.0 0.0 3.0 1.0 2.0 0.0 1.0 1.0 0.0 2.0 0.0 1.0 0.0 1.0 0.0 0.0 0.0 2.0 1.0 4.0 1.0 10.0 4.0 1.0 2.0 0.0 4.0 3.0 2.0 2.0 2.0 0.0 1.0 2.0 3.0 12.0 41.0 
0.0 0.0 5.0 132.0 8.0 0.0 4.0 6.0 0.0 0.0 0.0 0.0 5.0 0.0 4.0 2.0 2.0 4.0 0.0 0.0 2.0 6.0 5.0 1.0 0.0 5.0 0.0 4.0 0.0 3.0 1.0 0.0 0.0 0.0 0.0 3.0 1.0 0.0 1.0 6.0 5.0 0.0 3.0 3.0 0.0 4.0 7.0 2.0 3.0 4.0 3.0 2.0 0.0 0.0 2.0 1.0 3.0 5.0 2.0 3.0 2.0 0.0 1.0 3.0 0.0 3.0 0.0 3.0 2.0 1.0 2.0 1.0 7.0 3.0 0.0 0.0 0.0 4.0 0.0 4.0 9.0 3.0 3.0 2.0 7.0 1.0 4.0 5.0 2.0 3.0 1.0 5.0 0.0 4.0 1.0 4.0 1.0 3.0 159.0 11.0 
0.0 0.0 0.0 93.0 0.0 1.0 0.0 2.0 4.0 0.0 0.0 9.0 0.0 1.0 0.0 2.0 9.0 0.0 2.0 2.0 3.0 4.0 0.0 2.0 2.0 3.0 0.0 0.0 0.0 1.0 3.0 2.0 0.0 11.0 4.0 0.0 6.0 8.0 0.0 0.0 3.0 1.0 3.0 0.0 2.0 0.0 1.0 0.0 1.0 1.0 7.0 0.0 0.0 0.0 11.0 1.0 3.0 0.0 5.0 3.0 5.0 7.0 2.0 3.0 0.0 4.0 0.0 0.0 0.0 1.0 2.0 0.0 0.0 3.0 1.0 1.0 2.0 0.0 5.0 1.0 3.0 1.0 2.0 2.0 0.0 1.0 3.0 1.0 2.0 0.0 0.0 1.0 1.0 2.0 4.0 0.0 1.0 5.0 65.0 0.0 
0.0 0.0 0.0 93.0 1.0 0.0 0.0 0.0 4.0 6.0 1.0 4.0 1.0 0.0 0.0 0.0 2.0 1.0 3.0 2.0 2.0 0.0 0.0 0.0 5.0 0.0 2.0 0.0 1.0 0.0 0.0 0.0 3.0 0.0 2.0 3.0 0.0 7.0 0.0 2.0 1.0 3.0 0.0 6.0 2.0 2.0 2.0 1.0 2.0 3.0 0.0 2.0 3.0 11.0 0.0 0.0 1.0 6.0 0.0 0.0 0.0 1.0 0.0 0.0 3.0 0.0 2.0 3.0 1.0 1.0 1.0 6.0 0.0 1.0 2.0 1.0 3.0 1.0 4.0 1.0 3.0 4.0 3.0 2.0 0.0 1.0 1.0 0.0 0.0 6.0 0.0 3.0 3.0 4.0 0.0 0.0 7.0 7.0 33.0 0.0 
0.0 0.0 0.0 89.0 1.0 0.0 0.0 3.0 1.0 3.0 3.0 1.0 3.0 0.0 0.0 1.0 2.0 2.0 0.0 0.0 4.0 2.0 3.0 1.0 1.0 7.0 2.0 0.0 0.0 0.0 1.0 0.0 3.0 1.0 1.0 0.0 1.0 5.0 3.0 2.0 2.0 1.0 2.0 5.0 4.0 1.0 6.0 2.0 1.0 5.0 1.0 2.0 0.0 0.0 0.0 0.0 0.0 3.0 0.0 1.0 2.0 3.0 0.0 0.0 0.0 1.0 1.0 2.0 1.0 4.0 2.0 1.0 9.0 0.0 4.0 1.0 0.0 1.0 0.0 0.0 3.0 7.0 1.0 6.0 2.0 10.0 2.0 1.0 0.0 2.0 2.0 0.0 1.0 1.0 0.0 4.0 6.0 147.0 7.0 0.0 
0.0 0.0 0.0 96.0 0.0 4.0 0.0 0.0 5.0 6.0 8.0 0.0 3.0 8.0 0.0 1.0 0.0 2.0 4.0 4.0 2.0 0.0 1.0 3.0 3.0 4.0 0.0 0.0 1.0 0.0 0.0 3.0 2.0 0.0 3.0 0.0 0.0 1.0 1.0 5.0 4.0 2.0 3.0 0.0 1.0 2.0 1.0 3.0 5.0 1.0 3.0 3.0 3.0 0.0 3.0 0.0 1.0 0.0 0.0 0.0 2.0 2.0 3.0 1.0 3.0 1.0 0.0 0.0 2.0 0.0 1.0 2.0 1.0 3.0 0.0 0.0 3.0 2.0 0.0 1.0 0.0 4.0 2.0 0.0 2.0 0.0 0.0 0.0 0.0 4.0 2.0 3.0 4.0 1.0 4.0 1.0 6.0 102.0 0.0 0.0 
0.0 0.0 0.0 50.0 15.0 0.0 0.0 0.0 0.0 2.0 0.0 0.0 1.0 0.0 5.0 7.0 5.0 0.0 5.0 2.0 0.0 1.0 2.0 2.0 0.0 0.0 0.0 2.0 1.0 9.0 0.0 0.0 1.0 0.0 1.0 1.0 0.0 0.0 0.0 1.0 0.0 2.0 2.0 3.0 1.0 1.0 1.0 1.0 0.0 2.0 1.0 9.0 0.0 3.0 4.0 0.0 5.0 1.0 5.0 2.0 0.0 2.0 4.0 0.0 0.0 0.0 3.0 4.0 4.0 3.0 2.0 2.0 4.0 0.0 0.0 2.0 2.0 0.0 10.0 3.0 1.0 1.0 2.0 0.0 2.0 0.0 10.0 0.0 2.0 0.0 4.0 0.0 2.0 0.0 0.0 4.0 5.0 28.0 0.0 0.0 
0.0 0.0 0.0 24.0 23.0 16.0 4.0 3.0 0.0 7.0 3.0 1.0 5.0 0.0 1.0 1.0 2.0 5.0 5.0 4.0 2.0 1.0 1.0 1.0 4.0 0.0 3.0 4.0 0.0 2.0 2.0 2.0 0.0 2.0 2.0 2.0 4.0 0.0 1.0 0.0 3.0 2.0 3.0 0.0 0.0 4.0 0.0 3.0 0.0 0.0 0.0 2.0 2.0 5.0 0.0 1.0 1.0 3.0 8.0 4.0 1.0 6.0 5.0 2.0 6.0 1.0 4.0 3.0 1.0 1.0 0.0 0.0 0.0 7.0 2.0 0.0 6.0 0.0 2.0 4.0 1.0 1.0 5.0 0.0 1.0 4.0 10.0 2.0 4.0 5.0 0.0 0.0 2.0 2.0 1.0 2.0 18.0 33.0 0.0 0.0 
0.0 0.0 0.0 0.0 130.0 1.0 4.0 0.0 2.0 1.0 2.0 4.0 0.0 2.0 4.0 0.0 1.0 3.0 2.0 0.0 1.0 3.0 0.0 2.0 3.0 6.0 0.0 0.0 3.0 4.0 0.0 5.0 3.0 0.0 2.0 0.0 6.0 0.0 1.0 6.0 2.0 2.0 1.0 1.0 1.0 0.0 8.0 0.0 1.0 4.0 4.0 1.0 2.0 4.0 7.0 1.0 3.0 0.0 1.0 2.0 0.0 2.0 4.0 3.0 1.0 0.0 0.0 1.0 4.0 0.0 1.0 1.0 2.0 0.0 4.0 0.0 2.0 6.0 5.0 7.0 1.0 3.0 3.0 1.0 0.0 0.0 0.0 0.0 0.0 2.0 0.0 1.0 0.0 0.0 4.0 15.0 107.0 16.0 0.0 0.0 
0.0 0.0 0.0 0.0 83.0 0.0 3.0 2.0 3.0 2.0 0.0 0.0 2.0 4.0 2.0 1.0 0.0 1.0 0.0 2.0 1.0 6.0 5.0 0.0 5.0 4.0 1.0 4.0 15.0 0.0 0.0 1.0 0.0 4.0 5.0 0.0 1.0 2.0 1.0 3.0 0.0 2.0 2.0 5.0 13.0 1.0 2.0 1.0 2.0 2.0 0.0 0.0 0.0 7.0 3.0 2.0 2.0 0.0 4.0 0.0 0.0 1.0 1.0 1.0 0.0 2.0 4.0 0.0 2.0 0.0 5.0 0.0 5.0 4.0 0.0 2.0 0.0 5.0 3.0 3.0 0.0 3.0 0.0 0.0 0.0 9.0 5.0 0.0 3.0 0.0 0.0 3.0 3.0 5.0 4.0 10.0 103.0 0.0 0.0 0.0 
0.0 0.0 0.0 0.0 74.0 9.0 1.0 2.0 2.0 2.0 0.0 1.0 0.0 3.0 5.0 1.0 0.0 5.0 2.0 0.0 0.0 0.0 0.0 1.0 1.0 1.0 4.0 2.0 1.0 0.0 6.0 1.0 2.0 1.0 0.0 2.0 1.0 2.0 2.0 1.0 2.0 0.0 3.0 1.0 0.0 1.0 0.0 5.0 3.0 3.0 0.0 0.0 6.0 7.0 1.0 2.0 1.0 5.0 2.0 9.0 7.0 0.0 3.0 0.0 0.0 0.0 2.0 0.0 0.0 2.0 4.0 1.0 1.0 3.0 8.0 1.0 4.0 4.0 0.0 0.0 0.0 0.0 3.0 0.0 0.0 0.0 2.0 1.0 3.0 4.0 0.0 0.0 2.0 1.0 4.0 7.0 24.0 0.0 0.0 0.0 
0.0 0.0 0.0 0.0 21.0 11.0 13.0 2.0 1.0 5.0 3.0 8.0 2.0 0.0 1.0 1.0 0.0 4.0 1.0 5.0 2.0 5.0 1.0 1.0 0.0 2.0 1.0 4.0 0.0 0.0 2.0 9.0 10.0 0.0 4.0 0.0 2.0 2.0 0.0 8.0 4.0 2.0 1.0 4.0 4.0 1.0 6.0 0.0 2.0 2.0 7.0 4.0 2.0 1.0 2.0 0.0 1.0 0.0 0.0 2.0 0.0 0.0 0.0 0.0 5.0 0.0 0.0 1.0 0.0 0.0 2.0 5.0 4.0 0.0 5.0 0.0 0.0 3.0 1.0 3.0 2.0 0.0 3.0 0.0 2.0 9.0 1.0 2.0 0.0 1.0 0.0 2.0 1.0 5.0 0.0 107.0 0.0 0.0 0.0 0.0 
0.0 0.0 0.0 0.0 0.0 143.0 2.0 1.0 0.0 1.0 0.0 1.0 7.0 1.0 2.0 1.0 0.0 2.0 3.0 0.0 4.0 0.0 0.0 3.0 2.0 2.0 4.0 0.0 3.0 4.0 1.0 4.0 0.0 3.0 1.0 1.0 4.0 7.0 2.0 2.0 1.0 2.0 3.0 4.0 2.0 2.0 2.0 2.0 2.0 1.0 4.0 7.0 11.0 5.0 0.0 0.0 1.0 2.0 1.0 9.0 5.0 1.0 0.0 4.0 0.0 0.0 0.0 3.0 1.0 2.0 1.0 4.0 2.0 3.0 0.0 0.0 0.0 0.0 1.0 1.0 1.0 1.0 0.0 1.0 1.0 2.0 1.0 3.0 5.0 1.0 1.0 1.0 2.0 4.0 5.0 54.0 0.0 0.0 0.0 0.0 
0.0 0.0 0.0 0.0 0.0 60.0 12.0 1.0 0.0 2.0 0.0 3.0 1.0 0.0 3.0 0.0 0.0 2.0 2.0 2.0 1.0 1.0 1.0 2.0 0.0 3.0 1.0 0.0 0.0 3.0 0.0 1.0 2.0 2.0 0.0 0.0 0.0 1.0 2.0 5.0 1.0 1.0 3.0 1.0 4.0 4.0 0.0 0.0 9.0 0.0 4.0 1.0 3.0 4.0 1.0 3.0 1.0 0.0 11.0 3.0 3.0 0.0 0.0 0.0 2.0 0.0 1.0 0.0 1.0 1.0 1.0 2.0 0.0 3.0 0.0 3.0 2.0 0.0 3.0 1.0 3.0 2.0 2.0 0.0 4.0 2.0 1.0 2.0 0.0 1.0 2.0 2.0 3.0 2.0 194.0 0.0 0.0 0.0 0.0 0.0 
0.0 0.0 0.0 0.0 0.0 7.0 152.0 13.0 1.0 0.0 0.0 1.0 0.0 0.0 2.0 0.0 4.0 0.0 0.0 1.0 7.0 1.0 2.0 0.0 1.0 2.0 0.0 0.0 4.0 7.0 2.0 2.0 0.0 1.0 8.0 5.0 2.0 5.0 2.0 0.0 2.0 1.0 2.0 4.0 0.0 0.0 5.0 0.0 1.0 1.0 1.0 1.0 6.0 1.0 3.0 0.0 0.0 7.0 7.0 0.0 2.0 6.0 0.0 1.0 4.0 2.0 0.0 2.0 4.0 4.0 6.0 0.0 10.0 3.0 1.0 1.0 6.0 4.0 6.0 0.0 4.0 0.0 0.0 3.0 10.0 0.0 8.0 0.0 0.0 4.0 6.0 0.0 0.0 1.0 81.0 0.0 0.0 0.0 0.0 0.0 
0.0 0.0 0.0 0.0 0.0 0.0 123.0 1.0 3.0 0.0 5.0 0.0 0.0 0.0 4.0 0.0 4.0 0.0 2.0 2.0 2.0 7.0 9.0 4.0 5.0 0.0 1.0 0.0 8.0 1.0 0.0 2.0 0.0 0.0 4.0 0.0 1.0 0.0 0.0 2.0 0.0 6.0 0.0 2.0 1.0 2.0 6.0 3.0 0.0 0.0 0.0 2.0 0.0 0.0 0.0 1.0 1.0 3.0 0.0 0.0 1.0 0.0 0.0 2.0 1.0 2.0 2.0 0.0 0.0 0.0 4.0 0.0 2.0 0.0 6.0 1.0 1.0 9.0 0.0 1.0 0.0 2.0 1.0 8.0 0.0 4.0 1.0 0.0 0.0 0.0 3.0 3.0 2.0 179.0 0.0 0.0 0.0 0.0 0.0 0.0 
0.0 0.0 0.0 0.0 0.0 0.0 115.0 1.0 4.0 0.0 0.0 3.0 3.0 2.0 0.0 2.0 1.0 2.0 1.0 3.0 0.0 0.0 0.0 5.0 0.0 5.0 4.0 2.0 14.0 1.0 1.0 4.0 2.0 1.0 3.0 1.0 7.0 0.0 4.0 2.0 1.0 0.0 0.0 2.0 3.0 2.0 6.0 0.0 8.0 3.0 4.0 3.0 5.0 5.0 4.0 1.0 2.0 0.0 1.0 0.0 6.0 0.0 2.0 5.0 3.0 5.0 0.0 0.0 2.0 1.0 0.0 0.0 1.0 1.0 6.0 0.0 7.0 2.0 6.0 1.0 0.0 10.0 2.0 4.0 1.0 1.0 1.0 1.0 0.0 0.0 1.0 2.0 12.0 26.0 0.0 0.0 0.0 0.0 0.0 0.0 
0.0 0.0 0.0 0.0 0.0 0.0 45.0 12.0 1.0 2.0 0.0 1.0 2.0 7.0 1.0 3.0 2.0 5.0 0.0 1.0 3.0 1.0 0.0 0.0 6.0 2.0 8.0 1.0 0.0 7.0 1.0 2.0 8.0 2.0 6.0 3.0 0.0 5.0 2.0 5.0 8.0 1.0 0.0 0.0 0.0 0.0 0.0 1.0 1.0 0.0 0.0 0.0 4.0 0.0 1.0 2.0 0.0 4.0 1.0 0.0 1.0 1.0 2.0 2.0 0.0 0.0 8.0 2.0 6.0 2.0 1.0 2.0 2.0 2.0 1.0 0.0 1.0 3.0 1.0 5.0 0.0 1.0 7.0 0.0 3.0 0.0 8.0 5.0 2.0 1.0 0.0 7.0 156.0 7.0 0.0 0.0 0.0 0.0 0.0 0.0 
0.0 0.0 0.0 0.0 0.0 0.0 21.0 24.0 11.0 2.0 1.0 2.0 0.0 1.0 2.0 1.0 0.0 2.0 1.0 3.0 0.0 5.0 2.0 0.0 4.0 0.0 0.0 0.0 6.0 1.0 2.0 0.0 0.0 4.0 2.0 2.0 1.0 0.0 7.0 3.0 3.0 0.0 2.0 0.0 0.0 1.0 0.0 5.0 2.0 4.0 4.0 0.0 0.0 0.0 2.0 3.0 6.0 3.0 0.0 1.0 9.0 2.0 7.0 2.0 1.0 1.0 0.0 0.0 6.0 2.0 0.0 4.0 2.0 1.0 0.0 0.0 2.0 0.0 1.0 6.0 0.0 3.0 4.0 1.0 2.0 1.0 1.0 0.0 3.0 2.0 4.0 19.0 100.0 0.0 0.0 0.0 0.0 0.0 0.0 0.0 
0.0 0.0 0.0 0.0 0.0 0.0 0.0 84.0 0.0 5.0 0.0 0.0 2.0 0.0 1.0 2.0 3.0 2.0 4.0 1.0 4.0 0.0 1.0 0.0 0.0 1.0 2.0 4.0 3.0 2.0 1.0 1.0 2.0 0.0 1.0 4.0 0.0 2.0 0.0 6.0 1.0 0.0 2.0 1.0 0.0 0.0 2.0 1.0 1.0 0.0 2.0 1.0 4.0 1.0 2.0 7.0 1.0 8.0 1.0 2.0 1.0 4.0 3.0 1.0 4.0 4.0 0.0 0.0 2.0 2.0 1.0 2.0 0.0 3.0 1.0 1.0 1.0 2.0 0.0 0.0 1.0 4.0 4.0 0.0 2.0 0.0 0.0 4.0 0.0 4.0 22.0 35.0 27.0 0.0 0.0 0.0 0.0 0.0 0.0 0.0 
0.0 0.0 0.0 0.0 0.0 0.0 0.0 0.0 173.0 16.0 0.0 0.0 4.0 4.0 1.0 0.0 4.0 0.0 3.0 1.0 3.0 3.0 5.0 0.0 0.0 6.0 6.0 0.0 2.0 0.0 4.0 0.0 0.0 0.0 2.0 1.0 3.0 0.0 6.0 1.0 1.0 3.0 0.0 0.0 4.0 4.0 0.0 0.0 2.0 2.0 4.0 4.0 0.0 0.0 2.0 0.0 2.0 3.0 1.0 3.0 0.0 0.0 1.0 0.0 1.0 1.0 2.0 1.0 6.0 1.0 0.0 2.0 2.0 0.0 0.0 0.0 0.0 0.0 9.0 2.0 2.0 2.0 2.0 2.0 2.0 1.0 0.0 0.0 7.0 0.0 1.0 119.0 0.0 0.0 0.0 0.0 0.0 0.0 0.0 0.0 
0.0 0.0 0.0 0.0 0.0 0.0 0.0 0.0 28.0 19.0 23.0 7.0 0.0 0.0 7.0 4.0 1.0 0.0 3.0 1.0 1.0 3.0 5.0 0.0 2.0 0.0 7.0 2.0 0.0 1.0 0.0 0.0 1.0 2.0 10.0 0.0 3.0 4.0 3.0 1.0 0.0 17.0 2.0 2.0 8.0 2.0 1.0 3.0 1.0 0.0 4.0 2.0 1.0 2.0 3.0 0.0 0.0 4.0 2.0 0.0 2.0 1.0 0.0 0.0 0.0 8.0 2.0 2.0 0.0 0.0 3.0 2.0 8.0 0.0 5.0 7.0 0.0 0.0 0.0 1.0 2.0 0.0 1.0 10.0 0.0 0.0 1.0 7.0 2.0 9.0 156.0 0.0 0.0 0.0 0.0 0.0 0.0 0.0 0.0 0.0 
0.0 0.0 0.0 0.0 0.0 0.0 0.0 0.0 0.0 80.0 5.0 6.0 4.0 0.0 2.0 12.0 0.0 5.0 1.0 0.0 0.0 1.0 0.0 0.0 1.0 1.0 0.0 0.0 4.0 2.0 3.0 3.0 0.0 1.0 2.0 5.0 0.0 0.0 1.0 2.0 6.0 0.0 3.0 1.0 7.0 0.0 3.0 2.0 1.0 1.0 3.0 1.0 0.0 4.0 0.0 0.0 4.0 0.0 3.0 1.0 2.0 3.0 6.0 3.0 5.0 0.0 1.0 2.0 0.0 3.0 1.0 2.0 4.0 2.0 0.0 0.0 0.0 0.0 0.0 0.0 0.0 2.0 0.0 1.0 1.0 8.0 1.0 2.0 3.0 189.0 0.0 0.0 0.0 0.0 0.0 0.0 0.0 0.0 0.0 0.0 
0.0 0.0 0.0 0.0 0.0 0.0 0.0 0.0 0.0 0.0 104.0 5.0 0.0 9.0 1.0 2.0 1.0 5.0 0.0 2.0 12.0 1.0 2.0 2.0 1.0 3.0 1.0 6.0 0.0 0.0 8.0 1.0 1.0 1.0 2.0 0.0 2.0 1.0 1.0 1.0 1.0 4.0 1.0 1.0 0.0 0.0 1.0 4.0 1.0 0.0 4.0 4.0 0.0 0.0 4.0 4.0 0.0 4.0 2.0 0.0 4.0 2.0 2.0 3.0 0.0 2.0 3.0 4.0 1.0 4.0 0.0 4.0 0.0 8.0 2.0 3.0 2.0 0.0 1.0 1.0 2.0 3.0 3.0 2.0 4.0 4.0 0.0 10.0 6.0 21.0 0.0 0.0 0.0 0.0 0.0 0.0 0.0 0.0 0.0 0.0 
0.0 0.0 0.0 0.0 0.0 0.0 0.0 0.0 0.0 0.0 0.0 186.0 28.0 0.0 4.0 1.0 1.0 0.0 3.0 2.0 0.0 1.0 5.0 0.0 8.0 0.0 5.0 0.0 1.0 3.0 2.0 4.0 0.0 3.0 1.0 0.0 8.0 0.0 3.0 1.0 4.0 4.0 2.0 1.0 0.0 5.0 0.0 2.0 1.0 0.0 1.0 4.0 0.0 2.0 3.0 4.0 1.0 0.0 1.0 0.0 2.0 0.0 3.0 3.0 1.0 0.0 0.0 5.0 0.0 2.0 3.0 0.0 1.0 0.0 1.0 5.0 1.0 6.0 2.0 2.0 3.0 5.0 0.0 4.0 0.0 0.0 7.0 4.0 83.0 0.0 0.0 0.0 0.0 0.0 0.0 0.0 0.0 0.0 0.0 0.0 
0.0 0.0 0.0 0.0 0.0 0.0 0.0 0.0 0.0 0.0 0.0 18.0 48.0 50.0 0.0 4.0 4.0 2.0 0.0 1.0 0.0 3.0 0.0 6.0 3.0 1.0 0.0 3.0 2.0 2.0 2.0 1.0 10.0 2.0 5.0 1.0 4.0 0.0 9.0 0.0 1.0 2.0 8.0 0.0 0.0 0.0 0.0 2.0 1.0 1.0 0.0 1.0 0.0 0.0 3.0 0.0 1.0 6.0 4.0 7.0 0.0 5.0 2.0 2.0 1.0 2.0 0.0 5.0 1.0 3.0 5.0 0.0 2.0 4.0 1.0 5.0 1.0 0.0 3.0 2.0 5.0 4.0 0.0 4.0 0.0 0.0 21.0 137.0 0.0 0.0 0.0 0.0 0.0 0.0 0.0 0.0 0.0 0.0 0.0 0.0 
0.0 0.0 0.0 0.0 0.0 0.0 0.0 0.0 0.0 0.0 0.0 0.0 46.0 67.0 33.0 0.0 0.0 1.0 3.0 2.0 1.0 0.0 0.0 1.0 2.0 0.0 0.0 7.0 3.0 1.0 1.0 0.0 2.0 1.0 1.0 0.0 0.0 3.0 0.0 4.0 3.0 4.0 0.0 3.0 7.0 0.0 0.0 0.0 0.0 6.0 6.0 4.0 0.0 4.0 0.0 4.0 3.0 4.0 6.0 0.0 1.0 3.0 3.0 2.0 2.0 0.0 1.0 3.0 9.0 0.0 11.0 0.0 0.0 0.0 1.0 1.0 10.0 0.0 1.0 2.0 2.0 0.0 6.0 2.0 2.0 34.0 37.0 23.0 0.0 0.0 0.0 0.0 0.0 0.0 0.0 0.0 0.0 0.0 0.0 0.0 
0.0 0.0 0.0 0.0 0.0 0.0 0.0 0.0 0.0 0.0 0.0 0.0 0.0 44.0 12.0 13.0 1.0 0.0 1.0 5.0 1.0 7.0 0.0 1.0 1.0 0.0 2.0 2.0 1.0 4.0 2.0 1.0 1.0 0.0 0.0 0.0 4.0 1.0 6.0 0.0 1.0 1.0 1.0 8.0 2.0 0.0 2.0 1.0 0.0 1.0 3.0 1.0 4.0 1.0 0.0 1.0 1.0 1.0 1.0 0.0 8.0 1.0 1.0 4.0 2.0 6.0 0.0 0.0 2.0 3.0 2.0 2.0 4.0 0.0 0.0 3.0 3.0 1.0 6.0 2.0 2.0 2.0 3.0 1.0 13.0 15.0 50.0 0.0 0.0 0.0 0.0 0.0 0.0 0.0 0.0 0.0 0.0 0.0 0.0 0.0 
0.0 0.0 0.0 0.0 0.0 0.0 0.0 0.0 0.0 0.0 0.0 0.0 0.0 0.0 49.0 13.0 30.0 6.0 1.0 6.0 2.0 1.0 0.0 3.0 2.0 0.0 7.0 3.0 8.0 2.0 0.0 4.0 2.0 1.0 2.0 0.0 0.0 1.0 0.0 1.0 2.0 3.0 4.0 0.0 1.0 6.0 6.0 1.0 5.0 2.0 0.0 0.0 1.0 0.0 2.0 8.0 2.0 3.0 0.0 3.0 0.0 2.0 0.0 4.0 3.0 0.0 2.0 2.0 1.0 3.0 1.0 4.0 0.0 5.0 1.0 0.0 2.0 8.0 2.0 0.0 6.0 1.0 1.0 6.0 4.0 93.0 0.0 0.0 0.0 0.0 0.0 0.0 0.0 0.0 0.0 0.0 0.0 0.0 0.0 0.0 
0.0 0.0 0.0 0.0 0.0 0.0 0.0 0.0 0.0 0.0 0.0 0.0 0.0 0.0 0.0 56.0 40.0 12.0 1.0 7.0 2.0 0.0 5.0 0.0 0.0 2.0 0.0 0.0 0.0 5.0 3.0 5.0 5.0 1.0 4.0 2.0 0.0 5.0 1.0 0.0 0.0 1.0 6.0 0.0 0.0 0.0 0.0 0.0 2.0 1.0 0.0 0.0 0.0 0.0 2.0 1.0 4.0 0.0 0.0 9.0 0.0 7.0 4.0 0.0 0.0 2.0 9.0 2.0 1.0 0.0 1.0 3.0 6.0 1.0 0.0 4.0 0.0 2.0 2.0 0.0 0.0 1.0 1.0 0.0 117.0 0.0 0.0 0.0 0.0 0.0 0.0 0.0 0.0 0.0 0.0 0.0 0.0 0.0 0.0 0.0 
0.0 0.0 0.0 0.0 0.0 0.0 0.0 0.0 0.0 0.0 0.0 0.0 0.0 0.0 0.0 0.0 45.0 5.0 6.0 6.0 0.0 3.0 0.0 0.0 0.0 4.0 0.0 1.0 2.0 4.0 2.0 1.0 5.0 0.0 2.0 2.0 1.0 2.0 0.0 0.0 1.0 1.0 9.0 1.0 4.0 1.0 1.0 8.0 4.0 3.0 2.0 4.0 0.0 7.0 2.0 2.0 4.0 0.0 2.0 1.0 0.0 8.0 2.0 3.0 5.0 0.0 3.0 3.0 0.0 0.0 6.0 3.0 2.0 4.0 5.0 5.0 1.0 4.0 1.0 1.0 7.0 1.0 2.0 140.0 0.0 0.0 0.0 0.0 0.0 0.0 0.0 0.0 0.0 0.0 0.0 0.0 0.0 0.0 0.0 0.0 
0.0 0.0 0.0 0.0 0.0 0.0 0.0 0.0 0.0 0.0 0.0 0.0 0.0 0.0 0.0 0.0 0.0 76.0 7.0 2.0 1.0 1.0 0.0 8.0 1.0 2.0 5.0 0.0 2.0 4.0 0.0 4.0 0.0 7.0 0.0 1.0 0.0 0.0 9.0 5.0 0.0 0.0 1.0 8.0 3.0 0.0 3.0 0.0 0.0 1.0 0.0 0.0 0.0 1.0 8.0 1.0 0.0 1.0 2.0 3.0 0.0 2.0 1.0 6.0 0.0 6.0 3.0 0.0 4.0 3.0 1.0 10.0 2.0 0.0 1.0 5.0 0.0 0.0 2.0 0.0 0.0 3.0 160.0 0.0 0.0 0.0 0.0 0.0 0.0 0.0 0.0 0.0 0.0 0.0 0.0 0.0 0.0 0.0 0.0 0.0 
0.0 0.0 0.0 0.0 0.0 0.0 0.0 0.0 0.0 0.0 0.0 0.0 0.0 0.0 0.0 0.0 0.0 0.0 133.0 1.0 1.0 2.0 2.0 1.0 0.0 5.0 0.0 0.0 3.0 0.0 0.0 1.0 5.0 2.0 2.0 3.0 0.0 3.0 0.0 5.0 0.0 1.0 0.0 7.0 1.0 3.0 3.0 0.0 2.0 2.0 4.0 1.0 0.0 0.0 0.0 11.0 2.0 1.0 3.0 2.0 1.0 3.0 1.0 5.0 0.0 1.0 1.0 1.0 1.0 0.0 2.0 0.0 1.0 4.0 0.0 2.0 4.0 0.0 2.0 0.0 9.0 137.0 0.0 0.0 0.0 0.0 0.0 0.0 0.0 0.0 0.0 0.0 0.0 0.0 0.0 0.0 0.0 0.0 0.0 0.0 
0.0 0.0 0.0 0.0 0.0 0.0 0.0 0.0 0.0 0.0 0.0 0.0 0.0 0.0 0.0 0.0 0.0 0.0 0.0 178.0 2.0 1.0 5.0 2.0 2.0 2.0 0.0 1.0 0.0 0.0 1.0 0.0 1.0 0.0 0.0 1.0 0.0 0.0 3.0 0.0 0.0 1.0 2.0 3.0 4.0 2.0 5.0 0.0 0.0 2.0 0.0 7.0 1.0 5.0 10.0 5.0 1.0 1.0 1.0 0.0 1.0 0.0 5.0 2.0 0.0 0.0 4.0 0.0 4.0 0.0 1.0 4.0 1.0 4.0 0.0 0.0 0.0 3.0 1.0 10.0 148.0 2.0 0.0 0.0 0.0 0.0 0.0 0.0 0.0 0.0 0.0 0.0 0.0 0.0 0.0 0.0 0.0 0.0 0.0 0.0 
0.0 0.0 0.0 0.0 0.0 0.0 0.0 0.0 0.0 0.0 0.0 0.0 0.0 0.0 0.0 0.0 0.0 0.0 0.0 0.0 199.0 0.0 0.0 2.0 0.0 1.0 3.0 0.0 7.0 0.0 2.0 5.0 0.0 5.0 0.0 5.0 2.0 1.0 0.0 0.0 3.0 1.0 0.0 2.0 2.0 0.0 0.0 0.0 2.0 1.0 0.0 2.0 8.0 0.0 2.0 6.0 5.0 1.0 1.0 2.0 1.0 0.0 0.0 1.0 1.0 1.0 0.0 0.0 3.0 0.0 1.0 4.0 1.0 5.0 8.0 5.0 0.0 0.0 13.0 132.0 6.0 0.0 0.0 0.0 0.0 0.0 0.0 0.0 0.0 0.0 0.0 0.0 0.0 0.0 0.0 0.0 0.0 0.0 0.0 0.0 
0.0 0.0 0.0 0.0 0.0 0.0 0.0 0.0 0.0 0.0 0.0 0.0 0.0 0.0 0.0 0.0 0.0 0.0 0.0 0.0 0.0 126.0 1.0 2.0 0.0 4.0 4.0 0.0 2.0 6.0 2.0 0.0 1.0 0.0 8.0 2.0 2.0 4.0 4.0 0.0 1.0 0.0 0.0 9.0 4.0 0.0 0.0 3.0 0.0 2.0 3.0 4.0 4.0 7.0 0.0 2.0 3.0 0.0 3.0 12.0 3.0 1.0 1.0 1.0 1.0 6.0 0.0 12.0 4.0 0.0 1.0 5.0 7.0 1.0 0.0 2.0 1.0 0.0 184.0 3.0 0.0 0.0 0.0 0.0 0.0 0.0 0.0 0.0 0.0 0.0 0.0 0.0 0.0 0.0 0.0 0.0 0.0 0.0 0.0 0.0 
0.0 0.0 0.0 0.0 0.0 0.0 0.0 0.0 0.0 0.0 0.0 0.0 0.0 0.0 0.0 0.0 0.0 0.0 0.0 0.0 0.0 0.0 105.0 3.0 5.0 3.0 1.0 6.0 1.0 2.0 6.0 1.0 5.0 0.0 0.0 4.0 1.0 3.0 5.0 0.0 8.0 0.0 2.0 3.0 2.0 3.0 3.0 1.0 1.0 2.0 6.0 0.0 0.0 2.0 0.0 2.0 1.0 0.0 0.0 0.0 0.0 0.0 2.0 0.0 1.0 3.0 1.0 0.0 0.0 4.0 0.0 2.0 1.0 3.0 0.0 24.0 4.0 114.0 0.0 0.0 0.0 0.0 0.0 0.0 0.0 0.0 0.0 0.0 0.0 0.0 0.0 0.0 0.0 0.0 0.0 0.0 0.0 0.0 0.0 0.0 
0.0 0.0 0.0 0.0 0.0 0.0 0.0 0.0 0.0 0.0 0.0 0.0 0.0 0.0 0.0 0.0 0.0 0.0 0.0 0.0 0.0 0.0 0.0 85.0 9.0 2.0 4.0 1.0 8.0 0.0 1.0 0.0 2.0 1.0 0.0 0.0 1.0 1.0 2.0 1.0 4.0 0.0 1.0 0.0 1.0 3.0 0.0 4.0 1.0 0.0 0.0 8.0 6.0 2.0 0.0 0.0 0.0 4.0 4.0 5.0 4.0 0.0 0.0 1.0 0.0 7.0 1.0 5.0 0.0 0.0 4.0 2.0 1.0 1.0 8.0 22.0 73.0 0.0 0.0 0.0 0.0 0.0 0.0 0.0 0.0 0.0 0.0 0.0 0.0 0.0 0.0 0.0 0.0 0.0 0.0 0.0 0.0 0.0 0.0 0.0 
0.0 0.0 0.0 0.0 0.0 0.0 0.0 0.0 0.0 0.0 0.0 0.0 0.0 0.0 0.0 0.0 0.0 0.0 0.0 0.0 0.0 0.0 0.0 0.0 45.0 172.0 6.0 1.0 1.0 1.0 1.0 1.0 8.0 0.0 2.0 5.0 0.0 6.0 5.0 4.0 1.0 2.0 1.0 3.0 2.0 4.0 9.0 4.0 2.0 0.0 0.0 5.0 0.0 4.0 7.0 0.0 2.0 1.0 0.0 4.0 0.0 0.0 0.0 2.0 0.0 1.0 2.0 1.0 1.0 0.0 2.0 0.0 7.0 5.0 152.0 19.0 0.0 0.0 0.0 0.0 0.0 0.0 0.0 0.0 0.0 0.0 0.0 0.0 0.0 0.0 0.0 0.0 0.0 0.0 0.0 0.0 0.0 0.0 0.0 0.0 
0.0 0.0 0.0 0.0 0.0 0.0 0.0 0.0 0.0 0.0 0.0 0.0 0.0 0.0 0.0 0.0 0.0 0.0 0.0 0.0 0.0 0.0 0.0 0.0 0.0 0.0 200.0 1.0 5.0 1.0 2.0 0.0 3.0 0.0 0.0 0.0 6.0 1.0 2.0 1.0 0.0 0.0 0.0 3.0 3.0 2.0 3.0 2.0 4.0 4.0 4.0 1.0 5.0 2.0 1.0 7.0 5.0 4.0 0.0 2.0 10.0 4.0 2.0 0.0 2.0 0.0 7.0 5.0 3.0 1.0 5.0 20.0 105.0 62.0 0.0 0.0 0.0 0.0 0.0 0.0 0.0 0.0 0.0 0.0 0.0 0.0 0.0 0.0 0.0 0.0 0.0 0.0 0.0 0.0 0.0 0.0 0.0 0.0 0.0 0.0 
0.0 0.0 0.0 0.0 0.0 0.0 0.0 0.0 0.0 0.0 0.0 0.0 0.0 0.0 0.0 0.0 0.0 0.0 0.0 0.0 0.0 0.0 0.0 0.0 0.0 0.0 0.0 108.0 13.0 12.0 5.0 0.0 0.0 1.0 2.0 0.0 0.0 1.0 0.0 0.0 3.0 1.0 0.0 1.0 0.0 0.0 1.0 0.0 10.0 1.0 1.0 0.0 1.0 3.0 3.0 1.0 5.0 1.0 8.0 1.0 5.0 8.0 3.0 2.0 0.0 0.0 1.0 5.0 0.0 1.0 0.0 195.0 12.0 0.0 0.0 0.0 0.0 0.0 0.0 0.0 0.0 0.0 0.0 0.0 0.0 0.0 0.0 0.0 0.0 0.0 0.0 0.0 0.0 0.0 0.0 0.0 0.0 0.0 0.0 0.0 
0.0 0.0 0.0 0.0 0.0 0.0 0.0 0.0 0.0 0.0 0.0 0.0 0.0 0.0 0.0 0.0 0.0 0.0 0.0 0.0 0.0 0.0 0.0 0.0 0.0 0.0 0.0 0.0 29.0 150.0 4.0 20.0 1.0 0.0 0.0 9.0 4.0 2.0 0.0 3.0 7.0 2.0 0.0 0.0 0.0 0.0 3.0 1.0 0.0 6.0 1.0 0.0 4.0 0.0 5.0 6.0 2.0 1.0 2.0 2.0 1.0 2.0 6.0 3.0 1.0 0.0 1.0 2.0 8.0 7.0 120.0 0.0 0.0 0.0 0.0 0.0 0.0 0.0 0.0 0.0 0.0 0.0 0.0 0.0 0.0 0.0 0.0 0.0 0.0 0.0 0.0 0.0 0.0 0.0 0.0 0.0 0.0 0.0 0.0 0.0 
0.0 0.0 0.0 0.0 0.0 0.0 0.0 0.0 0.0 0.0 0.0 0.0 0.0 0.0 0.0 0.0 0.0 0.0 0.0 0.0 0.0 0.0 0.0 0.0 0.0 0.0 0.0 0.0 0.0 0.0 68.0 75.0 17.0 9.0 0.0 2.0 2.0 3.0 7.0 0.0 2.0 1.0 0.0 4.0 2.0 0.0 1.0 1.0 8.0 0.0 0.0 2.0 0.0 0.0 0.0 1.0 2.0 1.0 1.0 1.0 2.0 0.0 0.0 1.0 1.0 13.0 4.0 15.0 142.0 46.0 0.0 0.0 0.0 0.0 0.0 0.0 0.0 0.0 0.0 0.0 0.0 0.0 0.0 0.0 0.0 0.0 0.0 0.0 0.0 0.0 0.0 0.0 0.0 0.0 0.0 0.0 0.0 0.0 0.0 0.0 
0.0 0.0 0.0 0.0 0.0 0.0 0.0 0.0 0.0 0.0 0.0 0.0 0.0 0.0 0.0 0.0 0.0 0.0 0.0 0.0 0.0 0.0 0.0 0.0 0.0 0.0 0.0 0.0 0.0 0.0 0.0 24.0 81.0 126.0 12.0 16.0 6.0 7.0 2.0 3.0 1.0 5.0 3.0 1.0 1.0 0.0 1.0 0.0 1.0 1.0 1.0 0.0 3.0 0.0 1.0 3.0 5.0 1.0 2.0 1.0 4.0 1.0 8.0 1.0 13.0 29.0 126.0 62.0 9.0 0.0 0.0 0.0 0.0 0.0 0.0 0.0 0.0 0.0 0.0 0.0 0.0 0.0 0.0 0.0 0.0 0.0 0.0 0.0 0.0 0.0 0.0 0.0 0.0 0.0 0.0 0.0 0.0 0.0 0.0 0.0 
0.0 0.0 0.0 0.0 0.0 0.0 0.0 0.0 0.0 0.0 0.0 0.0 0.0 0.0 0.0 0.0 0.0 0.0 0.0 0.0 0.0 0.0 0.0 0.0 0.0 0.0 0.0 0.0 0.0 0.0 0.0 0.0 0.0 17.0 73.0 70.0 33.0 20.0 12.0 4.0 18.0 4.0 1.0 0.0 0.0 3.0 2.0 1.0 3.0 0.0 0.0 1.0 0.0 0.0 2.0 1.0 1.0 2.0 0.0 2.0 2.0 6.0 4.0 164.0 73.0 36.0 1.0 0.0 0.0 0.0 0.0 0.0 0.0 0.0 0.0 0.0 0.0 0.0 0.0 0.0 0.0 0.0 0.0 0.0 0.0 0.0 0.0 0.0 0.0 0.0 0.0 0.0 0.0 0.0 0.0 0.0 0.0 0.0 0.0 0.0 
0.0 0.0 0.0 0.0 0.0 0.0 0.0 0.0 0.0 0.0 0.0 0.0 0.0 0.0 0.0 0.0 0.0 0.0 0.0 0.0 0.0 0.0 0.0 0.0 0.0 0.0 0.0 0.0 0.0 0.0 0.0 0.0 0.0 0.0 0.0 17.0 33.0 52.0 131.0 139.0 32.0 28.0 3.0 4.0 1.0 21.0 0.0 10.0 16.0 25.0 3.0 1.0 0.0 1.0 0.0 7.0 5.0 2.0 9.0 7.0 181.0 81.0 46.0 0.0 0.0 0.0 0.0 0.0 0.0 0.0 0.0 0.0 0.0 0.0 0.0 0.0 0.0 0.0 0.0 0.0 0.0 0.0 0.0 0.0 0.0 0.0 0.0 0.0 0.0 0.0 0.0 0.0 0.0 0.0 0.0 0.0 0.0 0.0 0.0 0.0 
0.0 0.0 0.0 0.0 0.0 0.0 0.0 0.0 0.0 0.0 0.0 0.0 0.0 0.0 0.0 0.0 0.0 0.0 0.0 0.0 0.0 0.0 0.0 0.0 0.0 0.0 0.0 0.0 0.0 0.0 0.0 0.0 0.0 0.0 0.0 0.0 0.0 0.0 0.0 0.0 22.0 65.0 70.0 81.0 158.0 35.0 205.0 10.0 43.0 76.0 165.0 118.0 152.0 159.0 140.0 75.0 47.0 29.0 43.0 41.0 0.0 0.0 0.0 0.0 0.0 0.0 0.0 0.0 0.0 0.0 0.0 0.0 0.0 0.0 0.0 0.0 0.0 0.0 0.0 0.0 0.0 0.0 0.0 0.0 0.0 0.0 0.0 0.0 0.0 0.0 0.0 0.0 0.0 0.0 0.0 0.0 0.0 0.0 0.0 0.0 
0.0 0.0 0.0 0.0 0.0 0.0 0.0 0.0 0.0 0.0 0.0 0.0 0.0 0.0 0.0 0.0 0.0 0.0 0.0 0.0 0.0 0.0 0.0 0.0 0.0 0.0 0.0 0.0 0.0 0.0 0.0 0.0 0.0 0.0 0.0 0.0 0.0 0.0 0.0 0.0 0.0 0.0 0.0 0.0 0.0 19.0 0.0 21.0 27.0 17.0 0.0 0.0 0.0 0.0 0.0 0.0 0.0 0.0 0.0 0.0 0.0 0.0 0.0 0.0 0.0 0.0 0.0 0.0 0.0 0.0 0.0 0.0 0.0 0.0 0.0 0.0 0.0 0.0 0.0 0.0 0.0 0.0 0.0 0.0 0.0 0.0 0.0 0.0 0.0 0.0 0.0 0.0 0.0 0.0 0.0 0.0 0.0 0.0 0.0 0.0 
0.0 0.0 0.0 0.0 0.0 0.0 0.0 0.0 0.0 0.0 0.0 0.0 0.0 0.0 0.0 0.0 0.0 0.0 0.0 0.0 0.0 0.0 0.0 0.0 0.0 0.0 0.0 0.0 0.0 0.0 0.0 0.0 0.0 0.0 0.0 0.0 0.0 0.0 0.0 0.0 0.0 0.0 0.0 0.0 0.0 0.0 0.0 0.0 0.0 0.0 0.0 0.0 0.0 0.0 0.0 0.0 0.0 0.0 0.0 0.0 0.0 0.0 0.0 0.0 0.0 0.0 0.0 0.0 0.0 0.0 0.0 0.0 0.0 0.0 0.0 0.0 0.0 0.0 0.0 0.0 0.0 0.0 0.0 0.0 0.0 0.0 0.0 0.0 0.0 0.0 0.0 0.0 0.0 0.0 0.0 0.0 0.0 0.0 0.0 0.0 
0.0 0.0 0.0 0.0 0.0 0.0 0.0 0.0 0.0 0.0 0.0 0.0 0.0 0.0 0.0 0.0 0.0 0.0 0.0 0.0 0.0 0.0 0.0 0.0 0.0 0.0 0.0 0.0 0.0 0.0 0.0 0.0 0.0 0.0 0.0 0.0 0.0 0.0 0.0 0.0 0.0 0.0 0.0 0.0 0.0 0.0 0.0 0.0 0.0 0.0 0.0 0.0 0.0 0.0 0.0 0.0 0.0 0.0 0.0 0.0 0.0 0.0 0.0 0.0 0.0 0.0 0.0 0.0 0.0 0.0 0.0 0.0 0.0 0.0 0.0 0.0 0.0 0.0 0.0 0.0 0.0 0.0 0.0 0.0 0.0 0.0 0.0 0.0 0.0 0.0 0.0 0.0 0.0 0.0 0.0 0.0 0.0 0.0 0.0 0.0 
