0.0 0.0 0.0 0.0 0.0 0.0 0.0 0.0 0.0 0.0 0.0 0.0 0.0 0.0 0.0 0.0 0.0 0.0 0.0 0.0 0.0 0.0 0.0 0.0 0.0 0.0 0.0 0.0 0.0 0.0 0.0 0.0 0.0 0.0 0.0 0.0 0.0 0.0 0.0 0.0 0.0 0.0 0.0 0.0 0.0 0.0 0.0 0.0 0.0 0.0 0.0 0.0 0.0 0.0 0.0 0.0 0.0 0.0 0.0 0.0 0.0 0.0 0.0 0.0 0.0 0.0 0.0 0.0 0.0 0.0 0.0 0.0 0.0 0.0 0.0 0.0 0.0 0.0 0.0 0.0 0.0 0.0 0.0 0.0 0.0 0.0 0.0 0.0 0.0 0.0 0.0 0.0 0.0 0.0 0.0 0.0 0.0 0.0 0.0 0.0 
0.0 0.0 0.0 0.0 0.0 0.0 0.0 0.0 0.0 0.0 0.0 0.0 0.0 0.0 0.0 0.0 0.0 0.0 0.0 0.0 0.0 0.0 0.0 0.0 0.0 0.0 0.0 0.0 0.0 0.0 0.0 0.0 0.0 0.0 0.0 0.0 0.0 0.0 0.0 0.0 0.0 0.0 0.0 0.0 0.0 0.0 27.0 22.0 21.0 0.0 23.0 16.0 0.0 0.0 0.0 0.0 0.0 0.0 0.0 0.0 0.0 0.0 0.0 0.0 0.0 0.0 0.0 0.0 0.0 0.0 0.0 0.0 0.0 0.0 0.0 0.0 0.0 0.0 0.0 0.0 0.0 0.0 0.0 0.0 0.0 0.0 0.0 0.0 0.0 0.0 0.0 0.0 0.0 0.0 0.0 0.0 0.0 0.0 0.0 0.0 
0.0 0.0 0.0 0.0 0.0 0.0 0.0 0.0 0.0 0.0 0.0 0.0 0.0 0.0 0.0 0.0 0.0 0.0 0.0 0.0 0.0 0.0 0.0 0.0 0.0 0.0 0.0 0.0 0.0 0.0 0.0 0.0 0.0 0.0 0.0 0.0 0.0 0.0 0.0 0.0 0.0 14.0 14.0 52.0 56.0 154.0 48.0 67.0 72.0 231.0 55.0 92.0 138.0 91.0 84.0 45.0 26.0 23.0 27.0 12.0 0.0 0.0 0.0 0.0 0.0 0.0 0.0 0.0 0.0 0.0 0.0 0.0 0.0 0.0 0.0 0.0 0.0 0.0 0.0 0.0 0.0 0.0 0.0 0.0 0.0 0.0 0.0 0.0 0.0 0.0 0.0 0.0 0.0 0.0 0.0 0.0 0.0 0.0 0.0 0.0 
0.0 0.0 0.0 0.0 0.0 0.0 0.0 0.0 0.0 0.0 0.0 0.0 0.0 0.0 0.0 0.0 0.0 0.0 0.0 0.0 0.0 0.0 0.0 0.0 0.0 0.0 0.0 0.0 0.0 0.0 0.0 0.0 0.0 0.0 0.0 0.0 0.0 22.0 52.0 58.0 96.0 118.0 35.0 26.0 4.0 5.0 24.0 18.0 23.0 0.0 27.0 17.0 0.0 2.0 3.0 7.0 11.0 23.0 28.0 111.0 67.0 77.0 88.0 32.0 0.0 0.0 0.0 0.0 0.0 0.0 0.0 0.0 0.0 0.0 0.0 0.0 0.0 0.0 0.0 0.0 0.0 0.0 0.0 0.0 0.0 0.0 0.0 0.0 0.0 0.0 0.0 0.0 0.0 0.0 0.0 0.0 0.0 0.0 0.0 0.0 
0.0 0.0 0.0 0.0 0.0 0.0 0.0 0.0 0.0 0.0 0.0 0.0 0.0 0.0 0.0 0.0 0.0 0.0 0.0 0.0 0.0 0.0 0.0 0.0 0.0 0.0 0.0 0.0 0.0 0.0 0.0 0.0 0.0 0.0 0.0 46.0 145.0 22.0 27.0 2.0 1.0 12.0 20.0 8.0 3.0 1.0 0.0 1.0 3.0 1.0 1.0 0.0 3.0 2.0 2.0 8.0 10.0 7.0 6.0 13.0 5.0 1.0 3.0 7.0 142.0 54.0 20.0 0.0 0.0 0.0 0.0 0.0 0.0 0.0 0.0 0.0 0.0 0.0 0.0 0.0 0.0 0.0 0.0 0.0 0.0 0.0 0.0 0.0 0.0 0.0 0.0 0.0 0.0 0.0 0.0 0.0 0.0 0.0 0.0 0.0 
0.0 0.0 0.0 0.0 0.0 0.0 0.0 0.0 0.0 0.0 0.0 0.0 0.0 0.0 0.0 0.0 0.0 0.0 0.0 0.0 0.0 0.0 0.0 0.0 0.0 0.0 0.0 0.0 0.0 0.0 0.0 0.0 0.0 28.0 161.0 0.0 0.0 17.0 1.0 0.0 2.0 1.0 0.0 4.0 4.0 2.0 2.0 0.0 0.0 0.0 0.0 0.0 0.0 2.0 1.0 1.0 1.0 3.0 0.0 1.0 0.0 3.0 4.0 1.0 0.0 21.0 84.0 127.0 29.0 0.0 0.0 0.0 0.0 0.0 0.0 0.0 0.0 0.0 0.0 0.0 0.0 0.0 0.0 0.0 0.0 0.0 0.0 0.0 0.0 0.0 0.0 0.0 0.0 0.0 0.0 0.0 0.0 0.0 0.0 0.0 
0.0 0.0 0.0 0.0 0.0 0.0 0.0 0.0 0.0 0.0 0.0 0.0 0.0 0.0 0.0 0.0 0.0 0.0 0.0 0.0 0.0 0.0 0.0 0.0 0.0 0.0 0.0 0.0 0.0 0.0 0.0 31.0 178.0 0.0 4.0 2.0 1.0 0.0 6.0 1.0 5.0 4.0 1.0 3.0 1.0 1.0 4.0 3.0 2.0 2.0 0.0 1.0 2.0 5.0 5.0 0.0 0.0 0.0 7.0 1.0 0.0 1.0 1.0 0.0 0.0 2.0 19.0 4.0 6.0 167.0 22.0 0.0 0.0 0.0 0.0 0.0 0.0 0.0 0.0 0.0 0.0 0.0 0.0 0.0 0.0 0.0 0.0 0.0 0.0 0.0 0.0 0.0 0.0 0.0 0.0 0.0 0.0 0.0 0.0 0.0 
0.0 0.0 0.0 0.0 0.0 0.0 0.0 0.0 0.0 0.0 0.0 0.0 0.0 0.0 0.0 0.0 0.0 0.0 0.0 0.0 0.0 0.0 0.0 0.0 0.0 0.0 0.0 0.0 0.0 106.0 169.0 11.0 8.0 7.0 6.0 3.0 0.0 3.0 6.0 0.0 0.0 1.0 2.0 3.0 0.0 1.0 7.0 1.0 2.0 0.0 2.0 0.0 2.0 1.0 0.0 7.0 0.0 7.0 4.0 4.0 0.0 0.0 1.0 1.0 1.0 4.0 2.0 2.0 3.0 20.0 32.0 86.0 0.0 0.0 0.0 0.0 0.0 0.0 0.0 0.0 0.0 0.0 0.0 0.0 0.0 0.0 0.0 0.0 0.0 0.0 0.0 0.0 0.0 0.0 0.0 0.0 0.0 0.0 0.0 0.0 
0.0 0.0 0.0 0.0 0.0 0.0 0.0 0.0 0.0 0.0 0.0 0.0 0.0 0.0 0.0 0.0 0.0 0.0 0.0 0.0 0.0 0.0 0.0 0.0 0.0 0.0 0.0 36.0 164.0 1.0 4.0 10.0 3.0 0.0 0.0 0.0 1.0 6.0 2.0 0.0 0.0 3.0 4.0 3.0 1.0 2.0 3.0 1.0 0.0 0.0 1.0 0.0 0.0 3.0 2.0 2.0 1.0 0.0 6.0 3.0 1.0 4.0 3.0 0.0 0.0 0.0 7.0 1.0 0.0 1.0 30.0 4.0 134.0 26.0 0.0 0.0 0.0 0.0 0.0 0.0 0.0 0.0 0.0 0.0 0.0 0.0 0.0 0.0 0.0 0.0 0.0 0.0 0.0 0.0 0.0 0.0 0.0 0.0 0.0 0.0 
0.0 0.0 0.0 0.0 0.0 0.0 0.0 0.0 0.0 0.0 0.0 0.0 0.0 0.0 0.0 0.0 0.0 0.0 0.0 0.0 0.0 0.0 0.0 0.0 0.0 0.0 99.0 17.0 14.0 0.0 6.0 0.0 3.0 1.0 0.0 4.0 2.0 0.0 0.0 6.0 1.0 1.0 0.0 5.0 1.0 5.0 7.0 4.0 2.0 0.0 0.0 1.0 0.0 1.0 0.0 2.0 4.0 2.0 2.0 0.0 7.0 1.0 8.0 0.0 0.0 0.0 1.0 1.0 0.0 11.0 0.0 2.0 23.0 25.0 88.0 0.0 0.0 0.0 0.0 0.0 0.0 0.0 0.0 0.0 0.0 0.0 0.0 0.0 0.0 0.0 0.0 0.0 0.0 0.0 0.0 0.0 0.0 0.0 0.0 0.0 
0.0 0.0 0.0 0.0 0.0 0.0 0.0 0.0 0.0 0.0 0.0 0.0 0.0 0.0 0.0 0.0 0.0 0.0 0.0 0.0 0.0 0.0 0.0 0.0 33.0 171.0 0.0 13.0 1.0 1.0 2.0 4.0 0.0 1.0 3.0 0.0 2.0 11.0 1.0 3.0 6.0 9.0 2.0 3.0 4.0 2.0 2.0 1.0 5.0 0.0 4.0 0.0 1.0 0.0 4.0 8.0 1.0 4.0 0.0 0.0 1.0 1.0 2.0 1.0 0.0 0.0 1.0 0.0 0.0 3.0 3.0 0.0 0.0 30.0 2.0 141.0 0.0 0.0 0.0 0.0 0.0 0.0 0.0 0.0 0.0 0.0 0.0 0.0 0.0 0.0 0.0 0.0 0.0 0.0 0.0 0.0 0.0 0.0 0.0 0.0 
0.0 0.0 0.0 0.0 0.0 0.0 0.0 0.0 0.0 0.0 0.0 0.0 0.0 0.0 0.0 0.0 0.0 0.0 0.0 0.0 0.0 0.0 0.0 74.0 10.0 11.0 9.0 2.0 3.0 1.0 0.0 2.0 1.0 0.0 2.0 0.0 0.0 9.0 2.0 1.0 1.0 2.0 1.0 0.0 0.0 0.0 4.0 8.0 0.0 3.0 1.0 0.0 0.0 2.0 0.0 0.0 9.0 0.0 0.0 9.0 4.0 1.0 7.0 4.0 0.0 0.0 0.0 4.0 0.0 0.0 0.0 0.0 5.0 3.0 6.0 5.0 159.0 12.0 0.0 0.0 0.0 0.0 0.0 0.0 0.0 0.0 0.0 0.0 0.0 0.0 0.0 0.0 0.0 0.0 0.0 0.0 0.0 0.0 0.0 0.0 
0.0 0.0 0.0 0.0 0.0 0.0 0.0 0.0 0.0 0.0 0.0 0.0 0.0 0.0 0.0 0.0 0.0 0.0 0.0 0.0 0.0 0.0 107.0 2.0 14.0 1.0 5.0 0.0 2.0 0.0 1.0 2.0 0.0 4.0 4.0 4.0 7.0 0.0 0.0 4.0 1.0 1.0 2.0 2.0 6.0 3.0 8.0 0.0 0.0 1.0 1.0 2.0 16.0 0.0 5.0 5.0 0.0 0.0 0.0 6.0 2.0 0.0 4.0 4.0 0.0 0.0 0.0 6.0 0.0 0.0 6.0 1.0 1.0 0.0 1.0 0.0 15.0 125.0 39.0 0.0 0.0 0.0 0.0 0.0 0.0 0.0 0.0 0.0 0.0 0.0 0.0 0.0 0.0 0.0 0.0 0.0 0.0 0.0 0.0 0.0 
0.0 0.0 0.0 0.0 0.0 0.0 0.0 0.0 0.0 0.0 0.0 0.0 0.0 0.0 0.0 0.0 0.0 0.0 0.0 0.0 0.0 124.0 0.0 1.0 2.0 1.0 0.0 0.0 1.0 0.0 0.0 10.0 2.0 0.0 0.0 2.0 7.0 2.0 0.0 11.0 0.0 1.0 4.0 0.0 5.0 5.0 7.0 0.0 2.0 2.0 1.0 0.0 2.0 3.0 4.0 3.0 0.0 3.0 3.0 1.0 0.0 2.0 4.0 2.0 1.0 2.0 3.0 3.0 3.0 4.0 1.0 1.0 0.0 2.0 1.0 4.0 1.0 26.0 17.0 60.0 0.0 0.0 0.0 0.0 0.0 0.0 0.0 0.0 0.0 0.0 0.0 0.0 0.0 0.0 0.0 0.0 0.0 0.0 0.0 0.0 
0.0 0.0 0.0 0.0 0.0 0.0 0.0 0.0 0.0 0.0 0.0 0.0 0.0 0.0 0.0 0.0 0.0 0.0 0.0 0.0 152.0 5.0 4.0 0.0 3.0 1.0 2.0 3.0 0.0 2.0 0.0 0.0 0.0 5.0 0.0 2.0 0.0 4.0 3.0 5.0 4.0 0.0 2.0 1.0 4.0 0.0 0.0 1.0 0.0 1.0 2.0 1.0 2.0 0.0 3.0 2.0 4.0 0.0 7.0 0.0 2.0 5.0 4.0 7.0 1.0 0.0 0.0 1.0 1.0 5.0 0.0 0.0 1.0 1.0 5.0 10.0 3.0 2.0 29.0 18.0 87.0 0.0 0.0 0.0 0.0 0.0 0.0 0.0 0.0 0.0 0.0 0.0 0.0 0.0 0.0 0.0 0.0 0.0 0.0 0.0 
0.0 0.0 0.0 0.0 0.0 0.0 0.0 0.0 0.0 0.0 0.0 0.0 0.0 0.0 0.0 0.0 0.0 0.0 0.0 196.0 0.0 3.0 2.0 1.0 3.0 3.0 2.0 1.0 2.0 2.0 4.0 6.0 1.0 0.0 0.0 7.0 0.0 2.0 2.0 0.0 0.0 0.0 2.0 0.0 3.0 2.0 2.0 2.0 0.0 3.0 0.0 2.0 0.0 1.0 0.0 0.0 0.0 0.0 0.0 1.0 3.0 0.0 4.0 2.0 2.0 6.0 1.0 1.0 0.0 1.0 4.0 1.0 1.0 5.0 6.0 1.0 2.0 1.0 3.0 12.0 0.0 121.0 0.0 0.0 0.0 0.0 0.0 0.0 0.0 0.0 0.0 0.0 0.0 0.0 0.0 0.0 0.0 0.0 0.0 0.0 
0.0 0.0 0.0 0.0 0.0 0.0 0.0 0.0 0.0 0.0 0.0 0.0 0.0 0.0 0.0 0.0 0.0 25.0 148.0 1.0 1.0 1.0 4.0 1.0 4.0 3.0 3.0 0.0 2.0 6.0 1.0 5.0 2.0 1.0 0.0 4.0 0.0 0.0 0.0 2.0 2.0 4.0 2.0 0.0 5.0 2.0 1.0 0.0 0.0 1.0 7.0 4.0 2.0 2.0 0.0 4.0 2.0 4.0 0.0 0.0 0.0 2.0 3.0 0.0 1.0 1.0 6.0 1.0 1.0 0.0 3.0 2.0 0.0 0.0 4.0 0.0 5.0 3.0 2.0 0.0 9.0 0.0 112.0 0.0 0.0 0.0 0.0 0.0 0.0 0.0 0.0 0.0 0.0 0.0 0.0 0.0 0.0 0.0 0.0 0.0 
0.0 0.0 0.0 0.0 0.0 0.0 0.0 0.0 0.0 0.0 0.0 0.0 0.0 0.0 0.0 0.0 39.0 9.0 8.0 0.0 2.0 0.0 0.0 2.0 7.0 0.0 0.0 3.0 4.0 3.0 4.0 2.0 1.0 1.0 1.0 1.0 0.0 5.0 2.0 0.0 5.0 0.0 0.0 3.0 4.0 2.0 0.0 0.0 0.0 2.0 3.0 5.0 0.0 3.0 4.0 0.0 0.0 3.0 3.0 5.0 0.0 4.0 2.0 2.0 0.0 6.0 0.0 12.0 1.0 2.0 0.0 7.0 1.0 7.0 0.0 2.0 1.0 5.0 0.0 1.0 1.0 3.0 5.0 98.0 0.0 0.0 0.0 0.0 0.0 0.0 0.0 0.0 0.0 0.0 0.0 0.0 0.0 0.0 0.0 0.0 
0.0 0.0 0.0 0.0 0.0 0.0 0.0 0.0 0.0 0.0 0.0 0.0 0.0 0.0 0.0 36.0 104.0 25.0 0.0 2.0 0.0 2.0 2.0 3.0 0.0 3.0 1.0 0.0 0.0 2.0 3.0 0.0 2.0 1.0 14.0 0.0 4.0 8.0 7.0 1.0 0.0 4.0 0.0 0.0 0.0 0.0 0.0 4.0 1.0 0.0 4.0 4.0 4.0 4.0 0.0 5.0 0.0 0.0 2.0 0.0 2.0 0.0 0.0 6.0 7.0 1.0 2.0 0.0 5.0 2.0 1.0 4.0 0.0 0.0 4.0 6.0 3.0 0.0 5.0 2.0 1.0 0.0 4.0 1.0 93.0 0.0 0.0 0.0 0.0 0.0 0.0 0.0 0.0 0.0 0.0 0.0 0.0 0.0 0.0 0.0 
0.0 0.0 0.0 0.0 0.0 0.0 0.0 0.0 0.0 0.0 0.0 0.0 0.0 0.0 48.0 11.0 23.0 1.0 2.0 0.0 3.0 6.0 4.0 0.0 0.0 4.0 3.0 1.0 0.0 4.0 1.0 2.0 5.0 2.0 0.0 1.0 14.0 0.0 0.0 2.0 9.0 0.0 5.0 1.0 1.0 1.0 4.0 3.0 0.0 3.0 5.0 1.0 1.0 0.0 2.0 2.0 9.0 0.0 5.0 0.0 6.0 0.0 0.0 0.0 0.0 0.0 0.0 1.0 2.0 4.0 2.0 1.0 2.0 1.0 2.0 1.0 1.0 3.0 1.0 2.0 2.0 3.0 0.0 2.0 3.0 106.0 0.0 0.0 0.0 0.0 0.0 0.0 0.0 0.0 0.0 0.0 0.0 0.0 0.0 0.0 
0.0 0.0 0.0 0.0 0.0 0.0 0.0 0.0 0.0 0.0 0.0 0.0 0.0 53.0 15.0 24.0 5.0 5.0 0.0 3.0 0.0 0.0 0.0 0.0 0.0 3.0 0.0 0.0 1.0 1.0 1.0 0.0 4.0 1.0 0.0 1.0 0.0 9.0 9.0 0.0 2.0 2.0 3.0 4.0 4.0 0.0 0.0 2.0 3.0 4.0 0.0 3.0 3.0 0.0 4.0 0.0 1.0 2.0 0.0 2.0 5.0 0.0 0.0 0.0 4.0 6.0 2.0 0.0 0.0 0.0 0.0 0.0 1.0 3.0 3.0 2.0 0.0 0.0 0.0 0.0 0.0 2.0 3.0 2.0 1.0 3.0 72.0 0.0 0.0 0.0 0.0 0.0 0.0 0.0 0.0 0.0 0.0 0.0 0.0 0.0 
0.0 0.0 0.0 0.0 0.0 0.0 0.0 0.0 0.0 0.0 0.0 0.0 75.0 11.0 27.0 0.0 0.0 1.0 2.0 4.0 0.0 0.0 2.0 4.0 0.0 2.0 1.0 1.0 0.0 3.0 6.0 2.0 0.0 1.0 5.0 2.0 9.0 0.0 0.0 0.0 0.0 2.0 1.0 1.0 4.0 0.0 0.0 2.0 2.0 0.0 5.0 0.0 2.0 6.0 2.0 5.0 5.0 6.0 1.0 2.0 0.0 1.0 3.0 2.0 3.0 6.0 0.0 4.0 2.0 1.0 2.0 6.0 1.0 1.0 5.0 0.0 2.0 2.0 2.0 0.0 2.0 3.0 1.0 3.0 1.0 31.0 45.0 24.0 0.0 0.0 0.0 0.0 0.0 0.0 0.0 0.0 0.0 0.0 0.0 0.0 
0.0 0.0 0.0 0.0 0.0 0.0 0.0 0.0 0.0 0.0 0.0 46.0 8.0 17.0 4.0 6.0 3.0 5.0 2.0 1.0 0.0 4.0 1.0 1.0 2.0 2.0 1.0 3.0 0.0 0.0 6.0 0.0 1.0 7.0 0.0 2.0 6.0 0.0 8.0 4.0 0.0 2.0 0.0 2.0 0.0 5.0 3.0 4.0 1.0 0.0 1.0 5.0 2.0 0.0 0.0 0.0 7.0 5.0 4.0 2.0 0.0 7.0 1.0 2.0 1.0 5.0 3.0 5.0 2.0 0.0 8.0 4.0 1.0 2.0 1.0 6.0 1.0 3.0 4.0 2.0 1.0 8.0 0.0 3.0 0.0 6.0 26.0 156.0 0.0 0.0 0.0 0.0 0.0 0.0 0.0 0.0 0.0 0.0 0.0 0.0 
0.0 0.0 0.0 0.0 0.0 0.0 0.0 0.0 0.0 0.0 13.0 145.0 21.0 5.0 2.0 0.0 0.0 2.0 5.0 4.0 3.0 1.0 1.0 9.0 0.0 4.0 6.0 0.0 0.0 2.0 4.0 1.0 1.0 2.0 0.0 5.0 0.0 0.0 0.0 2.0 0.0 0.0 8.0 0.0 4.0 0.0 0.0 0.0 2.0 5.0 3.0 0.0 0.0 0.0 0.0 0.0 7.0 1.0 0.0 3.0 0.0 2.0 0.0 1.0 12.0 2.0 7.0 0.0 4.0 0.0 6.0 0.0 0.0 3.0 2.0 8.0 0.0 0.0 0.0 2.0 1.0 3.0 3.0 1.0 2.0 1.0 3.0 0.0 159.0 0.0 0.0 0.0 0.0 0.0 0.0 0.0 0.0 0.0 0.0 0.0 
0.0 0.0 0.0 0.0 0.0 0.0 0.0 0.0 0.0 0.0 150.0 9.0 0.0 3.0 2.0 0.0 0.0 1.0 4.0 1.0 0.0 2.0 0.0 2.0 8.0 4.0 2.0 1.0 2.0 6.0 1.0 0.0 1.0 0.0 0.0 2.0 0.0 0.0 1.0 1.0 7.0 5.0 3.0 2.0 4.0 3.0 0.0 1.0 1.0 3.0 0.0 0.0 0.0 0.0 0.0 0.0 0.0 0.0 5.0 0.0 4.0 1.0 4.0 5.0 3.0 1.0 1.0 0.0 3.0 2.0 4.0 2.0 1.0 2.0 3.0 0.0 5.0 0.0 0.0 2.0 5.0 4.0 6.0 6.0 7.0 1.0 7.0 2.0 2.0 82.0 0.0 0.0 0.0 0.0 0.0 0.0 0.0 0.0 0.0 0.0 
0.0 0.0 0.0 0.0 0.0 0.0 0.0 0.0 0.0 76.0 0.0 1.0 4.0 2.0 3.0 1.0 3.0 0.0 0.0 8.0 3.0 15.0 0.0 2.0 0.0 1.0 2.0 3.0 0.0 9.0 1.0 0.0 2.0 0.0 0.0 0.0 2.0 4.0 11.0 3.0 1.0 5.0 4.0 5.0 0.0 0.0 0.0 0.0 8.0 0.0 0.0 0.0 1.0 0.0 0.0 1.0 7.0 2.0 3.0 0.0 3.0 2.0 9.0 0.0 3.0 4.0 6.0 2.0 0.0 1.0 1.0 2.0 2.0 0.0 6.0 9.0 4.0 7.0 6.0 0.0 5.0 2.0 2.0 10.0 3.0 0.0 1.0 0.0 23.0 25.0 32.0 0.0 0.0 0.0 0.0 0.0 0.0 0.0 0.0 0.0 
0.0 0.0 0.0 0.0 0.0 0.0 0.0 0.0 44.0 11.0 9.0 0.0 7.0 1.0 1.0 1.0 0.0 3.0 5.0 0.0 0.0 7.0 3.0 0.0 3.0 0.0 1.0 1.0 5.0 8.0 1.0 0.0 3.0 2.0 8.0 0.0 0.0 1.0 2.0 1.0 0.0 4.0 0.0 0.0 0.0 1.0 4.0 0.0 1.0 7.0 1.0 1.0 1.0 1.0 0.0 3.0 1.0 0.0 1.0 0.0 0.0 0.0 1.0 5.0 1.0 0.0 4.0 0.0 2.0 3.0 0.0 0.0 0.0 0.0 7.0 2.0 0.0 2.0 1.0 7.0 1.0 2.0 4.0 4.0 1.0 2.0 4.0 4.0 0.0 17.0 136.0 0.0 0.0 0.0 0.0 0.0 0.0 0.0 0.0 0.0 
0.0 0.0 0.0 0.0 0.0 0.0 0.0 28.0 89.0 14.0 4.0 2.0 0.0 5.0 1.0 0.0 0.0 1.0 0.0 4.0 2.0 6.0 2.0 2.0 0.0 4.0 3.0 3.0 0.0 0.0 1.0 3.0 2.0 0.0 2.0 0.0 1.0 5.0 1.0 1.0 0.0 2.0 5.0 0.0 2.0 4.0 0.0 0.0 0.0 5.0 0.0 4.0 3.0 0.0 4.0 0.0 0.0 3.0 0.0 1.0 0.0 2.0 0.0 0.0 0.0 7.0 2.0 1.0 1.0 2.0 4.0 0.0 0.0 2.0 1.0 1.0 4.0 2.0 1.0 0.0 1.0 1.0 3.0 6.0 6.0 0.0 2.0 0.0 0.0 35.0 44.0 19.0 0.0 0.0 0.0 0.0 0.0 0.0 0.0 0.0 
0.0 0.0 0.0 0.0 0.0 0.0 0.0 171.0 27.0 4.0 0.0 4.0 1.0 1.0 0.0 3.0 4.0 0.0 0.0 0.0 1.0 3.0 6.0 0.0 0.0 3.0 1.0 1.0 0.0 2.0 1.0 1.0 0.0 9.0 2.0 7.0 0.0 2.0 0.0 4.0 4.0 2.0 0.0 6.0 1.0 3.0 5.0 0.0 0.0 0.0 3.0 3.0 0.0 10.0 3.0 2.0 2.0 1.0 0.0 1.0 0.0 0.0 5.0 0.0 1.0 4.0 0.0 0.0 4.0 0.0 0.0 0.0 0.0 2.0 1.0 0.0 0.0 6.0 0.0 3.0 0.0 7.0 0.0 4.0 3.0 0.0 1.0 5.0 2.0 0.0 25.0 163.0 0.0 0.0 0.0 0.0 0.0 0.0 0.0 0.0 
0.0 0.0 0.0 0.0 0.0 0.0 100.0 1.0 2.0 1.0 3.0 0.0 0.0 1.0 3.0 0.0 1.0 0.0 7.0 2.0 0.0 0.0 0.0 1.0 0.0 0.0 7.0 2.0 1.0 0.0 2.0 0.0 3.0 2.0 0.0 6.0 0.0 0.0 4.0 2.0 0.0 0.0 1.0 4.0 6.0 8.0 0.0 1.0 0.0 1.0 0.0 10.0 0.0 2.0 6.0 0.0 5.0 2.0 4.0 1.0 2.0 4.0 5.0 3.0 1.0 3.0 0.0 2.0 5.0 1.0 0.0 0.0 1.0 0.0 1.0 3.0 1.0 5.0 2.0 1.0 6.0 0.0 6.0 0.0 0.0 9.0 1.0 3.0 2.0 4.0 9.0 4.0 69.0 0.0 0.0 0.0 0.0 0.0 0.0 0.0 
0.0 0.0 0.0 0.0 0.0 32.0 8.0 6.0 1.0 1.0 1.0 1.0 3.0 0.0 3.0 3.0 2.0 0.0 1.0 1.0 4.0 1.0 0.0 0.0 0.0 1.0 1.0 2.0 0.0 7.0 0.0 5.0 2.0 2.0 2.0 0.0 4.0 0.0 2.0 0.0 3.0 3.0 8.0 4.0 2.0 0.0 0.0 0.0 4.0 3.0 3.0 1.0 6.0 4.0 2.0 6.0 1.0 0.0 2.0 0.0 4.0 1.0 4.0 5.0 3.0 1.0 4.0 0.0 1.0 2.0 1.0 2.0 0.0 2.0 1.0 0.0 0.0 3.0 7.0 2.0 0.0 2.0 0.0 1.0 0.0 1.0 3.0 0.0 2.0 0.0 6.0 19.0 40.0 21.0 0.0 0.0 0.0 0.0 0.0 0.0 
0.0 0.0 0.0 0.0 0.0 148.0 4.0 1.0 0.0 0.0 1.0 0.0 1.0 3.0 3.0 1.0 4.0 1.0 1.0 1.0 3.0 8.0 3.0 1.0 0.0 1.0 2.0 5.0 2.0 3.0 0.0 0.0 4.0 4.0 5.0 4.0 0.0 0.0 2.0 1.0 1.0 0.0 6.0 5.0 11.0 0.0 1.0 0.0 0.0 3.0 1.0 8.0 2.0 2.0 3.0 3.0 0.0 6.0 7.0 2.0 7.0 1.0 2.0 0.0 0.0 2.0 1.0 2.0 2.0 1.0 1.0 0.0 7.0 0.0 2.0 4.0 0.0 2.0 1.0 5.0 0.0 2.0 0.0 0.0 0.0 2.0 2.0 1.0 3.0 0.0 0.0 2.0 27.0 99.0 0.0 0.0 0.0 0.0 0.0 0.0 
0.0 0.0 0.0 0.0 37.0 3.0 0.0 1.0 0.0 6.0 4.0 1.0 0.0 0.0 1.0 6.0 0.0 5.0 2.0 0.0 0.0 3.0 9.0 1.0 0.0 1.0 0.0 5.0 0.0 1.0 4.0 2.0 3.0 0.0 0.0 4.0 7.0 0.0 0.0 0.0 2.0 1.0 13.0 0.0 0.0 0.0 0.0 0.0 2.0 2.0 3.0 0.0 12.0 2.0 6.0 1.0 1.0 8.0 2.0 2.0 0.0 1.0 0.0 0.0 0.0 1.0 4.0 0.0 0.0 0.0 0.0 0.0 0.0 0.0 1.0 2.0 0.0 1.0 1.0 1.0 3.0 1.0 2.0 0.0 0.0 1.0 1.0 0.0 2.0 1.0 2.0 1.0 25.0 47.0 16.0 0.0 0.0 0.0 0.0 0.0 
0.0 0.0 0.0 0.0 193.0 5.0 4.0 3.0 0.0 3.0 6.0 2.0 3.0 1.0 2.0 9.0 4.0 3.0 3.0 1.0 2.0 1.0 1.0 5.0 4.0 4.0 8.0 5.0 0.0 1.0 3.0 2.0 1.0 2.0 1.0 1.0 2.0 0.0 3.0 4.0 1.0 3.0 0.0 3.0 4.0 1.0 6.0 6.0 0.0 2.0 1.0 10.0 3.0 1.0 1.0 3.0 2.0 1.0 0.0 2.0 0.0 2.0 2.0 0.0 2.0 0.0 8.0 0.0 2.0 2.0 10.0 2.0 0.0 4.0 0.0 0.0 0.0 2.0 4.0 5.0 1.0 1.0 1.0 2.0 0.0 0.0 4.0 1.0 2.0 6.0 1.0 2.0 6.0 31.0 50.0 0.0 0.0 0.0 0.0 0.0 
0.0 0.0 0.0 32.0 7.0 9.0 2.0 5.0 9.0 1.0 2.0 2.0 3.0 4.0 2.0 0.0 1.0 3.0 4.0 1.0 1.0 1.0 6.0 0.0 2.0 1.0 0.0 1.0 3.0 2.0 0.0 0.0 2.0 1.0 4.0 0.0 1.0 1.0 2.0 5.0 1.0 4.0 0.0 3.0 2.0 2.0 3.0 3.0 0.0 2.0 0.0 5.0 0.0 1.0 2.0 0.0 0.0 5.0 0.0 9.0 6.0 2.0 5.0 1.0 2.0 1.0 3.0 5.0 1.0 0.0 2.0 1.0 0.0 1.0 1.0 0.0 0.0 0.0 0.0 4.0 2.0 5.0 5.0 4.0 0.0 1.0 1.0 2.0 0.0 2.0 2.0 1.0 7.0 13.0 126.0 6.0 0.0 0.0 0.0 0.0 
0.0 0.0 0.0 181.0 2.0 4.0 0.0 6.0 0.0 5.0 1.0 1.0 1.0 2.0 0.0 2.0 3.0 2.0 2.0 7.0 0.0 2.0 0.0 0.0 2.0 2.0 4.0 1.0 0.0 0.0 1.0 5.0 0.0 5.0 4.0 1.0 0.0 0.0 4.0 1.0 0.0 0.0 0.0 2.0 0.0 4.0 0.0 1.0 6.0 3.0 4.0 0.0 1.0 1.0 1.0 4.0 1.0 2.0 1.0 1.0 2.0 0.0 0.0 0.0 1.0 5.0 1.0 0.0 3.0 1.0 2.0 0.0 0.0 0.0 1.0 4.0 0.0 12.0 8.0 0.0 4.0 0.0 2.0 0.0 0.0 9.0 1.0 0.0 6.0 0.0 0.0 2.0 3.0 1.0 15.0 37.0 0.0 0.0 0.0 0.0 
0.0 0.0 57.0 5.0 0.0 0.0 0.0 0.0 3.0 0.0 0.0 1.0 2.0 2.0 4.0 8.0 0.0 5.0 4.0 0.0 1.0 5.0 1.0 0.0 7.0 0.0 1.0 6.0 6.0 0.0 8.0 2.0 1.0 0.0 0.0 2.0 1.0 7.0 2.0 2.0 4.0 1.0 0.0 3.0 2.0 0.0 0.0 3.0 5.0 0.0 12.0 1.0 5.0 0.0 3.0 1.0 2.0 0.0 1.0 1.0 3.0 2.0 1.0 1.0 3.0 2.0 6.0 3.0 2.0 0.0 2.0 1.0 1.0 1.0 7.0 1.0 2.0 0.0 1.0 1.0 0.0 1.0 5.0 1.0 1.0 1.0 2.0 1.0 2.0 4.0 7.0 4.0 4.0 7.0 4.0 38.0 0.0 0.0 0.0 0.0 
0.0 0.0 93.0 3.0 1.0 2.0 1.0 3.0 7.0 8.0 2.0 5.0 0.0 6.0 0.0 3.0 0.0 4.0 2.0 0.0 3.0 6.0 5.0 5.0 0.0 1.0 1.0 5.0 4.0 2.0 4.0 0.0 3.0 0.0 1.0 1.0 3.0 3.0 0.0 3.0 0.0 1.0 8.0 0.0 6.0 0.0 7.0 8.0 1.0 2.0 1.0 7.0 1.0 1.0 0.0 4.0 0.0 2.0 3.0 4.0 0.0 7.0 0.0 2.0 2.0 2.0 0.0 1.0 0.0 1.0 1.0 2.0 1.0 0.0 6.0 0.0 1.0 1.0 3.0 0.0 4.0 4.0 0.0 0.0 0.0 6.0 2.0 5.0 1.0 1.0 0.0 2.0 2.0 1.0 4.0 52.0 0.0 0.0 0.0 0.0 
0.0 0.0 158.0 3.0 0.0 0.0 0.0 3.0 3.0 0.0 4.0 5.0 0.0 7.0 0.0 1.0 0.0 2.0 2.0 2.0 0.0 1.0 1.0 1.0 1.0 0.0 0.0 9.0 0.0 0.0 8.0 2.0 4.0 1.0 1.0 0.0 3.0 2.0 0.0 2.0 3.0 1.0 8.0 0.0 3.0 1.0 4.0 1.0 3.0 8.0 3.0 3.0 1.0 0.0 0.0 4.0 4.0 4.0 1.0 0.0 4.0 7.0 0.0 1.0 0.0 2.0 2.0 0.0 11.0 1.0 0.0 3.0 1.0 0.0 0.0 3.0 0.0 2.0 3.0 2.0 0.0 6.0 3.0 0.0 1.0 0.0 2.0 0.0 2.0 0.0 0.0 4.0 0.0 4.0 1.0 149.0 0.0 0.0 0.0 0.0 
0.0 35.0 45.0 22.0 0.0 5.0 1.0 0.0 0.0 0.0 6.0 1.0 1.0 5.0 0.0 0.0 2.0 0.0 3.0 6.0 6.0 4.0 1.0 3.0 1.0 4.0 0.0 0.0 0.0 3.0 1.0 2.0 7.0 2.0 4.0 0.0 3.0 0.0 2.0 2.0 1.0 2.0 0.0 2.0 0.0 4.0 4.0 3.0 1.0 1.0 2.0 2.0 1.0 5.0 0.0 2.0 8.0 2.0 2.0 4.0 0.0 1.0 8.0 0.0 10.0 0.0 6.0 4.0 2.0 1.0 1.0 8.0 2.0 6.0 8.0 0.0 0.0 0.0 0.0 7.0 3.0 1.0 0.0 5.0 0.0 2.0 2.0 1.0 2.0 3.0 4.0 1.0 0.0 7.0 22.0 54.0 20.0 0.0 0.0 0.0 
0.0 78.0 21.0 1.0 0.0 2.0 1.0 1.0 0.0 0.0 0.0 3.0 3.0 3.0 0.0 5.0 0.0 2.0 0.0 1.0 1.0 4.0 4.0 0.0 5.0 5.0 0.0 6.0 3.0 8.0 0.0 2.0 0.0 4.0 0.0 1.0 0.0 0.0 2.0 6.0 2.0 1.0 7.0 0.0 2.0 1.0 0.0 1.0 3.0 1.0 1.0 0.0 0.0 0.0 1.0 7.0 2.0 1.0 0.0 2.0 4.0 0.0 2.0 2.0 1.0 0.0 4.0 0.0 2.0 1.0 0.0 1.0 2.0 0.0 4.0 3.0 1.0 0.0 0.0 2.0 6.0 0.0 0.0 5.0 1.0 2.0 7.0 1.0 2.0 1.0 4.0 0.0 0.0 0.0 22.0 98.0 20.0 0.0 0.0 0.0 
0.0 52.0 2.0 2.0 4.0 0.0 3.0 1.0 0.0 4.0 1.0 0.0 3.0 9.0 1.0 1.0 2.0 0.0 4.0 1.0 3.0 1.0 2.0 0.0 1.0 3.0 2.0 0.0 1.0 0.0 0.0 4.0 0.0 2.0 1.0 1.0 3.0 0.0 4.0 0.0 0.0 0.0 5.0 1.0 2.0 2.0 2.0 3.0 1.0 7.0 2.0 1.0 6.0 0.0 0.0 4.0 0.0 2.0 1.0 0.0 0.0 4.0 1.0 0.0 0.0 2.0 0.0 3.0 0.0 1.0 6.0 3.0 14.0 1.0 0.0 0.0 0.0 4.0 2.0 2.0 0.0 3.0 4.0 0.0 2.0 4.0 6.0 0.0 1.0 4.0 3.0 2.0 3.0 0.0 9.0 39.0 23.0 0.0 0.0 0.0 
0.0 60.0 1.0 3.0 2.0 0.0 1.0 0.0 1.0 5.0 10.0 0.0 1.0 1.0 0.0 1.0 2.0 5.0 0.0 0.0 0.0 4.0 0.0 0.0 3.0 0.0 6.0 2.0 1.0 1.0 5.0 3.0 2.0 1.0 1.0 0.0 8.0 1.0 5.0 3.0 0.0 6.0 3.0 5.0 1.0 2.0 0.0 2.0 0.0 0.0 0.0 1.0 0.0 1.0 0.0 4.0 0.0 0.0 0.0 0.0 6.0 1.0 2.0 0.0 0.0 0.0 0.0 1.0 2.0 3.0 4.0 0.0 1.0 1.0 2.0 2.0 2.0 4.0 0.0 0.0 1.0 0.0 2.0 1.0 5.0 1.0 1.0 3.0 0.0 5.0 1.0 2.0 0.0 4.0 6.0 4.0 56.0 0.0 0.0 0.0 
0.0 123.0 1.0 1.0 2.0 0.0 0.0 6.0 1.0 0.0 0.0 6.0 0.0 0.0 1.0 0.0 1.0 5.0 5.0 0.0 2.0 0.0 0.0 7.0 3.0 0.0 0.0 2.0 3.0 3.0 0.0 3.0 4.0 6.0 0.0 6.0 0.0 1.0 1.0 0.0 0.0 0.0 3.0 9.0 12.0 1.0 3.0 4.0 2.0 0.0 4.0 2.0 0.0 1.0 2.0 0.0 0.0 10.0 0.0 2.0 0.0 5.0 3.0 0.0 4.0 0.0 2.0 6.0 3.0 2.0 4.0 1.0 3.0 1.0 0.0 0.0 1.0 2.0 0.0 3.0 2.0 6.0 0.0 0.0 0.0 2.0 2.0 5.0 2.0 4.0 6.0 1.0 1.0 1.0 2.0 1.0 62.0 0.0 0.0 0.0 
0.0 116.0 0.0 0.0 1.0 0.0 0.0 4.0 0.0 0.0 2.0 2.0 0.0 2.0 4.0 1.0 5.0 1.0 0.0 2.0 0.0 4.0 4.0 7.0 0.0 0.0 0.0 5.0 2.0 0.0 0.0 1.0 2.0 3.0 0.0 3.0 3.0 5.0 4.0 0.0 2.0 1.0 11.0 0.0 0.0 3.0 1.0 4.0 0.0 1.0 1.0 9.0 6.0 1.0 4.0 2.0 2.0 1.0 5.0 0.0 3.0 1.0 1.0 1.0 0.0 0.0 4.0 4.0 0.0 1.0 2.0 0.0 0.0 0.0 1.0 0.0 0.0 5.0 1.0 0.0 4.0 2.0 0.0 4.0 4.0 0.0 1.0 1.0 2.0 1.0 2.0 3.0 2.0 1.0 1.0 3.0 105.0 0.0 0.0 0.0 
0.0 140.0 0.0 2.0 8.0 1.0 6.0 2.0 2.0 1.0 2.0 4.0 1.0 0.0 0.0 0.0 4.0 2.0 1.0 7.0 3.0 1.0 0.0 0.0 0.0 7.0 0.0 0.0 0.0 0.0 2.0 1.0 0.0 5.0 2.0 2.0 1.0 1.0 0.0 0.0 0.0 2.0 0.0 7.0 0.0 10.0 1.0 1.0 4.0 1.0 0.0 2.0 5.0 0.0 3.0 0.0 1.0 3.0 12.0 0.0 0.0 1.0 4.0 1.0 3.0 1.0 4.0 5.0 5.0 3.0 1.0 1.0 0.0 0.0 1.0 0.0 2.0 0.0 5.0 3.0 0.0 6.0 3.0 1.0 0.0 4.0 0.0 2.0 4.0 3.0 0.0 2.0 2.0 6.0 0.0 5.0 114.0 0.0 0.0 0.0 
0.0 125.0 0.0 1.0 1.0 5.0 1.0 10.0 1.0 0.0 0.0 0.0 1.0 1.0 0.0 2.0 2.0 2.0 2.0 4.0 5.0 0.0 0.0 0.0 1.0 0.0 0.0 7.0 1.0 4.0 6.0 0.0 2.0 0.0 4.0 1.0 0.0 2.0 5.0 2.0 0.0 2.0 2.0 0.0 1.0 5.0 1.0 6.0 0.0 1.0 1.0 0.0 1.0 4.0 2.0 2.0 12.0 2.0 0.0 1.0 2.0 0.0 0.0 0.0 2.0 0.0 0.0 7.0 1.0 9.0 0.0 1.0 12.0 0.0 1.0 3.0 2.0 1.0 3.0 4.0 1.0 2.0 2.0 2.0 2.0 1.0 5.0 2.0 1.0 8.0 1.0 5.0 1.0 0.0 3.0 1.0 102.0 0.0 0.0 0.0 
20.0 52.0 24.0 1.0 0.0 4.0 4.0 0.0 8.0 0.0 2.0 0.0 3.0 0.0 0.0 4.0 7.0 0.0 3.0 1.0 1.0 4.0 1.0 4.0 1.0 3.0 2.0 0.0 5.0 1.0 0.0 0.0 0.0 5.0 1.0 0.0 0.0 0.0 3.0 1.0 6.0 1.0 1.0 1.0 12.0 0.0 3.0 1.0 4.0 1.0 7.0 1.0 1.0 2.0 7.0 4.0 0.0 6.0 2.0 0.0 2.0 3.0 0.0 2.0 0.0 2.0 0.0 0.0 3.0 4.0 3.0 0.0 0.0 0.0 0.0 0.0 3.0 2.0 2.0 1.0 1.0 0.0 1.0 1.0 3.0 2.0 0.0 4.0 4.0 0.0 0.0 0.0 0.0 0.0 0.0 0.0 103.0 0.0 0.0 0.0 
8.0 154.0 4.0 0.0 0.0 3.0 0.0 0.0 5.0 2.0 3.0 4.0 4.0 2.0 2.0 1.0 1.0 1.0 8.0 1.0 1.0 0.0 0.0 2.0 3.0 1.0 4.0 0.0 2.0 1.0 3.0 3.0 1.0 3.0 4.0 4.0 5.0 3.0 1.0 5.0 0.0 0.0 0.0 2.0 0.0 5.0 0.0 0.0 0.0 1.0 0.0 0.0 0.0 2.0 0.0 6.0 1.0 0.0 3.0 4.0 0.0 1.0 0.0 3.0 4.0 0.0 0.0 0.0 4.0 5.0 1.0 4.0 2.0 0.0 2.0 0.0 4.0 1.0 0.0 0.0 1.0 2.0 4.0 2.0 3.0 7.0 5.0 0.0 4.0 2.0 1.0 0.0 0.0 1.0 2.0 3.0 157.0 0.0 0.0 0.0 
41.0 7.0 3.0 4.0 2.0 16.0 0.0 2.0 3.0 4.0 0.0 5.0 4.0 0.0 1.0 2.0 2.0 4.0 0.0 4.0 0.0 0.0 5.0 1.0 1.0 5.0 2.0 5.0 2.0 4.0 4.0 6.0 0.0 0.0 6.0 4.0 0.0 1.0 0.0 5.0 6.0 2.0 6.0 1.0 3.0 0.0 7.0 3.0 3.0 5.0 0.0 1.0 0.0 5.0 4.0 1.0 2.0 5.0 2.0 3.0 2.0 0.0 6.0 4.0 2.0 3.0 1.0 1.0 0.0 0.0 0.0 0.0 3.0 4.0 2.0 2.0 2.0 0.0 1.0 0.0 1.0 3.0 0.0 0.0 0.0 0.0 2.0 1.0 0.0 0.0 5.0 4.0 3.0 4.0 2.0 9.0 111.0 7.0 0.0 0.0 
63.0 7.0 2.0 0.0 3.0 3.0 10.0 0.0 0.0 5.0 1.0 3.0 3.0 1.0 3.0 1.0 0.0 4.0 9.0 2.0 0.0 1.0 0.0 4.0 2.0 0.0 1.0 0.0 2.0 0.0 2.0 6.0 0.0 2.0 2.0 1.0 6.0 5.0 4.0 0.0 0.0 0.0 1.0 0.0 1.0 2.0 0.0 7.0 1.0 2.0 1.0 4.0 3.0 5.0 6.0 0.0 4.0 2.0 0.0 2.0 6.0 2.0 7.0 4.0 0.0 0.0 0.0 1.0 0.0 0.0 1.0 1.0 1.0 2.0 5.0 1.0 0.0 0.0 0.0 2.0 0.0 0.0 4.0 0.0 0.0 1.0 0.0 1.0 2.0 2.0 0.0 2.0 0.0 0.0 4.0 22.0 22.0 23.0 0.0 0.0 
39.0 27.0 7.0 3.0 1.0 1.0 6.0 2.0 4.0 0.0 0.0 5.0 0.0 1.0 4.0 0.0 0.0 3.0 0.0 0.0 1.0 3.0 2.0 1.0 3.0 3.0 2.0 7.0 1.0 8.0 4.0 0.0 0.0 0.0 6.0 0.0 2.0 0.0 2.0 0.0 6.0 0.0 3.0 2.0 0.0 1.0 5.0 0.0 2.0 0.0 1.0 1.0 10.0 3.0 0.0 0.0 4.0 1.0 10.0 5.0 3.0 0.0 2.0 0.0 1.0 2.0 1.0 0.0 3.0 1.0 2.0 0.0 11.0 3.0 0.0 0.0 4.0 3.0 0.0 4.0 2.0 0.0 0.0 4.0 0.0 0.0 0.0 2.0 1.0 1.0 1.0 2.0 1.0 0.0 6.0 5.0 13.0 38.0 0.0 0.0 
20.0 56.0 32.0 0.0 3.0 2.0 0.0 1.0 2.0 0.0 1.0 0.0 0.0 2.0 1.0 1.0 0.0 2.0 1.0 3.0 0.0 2.0 9.0 0.0 2.0 6.0 1.0 2.0 0.0 2.0 3.0 2.0 0.0 0.0 3.0 1.0 2.0 0.0 1.0 0.0 2.0 5.0 0.0 2.0 2.0 0.0 0.0 2.0 1.0 0.0 3.0 1.0 1.0 0.0 6.0 3.0 0.0 4.0 0.0 2.0 2.0 3.0 2.0 0.0 5.0 2.0 2.0 7.0 3.0 3.0 0.0 2.0 6.0 0.0 3.0 8.0 2.0 0.0 6.0 8.0 2.0 3.0 4.0 1.0 1.0 0.0 2.0 1.0 3.0 0.0 1.0 5.0 0.0 0.0 1.0 1.0 6.0 57.0 0.0 0.0 
0.0 95.0 7.0 7.0 3.0 2.0 1.0 0.0 0.0 5.0 5.0 0.0 10.0 0.0 3.0 2.0 2.0 1.0 1.0 2.0 0.0 0.0 0.0 3.0 0.0 10.0 0.0 3.0 0.0 2.0 4.0 2.0 2.0 4.0 0.0 1.0 8.0 6.0 1.0 5.0 1.0 4.0 8.0 3.0 1.0 0.0 0.0 5.0 2.0 1.0 4.0 3.0 0.0 7.0 2.0 1.0 0.0 3.0 9.0 0.0 2.0 2.0 0.0 8.0 2.0 2.0 1.0 2.0 3.0 1.0 0.0 0.0 0.0 1.0 9.0 0.0 0.0 1.0 2.0 2.0 4.0 2.0 0.0 3.0 4.0 5.0 0.0 4.0 8.0 4.0 0.0 4.0 3.0 6.0 0.0 6.0 3.0 73.0 0.0 0.0 
0.0 33.0 11.0 6.0 1.0 3.0 2.0 0.0 0.0 0.0 0.0 4.0 0.0 0.0 0.0 2.0 0.0 1.0 2.0 0.0 0.0 6.0 10.0 0.0 0.0 0.0 7.0 8.0 4.0 2.0 3.0 2.0 8.0 4.0 7.0 0.0 0.0 0.0 2.0 2.0 3.0 1.0 1.0 1.0 4.0 2.0 5.0 0.0 0.0 4.0 1.0 2.0 0.0 0.0 1.0 6.0 0.0 2.0 1.0 1.0 5.0 0.0 1.0 0.0 5.0 2.0 4.0 0.0 0.0 2.0 4.0 2.0 1.0 2.0 2.0 1.0 1.0 5.0 0.0 0.0 1.0 0.0 5.0 3.0 1.0 5.0 1.0 0.0 1.0 1.0 2.0 4.0 1.0 10.0 1.0 2.0 1.0 49.0 0.0 0.0 
0.0 18.0 38.0 10.0 1.0 0.0 3.0 0.0 2.0 0.0 8.0 0.0 5.0 1.0 1.0 4.0 2.0 0.0 4.0 4.0 2.0 4.0 6.0 1.0 0.0 3.0 1.0 2.0 0.0 9.0 2.0 4.0 0.0 1.0 1.0 3.0 1.0 2.0 3.0 3.0 10.0 0.0 2.0 2.0 9.0 2.0 1.0 4.0 0.0 2.0 0.0 2.0 4.0 2.0 1.0 2.0 0.0 1.0 0.0 2.0 0.0 3.0 4.0 2.0 1.0 1.0 4.0 2.0 1.0 1.0 4.0 0.0 3.0 1.0 6.0 9.0 4.0 9.0 4.0 4.0 2.0 0.0 0.0 0.0 3.0 1.0 0.0 0.0 8.0 0.0 0.0 0.0 1.0 3.0 2.0 7.0 16.0 41.0 0.0 0.0 
0.0 24.0 41.0 10.0 0.0 2.0 6.0 2.0 10.0 13.0 2.0 3.0 0.0 9.0 0.0 0.0 0.0 2.0 0.0 0.0 7.0 4.0 1.0 0.0 1.0 3.0 2.0 0.0 1.0 3.0 5.0 0.0 2.0 0.0 0.0 3.0 0.0 2.0 0.0 5.0 0.0 0.0 0.0 1.0 0.0 0.0 3.0 0.0 0.0 3.0 2.0 2.0 1.0 5.0 4.0 2.0 0.0 0.0 4.0 0.0 2.0 0.0 4.0 1.0 1.0 5.0 1.0 5.0 1.0 0.0 1.0 1.0 2.0 1.0 0.0 0.0 2.0 0.0 2.0 1.0 8.0 3.0 1.0 2.0 0.0 2.0 4.0 0.0 13.0 0.0 2.0 0.0 1.0 1.0 0.0 20.0 29.0 31.0 0.0 0.0 
0.0 0.0 179.0 4.0 3.0 3.0 2.0 0.0 4.0 0.0 9.0 0.0 0.0 0.0 0.0 10.0 2.0 1.0 0.0 1.0 3.0 6.0 0.0 4.0 2.0 6.0 3.0 1.0 0.0 5.0 5.0 2.0 1.0 4.0 2.0 0.0 0.0 1.0 2.0 1.0 3.0 0.0 0.0 0.0 0.0 0.0 2.0 2.0 1.0 1.0 0.0 3.0 2.0 0.0 0.0 6.0 0.0 0.0 1.0 1.0 7.0 1.0 2.0 3.0 0.0 3.0 2.0 1.0 1.0 2.0 3.0 2.0 1.0 5.0 1.0 7.0 4.0 0.0 0.0 0.0 3.0 2.0 7.0 3.0 1.0 2.0 0.0 7.0 7.0 3.0 2.0 0.0 0.0 1.0 3.0 0.0 182.0 0.0 0.0 0.0 
0.0 0.0 49.0 12.0 2.0 5.0 0.0 3.0 5.0 0.0 0.0 0.0 5.0 0.0 1.0 1.0 10.0 1.0 2.0 2.0 7.0 1.0 3.0 0.0 1.0 1.0 2.0 7.0 7.0 1.0 3.0 2.0 1.0 0.0 2.0 17.0 0.0 1.0 3.0 1.0 2.0 4.0 1.0 2.0 4.0 0.0 1.0 13.0 0.0 1.0 0.0 0.0 3.0 3.0 3.0 2.0 5.0 2.0 0.0 0.0 1.0 0.0 4.0 0.0 1.0 1.0 4.0 0.0 0.0 2.0 1.0 0.0 2.0 1.0 3.0 5.0 5.0 0.0 1.0 6.0 4.0 2.0 1.0 2.0 0.0 6.0 0.0 5.0 5.0 1.0 0.0 2.0 5.0 3.0 1.0 4.0 60.0 0.0 0.0 0.0 
0.0 0.0 31.0 23.0 12.0 1.0 0.0 0.0 4.0 4.0 8.0 1.0 0.0 4.0 4.0 2.0 1.0 4.0 0.0 1.0 1.0 4.0 7.0 1.0 0.0 0.0 10.0 1.0 3.0 1.0 4.0 1.0 3.0 2.0 3.0 0.0 1.0 1.0 9.0 5.0 0.0 2.0 7.0 2.0 2.0 0.0 1.0 1.0 9.0 2.0 0.0 2.0 1.0 3.0 2.0 6.0 0.0 0.0 6.0 0.0 0.0 3.0 2.0 1.0 1.0 6.0 0.0 5.0 6.0 1.0 1.0 1.0 1.0 3.0 0.0 0.0 4.0 1.0 0.0 4.0 1.0 1.0 2.0 0.0 0.0 0.0 4.0 1.0 2.0 0.0 0.0 8.0 3.0 0.0 4.0 4.0 51.0 0.0 0.0 0.0 
0.0 0.0 19.0 17.0 10.0 8.0 6.0 0.0 0.0 1.0 3.0 1.0 5.0 2.0 6.0 2.0 2.0 0.0 5.0 3.0 1.0 1.0 0.0 2.0 12.0 0.0 1.0 0.0 2.0 6.0 1.0 5.0 3.0 1.0 1.0 0.0 8.0 1.0 1.0 4.0 0.0 3.0 5.0 1.0 2.0 8.0 3.0 4.0 1.0 0.0 0.0 3.0 0.0 1.0 1.0 0.0 4.0 5.0 0.0 3.0 1.0 1.0 0.0 3.0 0.0 2.0 0.0 3.0 0.0 7.0 0.0 0.0 0.0 2.0 1.0 0.0 5.0 2.0 1.0 2.0 11.0 1.0 2.0 9.0 0.0 8.0 1.0 4.0 0.0 2.0 4.0 1.0 0.0 2.0 2.0 3.0 46.0 0.0 0.0 0.0 
0.0 0.0 0.0 165.0 5.0 3.0 4.0 0.0 0.0 3.0 1.0 0.0 1.0 2.0 1.0 1.0 0.0 3.0 0.0 5.0 0.0 0.0 1.0 2.0 2.0 0.0 1.0 1.0 1.0 0.0 2.0 0.0 5.0 6.0 0.0 3.0 0.0 1.0 1.0 1.0 0.0 0.0 0.0 3.0 3.0 8.0 0.0 3.0 3.0 0.0 0.0 0.0 2.0 0.0 2.0 1.0 1.0 1.0 0.0 4.0 0.0 2.0 1.0 0.0 3.0 2.0 7.0 0.0 0.0 4.0 10.0 5.0 0.0 3.0 2.0 1.0 1.0 2.0 0.0 0.0 3.0 3.0 0.0 2.0 3.0 0.0 2.0 1.0 1.0 1.0 2.0 4.0 1.0 0.0 2.0 5.0 41.0 0.0 0.0 0.0 
0.0 0.0 3.0 101.0 9.0 0.0 4.0 2.0 4.0 0.0 2.0 0.0 0.0 2.0 0.0 0.0 0.0 2.0 1.0 5.0 4.0 6.0 0.0 0.0 4.0 3.0 1.0 2.0 4.0 0.0 3.0 7.0 7.0 0.0 2.0 0.0 0.0 3.0 2.0 2.0 0.0 2.0 1.0 4.0 0.0 3.0 4.0 0.0 0.0 1.0 2.0 2.0 0.0 1.0 3.0 4.0 5.0 1.0 0.0 0.0 4.0 7.0 1.0 0.0 3.0 3.0 1.0 6.0 1.0 2.0 0.0 5.0 3.0 0.0 4.0 2.0 1.0 2.0 7.0 1.0 0.0 7.0 0.0 3.0 0.0 2.0 3.0 1.0 1.0 0.0 0.0 1.0 0.0 6.0 3.0 11.0 34.0 0.0 0.0 0.0 
0.0 0.0 0.0 71.0 11.0 1.0 0.0 1.0 3.0 1.0 0.0 1.0 2.0 5.0 1.0 3.0 2.0 1.0 2.0 2.0 5.0 3.0 4.0 5.0 8.0 3.0 0.0 1.0 0.0 3.0 1.0 4.0 1.0 4.0 0.0 0.0 4.0 10.0 3.0 6.0 0.0 6.0 2.0 0.0 2.0 2.0 1.0 1.0 2.0 0.0 1.0 4.0 0.0 1.0 1.0 0.0 1.0 4.0 7.0 5.0 6.0 0.0 3.0 0.0 1.0 1.0 4.0 0.0 0.0 0.0 0.0 2.0 3.0 0.0 5.0 0.0 7.0 0.0 1.0 5.0 2.0 0.0 0.0 2.0 0.0 2.0 2.0 3.0 1.0 0.0 0.0 0.0 0.0 0.0 3.0 6.0 21.0 0.0 0.0 0.0 
0.0 0.0 0.0 26.0 28.0 19.0 0.0 0.0 2.0 4.0 2.0 1.0 1.0 0.0 0.0 0.0 8.0 0.0 0.0 0.0 0.0 0.0 5.0 2.0 0.0 0.0 2.0 1.0 1.0 0.0 0.0 0.0 1.0 3.0 1.0 4.0 2.0 9.0 5.0 1.0 0.0 1.0 5.0 0.0 0.0 0.0 0.0 4.0 0.0 0.0 0.0 0.0 2.0 5.0 1.0 2.0 1.0 0.0 0.0 2.0 7.0 0.0 8.0 8.0 0.0 4.0 0.0 4.0 3.0 0.0 0.0 1.0 0.0 9.0 1.0 4.0 0.0 3.0 0.0 0.0 1.0 2.0 0.0 1.0 0.0 2.0 1.0 1.0 0.0 2.0 0.0 0.0 3.0 0.0 5.0 143.0 0.0 0.0 0.0 0.0 
0.0 0.0 0.0 0.0 105.0 0.0 2.0 0.0 7.0 6.0 7.0 2.0 4.0 5.0 0.0 0.0 1.0 2.0 0.0 0.0 11.0 6.0 2.0 1.0 3.0 3.0 0.0 1.0 0.0 5.0 2.0 0.0 1.0 1.0 0.0 11.0 0.0 1.0 3.0 8.0 1.0 0.0 0.0 4.0 1.0 5.0 2.0 0.0 6.0 4.0 1.0 0.0 2.0 2.0 4.0 4.0 7.0 3.0 6.0 2.0 3.0 1.0 0.0 6.0 0.0 0.0 1.0 6.0 1.0 6.0 3.0 0.0 0.0 0.0 2.0 0.0 1.0 1.0 1.0 2.0 0.0 4.0 1.0 5.0 0.0 0.0 2.0 2.0 2.0 2.0 5.0 1.0 0.0 1.0 17.0 55.0 0.0 0.0 0.0 0.0 
0.0 0.0 0.0 0.0 93.0 6.0 0.0 2.0 0.0 3.0 0.0 4.0 1.0 5.0 1.0 2.0 8.0 1.0 2.0 5.0 0.0 0.0 1.0 1.0 0.0 1.0 1.0 6.0 0.0 3.0 0.0 2.0 5.0 1.0 1.0 1.0 1.0 1.0 10.0 4.0 2.0 0.0 0.0 0.0 1.0 0.0 0.0 2.0 0.0 4.0 1.0 0.0 0.0 0.0 1.0 2.0 0.0 2.0 4.0 2.0 6.0 1.0 5.0 4.0 1.0 4.0 1.0 1.0 0.0 0.0 0.0 0.0 1.0 6.0 0.0 0.0 2.0 1.0 1.0 2.0 6.0 0.0 6.0 0.0 3.0 0.0 0.0 1.0 0.0 1.0 2.0 0.0 2.0 12.0 141.0 12.0 0.0 0.0 0.0 0.0 
0.0 0.0 0.0 0.0 26.0 10.0 9.0 2.0 0.0 0.0 5.0 5.0 2.0 4.0 4.0 4.0 0.0 0.0 0.0 8.0 1.0 0.0 0.0 2.0 1.0 1.0 5.0 5.0 3.0 1.0 1.0 1.0 2.0 2.0 0.0 9.0 2.0 1.0 6.0 3.0 5.0 2.0 3.0 5.0 0.0 2.0 0.0 2.0 0.0 1.0 7.0 0.0 6.0 3.0 2.0 6.0 1.0 0.0 0.0 7.0 4.0 6.0 0.0 4.0 0.0 0.0 1.0 0.0 5.0 6.0 2.0 1.0 2.0 4.0 0.0 1.0 0.0 2.0 2.0 3.0 0.0 0.0 1.0 1.0 2.0 0.0 2.0 2.0 0.0 1.0 3.0 1.0 2.0 0.0 103.0 0.0 0.0 0.0 0.0 0.0 
0.0 0.0 0.0 0.0 0.0 99.0 29.0 2.0 0.0 7.0 0.0 0.0 0.0 2.0 3.0 1.0 0.0 5.0 0.0 0.0 0.0 3.0 0.0 0.0 0.0 1.0 2.0 0.0 5.0 0.0 2.0 1.0 4.0 2.0 4.0 1.0 6.0 2.0 2.0 2.0 4.0 5.0 3.0 1.0 0.0 1.0 5.0 2.0 0.0 0.0 0.0 0.0 0.0 4.0 2.0 0.0 0.0 0.0 1.0 3.0 1.0 0.0 0.0 0.0 4.0 0.0 1.0 3.0 0.0 2.0 2.0 1.0 4.0 1.0 1.0 4.0 1.0 1.0 0.0 5.0 1.0 2.0 0.0 1.0 2.0 0.0 0.0 0.0 4.0 0.0 3.0 2.0 7.0 153.0 0.0 0.0 0.0 0.0 0.0 0.0 
0.0 0.0 0.0 0.0 0.0 21.0 33.0 24.0 4.0 0.0 0.0 6.0 0.0 0.0 1.0 8.0 0.0 0.0 1.0 4.0 0.0 3.0 3.0 0.0 2.0 0.0 2.0 4.0 2.0 9.0 3.0 15.0 6.0 5.0 0.0 1.0 1.0 1.0 0.0 0.0 9.0 1.0 0.0 0.0 8.0 0.0 1.0 1.0 0.0 3.0 0.0 6.0 0.0 1.0 2.0 6.0 0.0 0.0 1.0 1.0 8.0 2.0 0.0 1.0 0.0 7.0 9.0 4.0 4.0 3.0 5.0 0.0 1.0 1.0 0.0 0.0 0.0 3.0 0.0 2.0 3.0 2.0 0.0 0.0 0.0 6.0 2.0 3.0 1.0 4.0 1.0 8.0 12.0 28.0 0.0 0.0 0.0 0.0 0.0 0.0 
0.0 0.0 0.0 0.0 0.0 0.0 108.0 10.0 3.0 4.0 1.0 3.0 0.0 0.0 3.0 0.0 1.0 5.0 2.0 0.0 0.0 0.0 0.0 0.0 0.0 0.0 0.0 8.0 1.0 0.0 4.0 1.0 7.0 0.0 5.0 2.0 0.0 2.0 4.0 0.0 4.0 2.0 0.0 0.0 1.0 2.0 1.0 0.0 2.0 2.0 2.0 1.0 2.0 1.0 0.0 0.0 2.0 0.0 2.0 3.0 7.0 1.0 3.0 1.0 4.0 9.0 2.0 2.0 0.0 0.0 0.0 0.0 0.0 1.0 12.0 0.0 2.0 0.0 0.0 1.0 1.0 1.0 0.0 0.0 0.0 0.0 2.0 0.0 1.0 0.0 1.0 3.0 120.0 0.0 0.0 0.0 0.0 0.0 0.0 0.0 
0.0 0.0 0.0 0.0 0.0 0.0 6.0 141.0 7.0 4.0 3.0 6.0 1.0 2.0 8.0 0.0 0.0 2.0 2.0 1.0 0.0 2.0 0.0 0.0 0.0 9.0 0.0 0.0 8.0 0.0 0.0 0.0 1.0 0.0 2.0 4.0 9.0 0.0 6.0 0.0 5.0 0.0 7.0 0.0 3.0 0.0 5.0 4.0 3.0 0.0 0.0 4.0 4.0 6.0 1.0 2.0 3.0 0.0 3.0 0.0 0.0 5.0 2.0 2.0 3.0 0.0 3.0 4.0 1.0 8.0 1.0 1.0 1.0 1.0 4.0 2.0 4.0 5.0 1.0 0.0 0.0 5.0 4.0 0.0 2.0 1.0 0.0 0.0 3.0 2.0 15.0 138.0 2.0 0.0 0.0 0.0 0.0 0.0 0.0 0.0 
0.0 0.0 0.0 0.0 0.0 0.0 0.0 66.0 2.0 4.0 2.0 3.0 1.0 0.0 0.0 1.0 3.0 1.0 1.0 1.0 3.0 0.0 0.0 0.0 0.0 3.0 2.0 1.0 0.0 3.0 2.0 2.0 1.0 2.0 0.0 4.0 2.0 5.0 2.0 2.0 0.0 1.0 2.0 3.0 0.0 0.0 0.0 2.0 0.0 6.0 2.0 6.0 3.0 3.0 4.0 0.0 2.0 2.0 1.0 6.0 4.0 0.0 0.0 0.0 0.0 5.0 2.0 1.0 6.0 1.0 2.0 0.0 1.0 0.0 3.0 0.0 2.0 0.0 1.0 2.0 0.0 0.0 2.0 5.0 0.0 8.0 3.0 1.0 0.0 3.0 7.0 39.0 0.0 0.0 0.0 0.0 0.0 0.0 0.0 0.0 
0.0 0.0 0.0 0.0 0.0 0.0 0.0 0.0 117.0 3.0 2.0 1.0 3.0 2.0 0.0 4.0 0.0 0.0 0.0 1.0 0.0 3.0 0.0 3.0 6.0 3.0 1.0 0.0 10.0 5.0 0.0 1.0 1.0 7.0 2.0 0.0 3.0 2.0 3.0 1.0 2.0 6.0 3.0 1.0 1.0 7.0 0.0 0.0 0.0 3.0 10.0 2.0 3.0 1.0 0.0 3.0 4.0 2.0 0.0 0.0 2.0 3.0 2.0 3.0 2.0 2.0 2.0 4.0 12.0 1.0 3.0 2.0 1.0 6.0 7.0 2.0 7.0 1.0 0.0 0.0 3.0 1.0 2.0 0.0 1.0 2.0 2.0 4.0 7.0 4.0 99.0 0.0 0.0 0.0 0.0 0.0 0.0 0.0 0.0 0.0 
0.0 0.0 0.0 0.0 0.0 0.0 0.0 0.0 0.0 124.0 1.0 5.0 0.0 0.0 5.0 4.0 0.0 2.0 6.0 2.0 3.0 0.0 3.0 0.0 4.0 7.0 2.0 2.0 4.0 0.0 0.0 11.0 0.0 1.0 4.0 4.0 2.0 0.0 1.0 4.0 1.0 5.0 3.0 2.0 1.0 4.0 2.0 0.0 5.0 2.0 0.0 0.0 0.0 2.0 4.0 2.0 0.0 0.0 5.0 2.0 0.0 0.0 1.0 0.0 5.0 1.0 0.0 2.0 0.0 0.0 2.0 0.0 0.0 2.0 2.0 3.0 1.0 0.0 4.0 2.0 0.0 3.0 0.0 2.0 0.0 6.0 0.0 0.0 24.0 162.0 0.0 0.0 0.0 0.0 0.0 0.0 0.0 0.0 0.0 0.0 
0.0 0.0 0.0 0.0 0.0 0.0 0.0 0.0 0.0 0.0 125.0 19.0 5.0 1.0 0.0 1.0 2.0 8.0 5.0 2.0 1.0 4.0 3.0 2.0 1.0 2.0 0.0 2.0 0.0 4.0 0.0 6.0 9.0 0.0 3.0 0.0 1.0 0.0 4.0 0.0 4.0 1.0 0.0 0.0 3.0 3.0 2.0 11.0 2.0 2.0 0.0 0.0 0.0 1.0 5.0 10.0 1.0 6.0 4.0 0.0 0.0 2.0 2.0 1.0 2.0 1.0 5.0 1.0 5.0 1.0 0.0 4.0 2.0 0.0 3.0 3.0 0.0 0.0 0.0 0.0 1.0 2.0 2.0 4.0 5.0 0.0 0.0 19.0 105.0 14.0 0.0 0.0 0.0 0.0 0.0 0.0 0.0 0.0 0.0 0.0 
0.0 0.0 0.0 0.0 0.0 0.0 0.0 0.0 0.0 0.0 9.0 106.0 41.0 0.0 1.0 1.0 2.0 1.0 4.0 1.0 2.0 1.0 0.0 6.0 4.0 2.0 5.0 6.0 5.0 1.0 0.0 0.0 0.0 0.0 0.0 1.0 2.0 2.0 3.0 2.0 0.0 3.0 0.0 4.0 0.0 3.0 2.0 4.0 0.0 1.0 0.0 0.0 9.0 0.0 0.0 2.0 5.0 1.0 1.0 0.0 1.0 0.0 3.0 0.0 1.0 5.0 0.0 9.0 1.0 3.0 0.0 1.0 1.0 0.0 2.0 3.0 0.0 0.0 2.0 1.0 4.0 1.0 1.0 2.0 1.0 8.0 0.0 3.0 72.0 0.0 0.0 0.0 0.0 0.0 0.0 0.0 0.0 0.0 0.0 0.0 
0.0 0.0 0.0 0.0 0.0 0.0 0.0 0.0 0.0 0.0 0.0 40.0 28.0 19.0 6.0 0.0 3.0 0.0 0.0 0.0 0.0 1.0 0.0 4.0 4.0 0.0 3.0 3.0 0.0 4.0 1.0 2.0 0.0 6.0 1.0 0.0 0.0 2.0 2.0 5.0 7.0 0.0 5.0 1.0 0.0 5.0 1.0 0.0 0.0 1.0 10.0 2.0 0.0 2.0 3.0 5.0 2.0 2.0 4.0 0.0 1.0 1.0 2.0 1.0 2.0 3.0 0.0 0.0 0.0 1.0 2.0 9.0 4.0 8.0 0.0 8.0 0.0 3.0 6.0 2.0 1.0 0.0 2.0 1.0 2.0 0.0 27.0 139.0 0.0 0.0 0.0 0.0 0.0 0.0 0.0 0.0 0.0 0.0 0.0 0.0 
0.0 0.0 0.0 0.0 0.0 0.0 0.0 0.0 0.0 0.0 0.0 0.0 76.0 0.0 3.0 3.0 2.0 1.0 0.0 0.0 0.0 0.0 0.0 0.0 4.0 6.0 0.0 0.0 4.0 1.0 3.0 0.0 0.0 5.0 2.0 0.0 2.0 3.0 4.0 0.0 1.0 0.0 3.0 0.0 1.0 0.0 1.0 0.0 0.0 1.0 0.0 2.0 1.0 2.0 4.0 6.0 1.0 1.0 0.0 0.0 0.0 6.0 4.0 0.0 0.0 1.0 3.0 0.0 3.0 0.0 1.0 2.0 1.0 4.0 0.0 1.0 0.0 3.0 1.0 7.0 0.0 3.0 0.0 0.0 2.0 38.0 40.0 23.0 0.0 0.0 0.0 0.0 0.0 0.0 0.0 0.0 0.0 0.0 0.0 0.0 
0.0 0.0 0.0 0.0 0.0 0.0 0.0 0.0 0.0 0.0 0.0 0.0 0.0 145.0 6.0 2.0 0.0 0.0 2.0 2.0 1.0 3.0 8.0 0.0 3.0 1.0 3.0 2.0 1.0 0.0 0.0 2.0 3.0 3.0 5.0 0.0 3.0 0.0 4.0 0.0 4.0 0.0 0.0 7.0 1.0 1.0 11.0 6.0 7.0 2.0 0.0 0.0 1.0 2.0 1.0 2.0 3.0 1.0 0.0 2.0 7.0 0.0 2.0 0.0 8.0 2.0 1.0 2.0 2.0 2.0 0.0 1.0 3.0 0.0 0.0 1.0 2.0 0.0 1.0 5.0 0.0 2.0 0.0 0.0 19.0 30.0 53.0 0.0 0.0 0.0 0.0 0.0 0.0 0.0 0.0 0.0 0.0 0.0 0.0 0.0 
0.0 0.0 0.0 0.0 0.0 0.0 0.0 0.0 0.0 0.0 0.0 0.0 0.0 12.0 125.0 26.0 1.0 0.0 4.0 3.0 0.0 2.0 1.0 7.0 0.0 11.0 1.0 1.0 2.0 0.0 0.0 9.0 3.0 2.0 0.0 1.0 1.0 2.0 0.0 5.0 3.0 2.0 0.0 0.0 0.0 6.0 0.0 0.0 1.0 2.0 5.0 9.0 0.0 0.0 1.0 2.0 3.0 6.0 4.0 2.0 7.0 1.0 0.0 0.0 4.0 0.0 5.0 1.0 1.0 0.0 4.0 0.0 1.0 0.0 3.0 3.0 7.0 0.0 1.0 0.0 2.0 0.0 0.0 5.0 2.0 80.0 0.0 0.0 0.0 0.0 0.0 0.0 0.0 0.0 0.0 0.0 0.0 0.0 0.0 0.0 
0.0 0.0 0.0 0.0 0.0 0.0 0.0 0.0 0.0 0.0 0.0 0.0 0.0 0.0 30.0 24.0 44.0 4.0 1.0 1.0 2.0 2.0 2.0 0.0 7.0 2.0 3.0 0.0 4.0 2.0 1.0 3.0 2.0 0.0 2.0 3.0 0.0 3.0 3.0 0.0 1.0 1.0 3.0 0.0 2.0 3.0 2.0 9.0 4.0 4.0 1.0 5.0 2.0 6.0 3.0 2.0 1.0 5.0 0.0 1.0 0.0 1.0 3.0 0.0 0.0 1.0 1.0 0.0 3.0 0.0 2.0 1.0 0.0 2.0 4.0 7.0 0.0 0.0 8.0 2.0 8.0 0.0 12.0 7.0 107.0 0.0 0.0 0.0 0.0 0.0 0.0 0.0 0.0 0.0 0.0 0.0 0.0 0.0 0.0 0.0 
0.0 0.0 0.0 0.0 0.0 0.0 0.0 0.0 0.0 0.0 0.0 0.0 0.0 0.0 0.0 49.0 33.0 33.0 2.0 4.0 2.0 0.0 2.0 0.0 1.0 2.0 2.0 1.0 1.0 1.0 2.0 5.0 2.0 1.0 3.0 3.0 1.0 0.0 3.0 1.0 3.0 1.0 4.0 1.0 3.0 0.0 2.0 3.0 3.0 1.0 1.0 5.0 0.0 7.0 2.0 0.0 6.0 2.0 0.0 6.0 0.0 6.0 2.0 0.0 1.0 8.0 2.0 1.0 1.0 3.0 3.0 0.0 3.0 0.0 0.0 1.0 2.0 1.0 1.0 2.0 3.0 17.0 15.0 85.0 0.0 0.0 0.0 0.0 0.0 0.0 0.0 0.0 0.0 0.0 0.0 0.0 0.0 0.0 0.0 0.0 
0.0 0.0 0.0 0.0 0.0 0.0 0.0 0.0 0.0 0.0 0.0 0.0 0.0 0.0 0.0 0.0 24.0 106.0 4.0 1.0 4.0 7.0 4.0 0.0 3.0 1.0 10.0 0.0 1.0 6.0 0.0 1.0 1.0 5.0 0.0 4.0 1.0 0.0 0.0 1.0 0.0 1.0 0.0 6.0 1.0 0.0 5.0 3.0 0.0 3.0 3.0 0.0 0.0 2.0 5.0 4.0 3.0 2.0 1.0 0.0 2.0 0.0 0.0 7.0 7.0 2.0 2.0 0.0 3.0 1.0 0.0 5.0 5.0 1.0 2.0 1.0 4.0 0.0 0.0 2.0 3.0 157.0 39.0 0.0 0.0 0.0 0.0 0.0 0.0 0.0 0.0 0.0 0.0 0.0 0.0 0.0 0.0 0.0 0.0 0.0 
0.0 0.0 0.0 0.0 0.0 0.0 0.0 0.0 0.0 0.0 0.0 0.0 0.0 0.0 0.0 0.0 0.0 0.0 175.0 1.0 4.0 5.0 3.0 3.0 4.0 3.0 0.0 11.0 0.0 1.0 1.0 6.0 2.0 11.0 1.0 0.0 0.0 2.0 2.0 2.0 0.0 4.0 6.0 2.0 8.0 4.0 0.0 0.0 1.0 0.0 1.0 0.0 0.0 1.0 1.0 4.0 0.0 2.0 2.0 0.0 0.0 0.0 0.0 0.0 2.0 6.0 2.0 0.0 4.0 0.0 0.0 0.0 8.0 6.0 5.0 0.0 1.0 4.0 5.0 0.0 212.0 4.0 0.0 0.0 0.0 0.0 0.0 0.0 0.0 0.0 0.0 0.0 0.0 0.0 0.0 0.0 0.0 0.0 0.0 0.0 
0.0 0.0 0.0 0.0 0.0 0.0 0.0 0.0 0.0 0.0 0.0 0.0 0.0 0.0 0.0 0.0 0.0 0.0 0.0 126.0 3.0 8.0 1.0 1.0 6.0 2.0 0.0 0.0 1.0 0.0 0.0 1.0 4.0 1.0 6.0 0.0 0.0 1.0 3.0 0.0 2.0 0.0 5.0 0.0 1.0 3.0 4.0 0.0 0.0 8.0 12.0 0.0 7.0 4.0 0.0 6.0 2.0 2.0 1.0 3.0 8.0 2.0 5.0 4.0 2.0 0.0 10.0 0.0 5.0 4.0 1.0 0.0 1.0 7.0 2.0 4.0 2.0 2.0 21.0 208.0 0.0 0.0 0.0 0.0 0.0 0.0 0.0 0.0 0.0 0.0 0.0 0.0 0.0 0.0 0.0 0.0 0.0 0.0 0.0 0.0 
0.0 0.0 0.0 0.0 0.0 0.0 0.0 0.0 0.0 0.0 0.0 0.0 0.0 0.0 0.0 0.0 0.0 0.0 0.0 0.0 74.0 13.0 19.0 2.0 0.0 4.0 0.0 1.0 9.0 0.0 0.0 3.0 2.0 0.0 0.0 7.0 2.0 0.0 7.0 2.0 1.0 4.0 0.0 3.0 0.0 0.0 0.0 0.0 2.0 2.0 5.0 0.0 0.0 0.0 1.0 1.0 0.0 1.0 2.0 4.0 0.0 11.0 2.0 0.0 1.0 0.0 2.0 0.0 1.0 0.0 4.0 4.0 2.0 2.0 6.0 4.0 1.0 19.0 51.0 14.0 0.0 0.0 0.0 0.0 0.0 0.0 0.0 0.0 0.0 0.0 0.0 0.0 0.0 0.0 0.0 0.0 0.0 0.0 0.0 0.0 
0.0 0.0 0.0 0.0 0.0 0.0 0.0 0.0 0.0 0.0 0.0 0.0 0.0 0.0 0.0 0.0 0.0 0.0 0.0 0.0 0.0 45.0 71.0 43.0 0.0 2.0 3.0 0.0 1.0 0.0 5.0 0.0 0.0 0.0 1.0 1.0 1.0 1.0 2.0 1.0 2.0 3.0 3.0 0.0 0.0 5.0 0.0 2.0 3.0 4.0 5.0 0.0 8.0 1.0 1.0 4.0 1.0 10.0 1.0 6.0 0.0 4.0 6.0 0.0 0.0 0.0 0.0 6.0 4.0 3.0 2.0 0.0 0.0 4.0 1.0 4.0 5.0 133.0 17.0 0.0 0.0 0.0 0.0 0.0 0.0 0.0 0.0 0.0 0.0 0.0 0.0 0.0 0.0 0.0 0.0 0.0 0.0 0.0 0.0 0.0 
0.0 0.0 0.0 0.0 0.0 0.0 0.0 0.0 0.0 0.0 0.0 0.0 0.0 0.0 0.0 0.0 0.0 0.0 0.0 0.0 0.0 0.0 27.0 85.0 12.0 16.0 3.0 5.0 0.0 7.0 2.0 7.0 4.0 2.0 0.0 4.0 0.0 3.0 1.0 0.0 1.0 1.0 0.0 0.0 0.0 4.0 1.0 0.0 3.0 3.0 0.0 0.0 6.0 2.0 2.0 0.0 1.0 0.0 1.0 0.0 4.0 4.0 1.0 4.0 4.0 1.0 1.0 1.0 0.0 2.0 1.0 0.0 0.0 2.0 12.0 14.0 99.0 0.0 0.0 0.0 0.0 0.0 0.0 0.0 0.0 0.0 0.0 0.0 0.0 0.0 0.0 0.0 0.0 0.0 0.0 0.0 0.0 0.0 0.0 0.0 
0.0 0.0 0.0 0.0 0.0 0.0 0.0 0.0 0.0 0.0 0.0 0.0 0.0 0.0 0.0 0.0 0.0 0.0 0.0 0.0 0.0 0.0 0.0 7.0 98.0 23.0 21.0 2.0 12.0 1.0 1.0 0.0 1.0 1.0 3.0 4.0 1.0 3.0 4.0 1.0 4.0 1.0 0.0 0.0 0.0 6.0 0.0 3.0 6.0 1.0 6.0 4.0 0.0 9.0 0.0 1.0 0.0 2.0 7.0 3.0 0.0 2.0 3.0 4.0 2.0 0.0 6.0 2.0 2.0 3.0 1.0 1.0 19.0 3.0 155.0 31.0 0.0 0.0 0.0 0.0 0.0 0.0 0.0 0.0 0.0 0.0 0.0 0.0 0.0 0.0 0.0 0.0 0.0 0.0 0.0 0.0 0.0 0.0 0.0 0.0 
0.0 0.0 0.0 0.0 0.0 0.0 0.0 0.0 0.0 0.0 0.0 0.0 0.0 0.0 0.0 0.0 0.0 0.0 0.0 0.0 0.0 0.0 0.0 0.0 0.0 31.0 210.0 2.0 15.0 1.0 2.0 3.0 1.0 9.0 4.0 1.0 3.0 7.0 5.0 3.0 2.0 2.0 1.0 1.0 6.0 0.0 4.0 2.0 2.0 1.0 1.0 0.0 2.0 0.0 4.0 0.0 5.0 1.0 2.0 5.0 0.0 0.0 4.0 0.0 6.0 9.0 1.0 1.0 4.0 0.0 8.0 22.0 16.0 80.0 0.0 0.0 0.0 0.0 0.0 0.0 0.0 0.0 0.0 0.0 0.0 0.0 0.0 0.0 0.0 0.0 0.0 0.0 0.0 0.0 0.0 0.0 0.0 0.0 0.0 0.0 
0.0 0.0 0.0 0.0 0.0 0.0 0.0 0.0 0.0 0.0 0.0 0.0 0.0 0.0 0.0 0.0 0.0 0.0 0.0 0.0 0.0 0.0 0.0 0.0 0.0 0.0 0.0 59.0 15.0 13.0 2.0 1.0 0.0 2.0 1.0 4.0 1.0 0.0 0.0 6.0 3.0 0.0 0.0 5.0 5.0 1.0 1.0 3.0 0.0 4.0 0.0 1.0 1.0 3.0 0.0 2.0 8.0 11.0 1.0 0.0 2.0 2.0 7.0 0.0 4.0 1.0 0.0 1.0 5.0 6.0 0.0 149.0 27.0 0.0 0.0 0.0 0.0 0.0 0.0 0.0 0.0 0.0 0.0 0.0 0.0 0.0 0.0 0.0 0.0 0.0 0.0 0.0 0.0 0.0 0.0 0.0 0.0 0.0 0.0 0.0 
0.0 0.0 0.0 0.0 0.0 0.0 0.0 0.0 0.0 0.0 0.0 0.0 0.0 0.0 0.0 0.0 0.0 0.0 0.0 0.0 0.0 0.0 0.0 0.0 0.0 0.0 0.0 0.0 29.0 202.0 0.0 0.0 4.0 0.0 11.0 0.0 2.0 6.0 0.0 1.0 6.0 1.0 0.0 6.0 1.0 5.0 0.0 2.0 1.0 1.0 3.0 1.0 0.0 3.0 3.0 3.0 4.0 1.0 6.0 0.0 8.0 1.0 0.0 1.0 1.0 4.0 0.0 4.0 7.0 4.0 110.0 0.0 0.0 0.0 0.0 0.0 0.0 0.0 0.0 0.0 0.0 0.0 0.0 0.0 0.0 0.0 0.0 0.0 0.0 0.0 0.0 0.0 0.0 0.0 0.0 0.0 0.0 0.0 0.0 0.0 
0.0 0.0 0.0 0.0 0.0 0.0 0.0 0.0 0.0 0.0 0.0 0.0 0.0 0.0 0.0 0.0 0.0 0.0 0.0 0.0 0.0 0.0 0.0 0.0 0.0 0.0 0.0 0.0 0.0 0.0 86.0 3.0 0.0 8.0 0.0 2.0 2.0 0.0 6.0 0.0 1.0 1.0 2.0 1.0 4.0 0.0 2.0 4.0 2.0 0.0 0.0 1.0 0.0 2.0 5.0 5.0 3.0 0.0 4.0 1.0 0.0 1.0 0.0 0.0 4.0 6.0 30.0 2.0 179.0 25.0 0.0 0.0 0.0 0.0 0.0 0.0 0.0 0.0 0.0 0.0 0.0 0.0 0.0 0.0 0.0 0.0 0.0 0.0 0.0 0.0 0.0 0.0 0.0 0.0 0.0 0.0 0.0 0.0 0.0 0.0 
0.0 0.0 0.0 0.0 0.0 0.0 0.0 0.0 0.0 0.0 0.0 0.0 0.0 0.0 0.0 0.0 0.0 0.0 0.0 0.0 0.0 0.0 0.0 0.0 0.0 0.0 0.0 0.0 0.0 0.0 0.0 45.0 200.0 2.0 24.0 4.0 0.0 3.0 1.0 0.0 1.0 0.0 1.0 5.0 7.0 1.0 0.0 0.0 0.0 0.0 5.0 0.0 8.0 0.0 0.0 1.0 2.0 2.0 0.0 4.0 0.0 4.0 6.0 3.0 11.0 27.0 46.0 80.0 0.0 0.0 0.0 0.0 0.0 0.0 0.0 0.0 0.0 0.0 0.0 0.0 0.0 0.0 0.0 0.0 0.0 0.0 0.0 0.0 0.0 0.0 0.0 0.0 0.0 0.0 0.0 0.0 0.0 0.0 0.0 0.0 
0.0 0.0 0.0 0.0 0.0 0.0 0.0 0.0 0.0 0.0 0.0 0.0 0.0 0.0 0.0 0.0 0.0 0.0 0.0 0.0 0.0 0.0 0.0 0.0 0.0 0.0 0.0 0.0 0.0 0.0 0.0 0.0 0.0 66.0 40.0 30.0 1.0 24.0 0.0 6.0 1.0 6.0 0.0 1.0 2.0 5.0 1.0 0.0 0.0 1.0 0.0 2.0 0.0 6.0 4.0 4.0 4.0 1.0 0.0 3.0 19.0 3.0 0.0 11.0 11.0 85.0 14.0 0.0 0.0 0.0 0.0 0.0 0.0 0.0 0.0 0.0 0.0 0.0 0.0 0.0 0.0 0.0 0.0 0.0 0.0 0.0 0.0 0.0 0.0 0.0 0.0 0.0 0.0 0.0 0.0 0.0 0.0 0.0 0.0 0.0 
0.0 0.0 0.0 0.0 0.0 0.0 0.0 0.0 0.0 0.0 0.0 0.0 0.0 0.0 0.0 0.0 0.0 0.0 0.0 0.0 0.0 0.0 0.0 0.0 0.0 0.0 0.0 0.0 0.0 0.0 0.0 0.0 0.0 0.0 18.0 55.0 190.0 29.0 16.0 4.0 3.0 9.0 8.0 2.0 24.0 6.0 10.0 15.0 3.0 3.0 7.0 5.0 3.0 5.0 2.0 10.0 4.0 8.0 2.0 40.0 39.0 166.0 117.0 109.0 33.0 0.0 0.0 0.0 0.0 0.0 0.0 0.0 0.0 0.0 0.0 0.0 0.0 0.0 0.0 0.0 0.0 0.0 0.0 0.0 0.0 0.0 0.0 0.0 0.0 0.0 0.0 0.0 0.0 0.0 0.0 0.0 0.0 0.0 0.0 0.0 
0.0 0.0 0.0 0.0 0.0 0.0 0.0 0.0 0.0 0.0 0.0 0.0 0.0 0.0 0.0 0.0 0.0 0.0 0.0 0.0 0.0 0.0 0.0 0.0 0.0 0.0 0.0 0.0 0.0 0.0 0.0 0.0 0.0 0.0 0.0 0.0 0.0 22.0 46.0 69.0 149.0 9.0 12.0 28.0 41.0 171.0 125.0 29.0 15.0 7.0 4.0 10.0 3.0 7.0 0.0 6.0 154.0 75.0 153.0 48.0 23.0 0.0 0.0 0.0 0.0 0.0 0.0 0.0 0.0 0.0 0.0 0.0 0.0 0.0 0.0 0.0 0.0 0.0 0.0 0.0 0.0 0.0 0.0 0.0 0.0 0.0 0.0 0.0 0.0 0.0 0.0 0.0 0.0 0.0 0.0 0.0 0.0 0.0 0.0 0.0 
0.0 0.0 0.0 0.0 0.0 0.0 0.0 0.0 0.0 0.0 0.0 0.0 0.0 0.0 0.0 0.0 0.0 0.0 0.0 0.0 0.0 0.0 0.0 0.0 0.0 0.0 0.0 0.0 0.0 0.0 0.0 0.0 0.0 0.0 0.0 0.0 0.0 0.0 0.0 0.0 0.0 18.0 37.0 42.0 27.0 2.0 6.0 19.0 33.0 48.0 44.0 24.0 64.0 49.0 49.0 30.0 1.0 0.0 0.0 0.0 0.0 0.0 0.0 0.0 0.0 0.0 0.0 0.0 0.0 0.0 0.0 0.0 0.0 0.0 0.0 0.0 0.0 0.0 0.0 0.0 0.0 0.0 0.0 0.0 0.0 0.0 0.0 0.0 0.0 0.0 0.0 0.0 0.0 0.0 0.0 0.0 0.0 0.0 0.0 0.0 
0.0 0.0 0.0 0.0 0.0 0.0 0.0 0.0 0.0 0.0 0.0 0.0 0.0 0.0 0.0 0.0 0.0 0.0 0.0 0.0 0.0 0.0 0.0 0.0 0.0 0.0 0.0 0.0 0.0 0.0 0.0 0.0 0.0 0.0 0.0 0.0 0.0 0.0 0.0 0.0 0.0 0.0 0.0 0.0 0.0 0.0 0.0 0.0 0.0 0.0 0.0 0.0 0.0 0.0 0.0 0.0 0.0 0.0 0.0 0.0 0.0 0.0 0.0 0.0 0.0 0.0 0.0 0.0 0.0 0.0 0.0 0.0 0.0 0.0 0.0 0.0 0.0 0.0 0.0 0.0 0.0 0.0 0.0 0.0 0.0 0.0 0.0 0.0 0.0 0.0 0.0 0.0 0.0 0.0 0.0 0.0 0.0 0.0 0.0 0.0 
