0.0 0.0 0.0 0.0 0.0 0.0 0.0 0.0 0.0 0.0 0.0 0.0 0.0 0.0 0.0 0.0 0.0 0.0 0.0 0.0 0.0 0.0 0.0 0.0 0.0 0.0 0.0 0.0 0.0 0.0 0.0 0.0 0.0 0.0 0.0 0.0 0.0 0.0 0.0 0.0 0.0 0.0 0.0 0.0 0.0 0.0 0.0 0.0 0.0 0.0 0.0 0.0 0.0 0.0 0.0 0.0 0.0 0.0 0.0 0.0 0.0 0.0 0.0 0.0 0.0 0.0 0.0 0.0 0.0 0.0 0.0 0.0 0.0 0.0 0.0 0.0 0.0 0.0 0.0 0.0 0.0 0.0 0.0 0.0 0.0 0.0 0.0 0.0 0.0 0.0 0.0 0.0 0.0 0.0 0.0 0.0 0.0 0.0 0.0 0.0 
0.0 0.0 0.0 0.0 0.0 0.0 0.0 0.0 0.0 0.0 0.0 0.0 0.0 0.0 0.0 0.0 0.0 0.0 0.0 0.0 0.0 0.0 0.0 0.0 0.0 0.0 0.0 0.0 0.0 0.0 0.0 0.0 0.0 0.0 0.0 0.0 0.0 0.0 0.0 0.0 0.0 0.0 0.0 0.0 0.0 0.0 0.0 0.0 0.0 0.0 0.0 0.0 0.0 0.0 0.0 0.0 0.0 0.0 0.0 0.0 0.0 0.0 0.0 0.0 0.0 0.0 0.0 0.0 0.0 0.0 0.0 0.0 0.0 0.0 0.0 0.0 0.0 0.0 0.0 0.0 0.0 0.0 0.0 0.0 0.0 0.0 0.0 0.0 0.0 0.0 0.0 0.0 0.0 0.0 0.0 0.0 0.0 0.0 0.0 0.0 
0.0 0.0 0.0 0.0 0.0 0.0 0.0 0.0 0.0 0.0 0.0 0.0 0.0 0.0 0.0 0.0 0.0 0.0 0.0 0.0 0.0 0.0 0.0 0.0 0.0 0.0 0.0 0.0 0.0 0.0 0.0 0.0 0.0 0.0 0.0 0.0 0.0 0.0 0.0 0.0 0.0 0.0 0.0 0.0 0.0 0.0 0.0 0.0 0.0 0.0 0.0 0.0 0.0 0.0 0.0 0.0 0.0 0.0 0.0 0.0 0.0 0.0 0.0 0.0 0.0 0.0 0.0 0.0 0.0 0.0 0.0 0.0 0.0 0.0 0.0 0.0 0.0 0.0 0.0 0.0 0.0 0.0 0.0 0.0 0.0 0.0 0.0 0.0 0.0 0.0 0.0 0.0 0.0 0.0 0.0 0.0 0.0 0.0 0.0 0.0 
0.0 0.0 0.0 0.0 0.0 0.0 0.0 0.0 0.0 0.0 0.0 0.0 0.0 0.0 0.0 0.0 0.0 0.0 0.0 0.0 0.0 0.0 0.0 0.0 0.0 0.0 0.0 0.0 0.0 0.0 0.0 0.0 0.0 0.0 0.0 0.0 0.0 0.0 0.0 0.0 0.0 0.0 0.0 0.0 0.0 0.0 0.0 34.0 46.0 85.0 69.0 47.0 0.0 0.0 16.0 24.0 49.0 0.0 0.0 0.0 0.0 0.0 0.0 0.0 0.0 0.0 0.0 0.0 0.0 0.0 0.0 0.0 0.0 0.0 0.0 0.0 0.0 0.0 0.0 0.0 0.0 0.0 0.0 0.0 0.0 0.0 0.0 0.0 0.0 0.0 0.0 0.0 0.0 0.0 0.0 0.0 0.0 0.0 0.0 0.0 
0.0 0.0 0.0 0.0 0.0 0.0 0.0 0.0 0.0 0.0 0.0 0.0 0.0 0.0 0.0 0.0 0.0 0.0 0.0 0.0 0.0 0.0 0.0 0.0 0.0 0.0 0.0 0.0 0.0 0.0 0.0 0.0 0.0 0.0 0.0 0.0 0.0 0.0 0.0 15.0 16.0 37.0 72.0 53.0 114.0 92.0 175.0 23.0 15.0 0.0 1.0 1.0 161.0 177.0 53.0 44.0 22.0 134.0 75.0 51.0 33.0 0.0 0.0 0.0 0.0 0.0 0.0 0.0 0.0 0.0 0.0 0.0 0.0 0.0 0.0 0.0 0.0 0.0 0.0 0.0 0.0 0.0 0.0 0.0 0.0 0.0 0.0 0.0 0.0 0.0 0.0 0.0 0.0 0.0 0.0 0.0 0.0 0.0 0.0 0.0 
0.0 0.0 0.0 0.0 0.0 0.0 0.0 0.0 0.0 0.0 0.0 0.0 0.0 0.0 0.0 0.0 0.0 0.0 0.0 0.0 0.0 0.0 0.0 0.0 0.0 0.0 0.0 0.0 0.0 0.0 0.0 0.0 0.0 0.0 0.0 0.0 49.0 48.0 107.0 88.0 131.0 20.0 8.0 4.0 4.0 6.0 0.0 20.0 1.0 1.0 0.0 1.0 3.0 1.0 16.0 15.0 0.0 1.0 1.0 7.0 7.0 133.0 65.0 36.0 0.0 0.0 0.0 0.0 0.0 0.0 0.0 0.0 0.0 0.0 0.0 0.0 0.0 0.0 0.0 0.0 0.0 0.0 0.0 0.0 0.0 0.0 0.0 0.0 0.0 0.0 0.0 0.0 0.0 0.0 0.0 0.0 0.0 0.0 0.0 0.0 
0.0 0.0 0.0 0.0 0.0 0.0 0.0 0.0 0.0 0.0 0.0 0.0 0.0 0.0 0.0 0.0 0.0 0.0 0.0 0.0 0.0 0.0 0.0 0.0 0.0 0.0 0.0 0.0 0.0 0.0 0.0 0.0 28.0 56.0 110.0 159.0 10.0 14.0 5.0 16.0 21.0 3.0 5.0 2.0 2.0 3.0 0.0 2.0 2.0 4.0 2.0 0.0 0.0 4.0 0.0 3.0 1.0 2.0 2.0 0.0 17.0 5.0 15.0 6.0 148.0 76.0 19.0 0.0 0.0 0.0 0.0 0.0 0.0 0.0 0.0 0.0 0.0 0.0 0.0 0.0 0.0 0.0 0.0 0.0 0.0 0.0 0.0 0.0 0.0 0.0 0.0 0.0 0.0 0.0 0.0 0.0 0.0 0.0 0.0 0.0 
0.0 0.0 0.0 0.0 0.0 0.0 0.0 0.0 0.0 0.0 0.0 0.0 0.0 0.0 0.0 0.0 0.0 0.0 0.0 0.0 0.0 0.0 0.0 0.0 0.0 0.0 0.0 0.0 0.0 0.0 34.0 146.0 9.0 13.0 1.0 1.0 6.0 4.0 1.0 0.0 0.0 0.0 0.0 1.0 0.0 4.0 1.0 4.0 2.0 4.0 0.0 0.0 0.0 1.0 1.0 2.0 0.0 1.0 7.0 1.0 4.0 3.0 0.0 8.0 1.0 23.0 70.0 65.0 20.0 0.0 0.0 0.0 0.0 0.0 0.0 0.0 0.0 0.0 0.0 0.0 0.0 0.0 0.0 0.0 0.0 0.0 0.0 0.0 0.0 0.0 0.0 0.0 0.0 0.0 0.0 0.0 0.0 0.0 0.0 0.0 
0.0 0.0 0.0 0.0 0.0 0.0 0.0 0.0 0.0 0.0 0.0 0.0 0.0 0.0 0.0 0.0 0.0 0.0 0.0 0.0 0.0 0.0 0.0 0.0 0.0 0.0 0.0 0.0 5.0 113.0 15.0 11.0 10.0 1.0 7.0 1.0 1.0 1.0 1.0 2.0 7.0 3.0 0.0 0.0 3.0 2.0 5.0 0.0 2.0 4.0 4.0 3.0 0.0 3.0 3.0 1.0 9.0 1.0 0.0 1.0 0.0 0.0 5.0 2.0 1.0 2.0 20.0 35.0 33.0 84.0 0.0 0.0 0.0 0.0 0.0 0.0 0.0 0.0 0.0 0.0 0.0 0.0 0.0 0.0 0.0 0.0 0.0 0.0 0.0 0.0 0.0 0.0 0.0 0.0 0.0 0.0 0.0 0.0 0.0 0.0 
0.0 0.0 0.0 0.0 0.0 0.0 0.0 0.0 0.0 0.0 0.0 0.0 0.0 0.0 0.0 0.0 0.0 0.0 0.0 0.0 0.0 0.0 0.0 0.0 0.0 0.0 0.0 56.0 150.0 5.0 21.0 3.0 2.0 1.0 2.0 1.0 4.0 4.0 3.0 3.0 0.0 3.0 3.0 0.0 2.0 0.0 4.0 0.0 1.0 0.0 1.0 2.0 5.0 1.0 2.0 1.0 1.0 1.0 2.0 1.0 0.0 2.0 2.0 2.0 0.0 1.0 1.0 1.0 25.0 3.0 143.0 29.0 0.0 0.0 0.0 0.0 0.0 0.0 0.0 0.0 0.0 0.0 0.0 0.0 0.0 0.0 0.0 0.0 0.0 0.0 0.0 0.0 0.0 0.0 0.0 0.0 0.0 0.0 0.0 0.0 
0.0 0.0 0.0 0.0 0.0 0.0 0.0 0.0 0.0 0.0 0.0 0.0 0.0 0.0 0.0 0.0 0.0 0.0 0.0 0.0 0.0 0.0 0.0 0.0 0.0 29.0 154.0 10.0 3.0 2.0 0.0 0.0 1.0 0.0 5.0 0.0 1.0 1.0 1.0 0.0 4.0 2.0 0.0 1.0 3.0 5.0 1.0 6.0 5.0 2.0 1.0 2.0 3.0 3.0 2.0 1.0 1.0 2.0 0.0 0.0 3.0 1.0 4.0 0.0 2.0 0.0 1.0 4.0 2.0 2.0 29.0 42.0 83.0 21.0 0.0 0.0 0.0 0.0 0.0 0.0 0.0 0.0 0.0 0.0 0.0 0.0 0.0 0.0 0.0 0.0 0.0 0.0 0.0 0.0 0.0 0.0 0.0 0.0 0.0 0.0 
0.0 0.0 0.0 0.0 0.0 0.0 0.0 0.0 0.0 0.0 0.0 0.0 0.0 0.0 0.0 0.0 0.0 0.0 0.0 0.0 0.0 0.0 0.0 0.0 96.0 46.0 22.0 0.0 2.0 0.0 1.0 4.0 2.0 2.0 1.0 1.0 1.0 4.0 0.0 5.0 0.0 0.0 4.0 3.0 6.0 2.0 2.0 0.0 1.0 2.0 1.0 1.0 4.0 0.0 0.0 0.0 3.0 7.0 2.0 4.0 4.0 4.0 0.0 0.0 4.0 4.0 0.0 0.0 0.0 0.0 2.0 32.0 22.0 75.0 67.0 0.0 0.0 0.0 0.0 0.0 0.0 0.0 0.0 0.0 0.0 0.0 0.0 0.0 0.0 0.0 0.0 0.0 0.0 0.0 0.0 0.0 0.0 0.0 0.0 0.0 
0.0 0.0 0.0 0.0 0.0 0.0 0.0 0.0 0.0 0.0 0.0 0.0 0.0 0.0 0.0 0.0 0.0 0.0 0.0 0.0 0.0 0.0 17.0 139.0 4.0 40.0 1.0 2.0 0.0 2.0 1.0 0.0 0.0 0.0 0.0 5.0 0.0 3.0 2.0 3.0 6.0 0.0 0.0 6.0 0.0 2.0 3.0 1.0 1.0 0.0 1.0 1.0 0.0 0.0 8.0 2.0 1.0 0.0 9.0 10.0 0.0 0.0 5.0 2.0 3.0 1.0 2.0 0.0 2.0 4.0 4.0 0.0 3.0 22.0 8.0 156.0 26.0 0.0 0.0 0.0 0.0 0.0 0.0 0.0 0.0 0.0 0.0 0.0 0.0 0.0 0.0 0.0 0.0 0.0 0.0 0.0 0.0 0.0 0.0 0.0 
0.0 0.0 0.0 0.0 0.0 0.0 0.0 0.0 0.0 0.0 0.0 0.0 0.0 0.0 0.0 0.0 0.0 0.0 0.0 0.0 0.0 37.0 128.0 6.0 6.0 0.0 1.0 1.0 5.0 1.0 2.0 0.0 3.0 0.0 4.0 0.0 6.0 9.0 0.0 5.0 0.0 0.0 0.0 1.0 2.0 0.0 1.0 3.0 1.0 3.0 1.0 2.0 2.0 1.0 3.0 0.0 2.0 6.0 3.0 0.0 0.0 6.0 1.0 3.0 1.0 0.0 0.0 0.0 1.0 1.0 4.0 1.0 0.0 1.0 1.0 8.0 21.0 103.0 0.0 0.0 0.0 0.0 0.0 0.0 0.0 0.0 0.0 0.0 0.0 0.0 0.0 0.0 0.0 0.0 0.0 0.0 0.0 0.0 0.0 0.0 
0.0 0.0 0.0 0.0 0.0 0.0 0.0 0.0 0.0 0.0 0.0 0.0 0.0 0.0 0.0 0.0 0.0 0.0 0.0 0.0 68.0 17.0 22.0 0.0 0.0 0.0 0.0 3.0 4.0 2.0 1.0 6.0 1.0 1.0 1.0 0.0 0.0 5.0 0.0 0.0 0.0 4.0 2.0 4.0 3.0 1.0 1.0 1.0 0.0 0.0 1.0 8.0 0.0 0.0 1.0 0.0 0.0 1.0 3.0 5.0 0.0 0.0 1.0 0.0 2.0 1.0 1.0 0.0 0.0 0.0 0.0 1.0 0.0 0.0 2.0 0.0 11.0 3.0 171.0 10.0 0.0 0.0 0.0 0.0 0.0 0.0 0.0 0.0 0.0 0.0 0.0 0.0 0.0 0.0 0.0 0.0 0.0 0.0 0.0 0.0 
0.0 0.0 0.0 0.0 0.0 0.0 0.0 0.0 0.0 0.0 0.0 0.0 0.0 0.0 0.0 0.0 0.0 0.0 0.0 142.0 2.0 15.0 1.0 2.0 6.0 4.0 0.0 9.0 2.0 3.0 3.0 1.0 1.0 5.0 1.0 0.0 4.0 0.0 1.0 2.0 1.0 5.0 2.0 0.0 2.0 2.0 0.0 4.0 4.0 2.0 3.0 0.0 1.0 7.0 0.0 4.0 0.0 0.0 5.0 0.0 2.0 0.0 0.0 0.0 4.0 5.0 0.0 0.0 0.0 2.0 3.0 12.0 3.0 3.0 3.0 1.0 2.0 0.0 10.0 123.0 25.0 0.0 0.0 0.0 0.0 0.0 0.0 0.0 0.0 0.0 0.0 0.0 0.0 0.0 0.0 0.0 0.0 0.0 0.0 0.0 
0.0 0.0 0.0 0.0 0.0 0.0 0.0 0.0 0.0 0.0 0.0 0.0 0.0 0.0 0.0 0.0 0.0 0.0 161.0 0.0 1.0 8.0 4.0 2.0 2.0 0.0 0.0 0.0 4.0 2.0 0.0 5.0 0.0 4.0 5.0 3.0 0.0 0.0 0.0 0.0 0.0 1.0 2.0 2.0 9.0 4.0 13.0 3.0 0.0 3.0 7.0 0.0 5.0 0.0 8.0 4.0 2.0 0.0 5.0 0.0 0.0 1.0 5.0 0.0 1.0 2.0 8.0 3.0 0.0 0.0 5.0 1.0 0.0 1.0 1.0 0.0 3.0 1.0 1.0 20.0 8.0 58.0 0.0 0.0 0.0 0.0 0.0 0.0 0.0 0.0 0.0 0.0 0.0 0.0 0.0 0.0 0.0 0.0 0.0 0.0 
0.0 0.0 0.0 0.0 0.0 0.0 0.0 0.0 0.0 0.0 0.0 0.0 0.0 0.0 0.0 0.0 0.0 165.0 3.0 0.0 0.0 0.0 2.0 1.0 0.0 0.0 0.0 0.0 0.0 1.0 3.0 0.0 2.0 2.0 2.0 0.0 1.0 1.0 7.0 4.0 0.0 0.0 2.0 0.0 1.0 0.0 1.0 2.0 0.0 5.0 0.0 1.0 3.0 7.0 0.0 1.0 0.0 5.0 6.0 2.0 3.0 0.0 6.0 3.0 1.0 3.0 1.0 1.0 0.0 2.0 0.0 1.0 2.0 1.0 2.0 4.0 1.0 0.0 2.0 0.0 10.0 13.0 88.0 0.0 0.0 0.0 0.0 0.0 0.0 0.0 0.0 0.0 0.0 0.0 0.0 0.0 0.0 0.0 0.0 0.0 
0.0 0.0 0.0 0.0 0.0 0.0 0.0 0.0 0.0 0.0 0.0 0.0 0.0 0.0 0.0 0.0 149.0 0.0 1.0 2.0 0.0 6.0 0.0 0.0 0.0 5.0 0.0 1.0 2.0 5.0 0.0 4.0 0.0 2.0 6.0 1.0 1.0 2.0 2.0 2.0 3.0 8.0 0.0 6.0 0.0 0.0 2.0 2.0 4.0 0.0 0.0 4.0 3.0 3.0 6.0 4.0 2.0 4.0 0.0 3.0 2.0 2.0 0.0 1.0 4.0 0.0 4.0 3.0 0.0 3.0 5.0 6.0 1.0 11.0 3.0 6.0 0.0 5.0 2.0 2.0 0.0 10.0 4.0 36.0 0.0 0.0 0.0 0.0 0.0 0.0 0.0 0.0 0.0 0.0 0.0 0.0 0.0 0.0 0.0 0.0 
0.0 0.0 0.0 0.0 0.0 0.0 0.0 0.0 0.0 0.0 0.0 0.0 0.0 0.0 0.0 103.0 0.0 2.0 0.0 5.0 4.0 0.0 2.0 1.0 4.0 2.0 2.0 0.0 5.0 0.0 2.0 2.0 3.0 2.0 4.0 0.0 1.0 1.0 6.0 1.0 0.0 0.0 3.0 0.0 0.0 0.0 0.0 0.0 5.0 0.0 1.0 1.0 1.0 1.0 5.0 1.0 1.0 4.0 2.0 0.0 2.0 2.0 3.0 6.0 6.0 0.0 3.0 0.0 0.0 5.0 4.0 1.0 1.0 5.0 3.0 2.0 0.0 0.0 0.0 0.0 1.0 1.0 18.0 133.0 7.0 0.0 0.0 0.0 0.0 0.0 0.0 0.0 0.0 0.0 0.0 0.0 0.0 0.0 0.0 0.0 
0.0 0.0 0.0 0.0 0.0 0.0 0.0 0.0 0.0 0.0 0.0 0.0 0.0 0.0 117.0 1.0 5.0 0.0 0.0 2.0 2.0 0.0 1.0 1.0 0.0 1.0 0.0 1.0 2.0 0.0 1.0 4.0 0.0 4.0 0.0 6.0 3.0 1.0 2.0 0.0 0.0 5.0 3.0 7.0 0.0 0.0 2.0 1.0 0.0 10.0 0.0 0.0 0.0 3.0 1.0 0.0 1.0 2.0 3.0 3.0 1.0 5.0 1.0 0.0 0.0 2.0 0.0 0.0 0.0 8.0 0.0 9.0 1.0 0.0 0.0 3.0 0.0 1.0 4.0 3.0 0.0 0.0 5.0 13.0 143.0 0.0 0.0 0.0 0.0 0.0 0.0 0.0 0.0 0.0 0.0 0.0 0.0 0.0 0.0 0.0 
0.0 0.0 0.0 0.0 0.0 0.0 0.0 0.0 0.0 0.0 0.0 0.0 0.0 103.0 4.0 3.0 0.0 0.0 1.0 0.0 0.0 1.0 2.0 1.0 1.0 3.0 6.0 8.0 0.0 0.0 6.0 6.0 2.0 0.0 1.0 0.0 3.0 6.0 4.0 3.0 1.0 0.0 2.0 2.0 3.0 1.0 1.0 0.0 1.0 2.0 2.0 1.0 2.0 1.0 1.0 3.0 2.0 0.0 8.0 0.0 0.0 2.0 5.0 0.0 1.0 5.0 4.0 0.0 0.0 2.0 5.0 2.0 2.0 10.0 1.0 0.0 8.0 0.0 0.0 3.0 2.0 1.0 4.0 0.0 3.0 135.0 0.0 0.0 0.0 0.0 0.0 0.0 0.0 0.0 0.0 0.0 0.0 0.0 0.0 0.0 
0.0 0.0 0.0 0.0 0.0 0.0 0.0 0.0 0.0 0.0 0.0 0.0 54.0 29.0 18.0 4.0 2.0 0.0 0.0 2.0 3.0 0.0 0.0 4.0 8.0 2.0 0.0 0.0 2.0 2.0 6.0 0.0 4.0 4.0 1.0 2.0 0.0 5.0 2.0 0.0 2.0 2.0 1.0 4.0 0.0 6.0 3.0 1.0 0.0 0.0 0.0 0.0 0.0 5.0 0.0 11.0 0.0 3.0 1.0 6.0 3.0 6.0 2.0 2.0 0.0 4.0 1.0 4.0 2.0 4.0 1.0 2.0 0.0 0.0 9.0 1.0 1.0 4.0 4.0 3.0 1.0 0.0 0.0 1.0 2.0 6.0 87.0 0.0 0.0 0.0 0.0 0.0 0.0 0.0 0.0 0.0 0.0 0.0 0.0 0.0 
0.0 0.0 0.0 0.0 0.0 0.0 0.0 0.0 0.0 0.0 0.0 46.0 43.0 47.0 0.0 5.0 2.0 1.0 0.0 8.0 0.0 0.0 5.0 5.0 0.0 8.0 0.0 0.0 0.0 5.0 0.0 5.0 5.0 1.0 0.0 3.0 3.0 1.0 2.0 0.0 0.0 2.0 2.0 0.0 0.0 2.0 1.0 5.0 2.0 3.0 2.0 2.0 0.0 1.0 0.0 2.0 1.0 2.0 1.0 0.0 0.0 1.0 0.0 0.0 1.0 4.0 6.0 1.0 0.0 5.0 11.0 0.0 17.0 1.0 7.0 4.0 0.0 1.0 2.0 3.0 1.0 0.0 1.0 1.0 4.0 2.0 3.0 82.0 0.0 0.0 0.0 0.0 0.0 0.0 0.0 0.0 0.0 0.0 0.0 0.0 
0.0 0.0 0.0 0.0 0.0 0.0 0.0 0.0 0.0 0.0 51.0 37.0 48.0 2.0 0.0 1.0 1.0 7.0 2.0 0.0 0.0 4.0 3.0 1.0 0.0 0.0 4.0 0.0 1.0 0.0 1.0 6.0 2.0 3.0 6.0 1.0 0.0 2.0 2.0 3.0 4.0 2.0 1.0 0.0 0.0 1.0 3.0 0.0 1.0 2.0 1.0 6.0 0.0 0.0 8.0 1.0 7.0 6.0 0.0 1.0 2.0 11.0 0.0 5.0 0.0 1.0 4.0 4.0 0.0 0.0 7.0 10.0 2.0 0.0 2.0 2.0 2.0 6.0 3.0 2.0 1.0 11.0 0.0 1.0 4.0 1.0 4.0 0.0 73.0 0.0 0.0 0.0 0.0 0.0 0.0 0.0 0.0 0.0 0.0 0.0 
0.0 0.0 0.0 0.0 0.0 0.0 0.0 0.0 0.0 21.0 43.0 44.0 2.0 0.0 1.0 6.0 3.0 2.0 0.0 0.0 2.0 3.0 0.0 2.0 2.0 2.0 7.0 2.0 4.0 0.0 5.0 0.0 0.0 0.0 2.0 5.0 6.0 12.0 1.0 5.0 1.0 2.0 0.0 1.0 0.0 1.0 2.0 0.0 4.0 0.0 0.0 4.0 4.0 1.0 3.0 0.0 0.0 6.0 5.0 2.0 7.0 0.0 2.0 2.0 0.0 5.0 1.0 0.0 2.0 5.0 0.0 1.0 0.0 5.0 2.0 1.0 6.0 1.0 4.0 0.0 0.0 1.0 2.0 2.0 0.0 0.0 1.0 27.0 40.0 11.0 0.0 0.0 0.0 0.0 0.0 0.0 0.0 0.0 0.0 0.0 
0.0 0.0 0.0 0.0 0.0 0.0 0.0 0.0 0.0 158.0 25.0 0.0 0.0 0.0 0.0 0.0 0.0 0.0 0.0 2.0 3.0 3.0 4.0 3.0 1.0 5.0 1.0 0.0 0.0 2.0 1.0 2.0 3.0 0.0 4.0 5.0 1.0 1.0 1.0 0.0 2.0 2.0 2.0 4.0 0.0 1.0 2.0 1.0 1.0 2.0 3.0 1.0 1.0 0.0 1.0 3.0 4.0 0.0 0.0 0.0 1.0 0.0 1.0 0.0 12.0 2.0 3.0 1.0 0.0 5.0 2.0 2.0 1.0 1.0 4.0 3.0 2.0 8.0 0.0 1.0 1.0 5.0 0.0 0.0 3.0 3.0 2.0 0.0 24.0 117.0 0.0 0.0 0.0 0.0 0.0 0.0 0.0 0.0 0.0 0.0 
0.0 0.0 0.0 0.0 0.0 0.0 0.0 0.0 107.0 4.0 5.0 3.0 2.0 0.0 1.0 0.0 0.0 2.0 2.0 4.0 4.0 1.0 1.0 0.0 0.0 2.0 1.0 0.0 2.0 0.0 2.0 2.0 0.0 0.0 4.0 1.0 3.0 0.0 1.0 2.0 0.0 4.0 0.0 4.0 1.0 2.0 3.0 6.0 3.0 1.0 4.0 1.0 4.0 0.0 1.0 0.0 0.0 1.0 14.0 0.0 0.0 2.0 0.0 2.0 0.0 0.0 0.0 7.0 1.0 2.0 1.0 5.0 1.0 6.0 0.0 0.0 3.0 1.0 3.0 1.0 4.0 2.0 0.0 8.0 0.0 5.0 0.0 3.0 1.0 0.0 103.0 0.0 0.0 0.0 0.0 0.0 0.0 0.0 0.0 0.0 
0.0 0.0 0.0 0.0 0.0 0.0 0.0 47.0 0.0 2.0 1.0 1.0 0.0 5.0 2.0 1.0 0.0 2.0 0.0 0.0 1.0 3.0 3.0 2.0 1.0 1.0 3.0 1.0 4.0 3.0 1.0 0.0 1.0 4.0 0.0 2.0 0.0 1.0 0.0 0.0 0.0 0.0 2.0 0.0 3.0 0.0 2.0 0.0 0.0 3.0 0.0 2.0 4.0 0.0 3.0 7.0 6.0 1.0 0.0 2.0 5.0 3.0 9.0 0.0 1.0 4.0 1.0 1.0 0.0 0.0 5.0 0.0 2.0 0.0 1.0 1.0 0.0 1.0 4.0 4.0 0.0 5.0 0.0 6.0 0.0 10.0 2.0 0.0 0.0 5.0 6.0 35.0 0.0 0.0 0.0 0.0 0.0 0.0 0.0 0.0 
0.0 0.0 0.0 0.0 0.0 0.0 11.0 83.0 16.0 0.0 3.0 1.0 0.0 0.0 7.0 0.0 2.0 1.0 2.0 0.0 1.0 4.0 0.0 0.0 2.0 1.0 0.0 3.0 0.0 0.0 0.0 1.0 0.0 1.0 1.0 1.0 5.0 2.0 2.0 3.0 4.0 0.0 0.0 3.0 6.0 0.0 6.0 0.0 2.0 4.0 4.0 1.0 0.0 0.0 2.0 5.0 0.0 0.0 2.0 1.0 3.0 4.0 0.0 0.0 2.0 0.0 4.0 2.0 0.0 9.0 2.0 1.0 2.0 0.0 1.0 0.0 1.0 2.0 6.0 5.0 3.0 0.0 0.0 0.0 0.0 0.0 0.0 1.0 4.0 2.0 6.0 161.0 0.0 0.0 0.0 0.0 0.0 0.0 0.0 0.0 
0.0 0.0 0.0 0.0 0.0 0.0 135.0 16.0 0.0 4.0 1.0 0.0 4.0 3.0 1.0 0.0 3.0 8.0 3.0 0.0 4.0 0.0 1.0 2.0 3.0 4.0 2.0 0.0 0.0 4.0 3.0 2.0 0.0 1.0 4.0 4.0 4.0 4.0 2.0 0.0 3.0 7.0 3.0 0.0 3.0 1.0 2.0 6.0 2.0 0.0 0.0 0.0 0.0 1.0 0.0 0.0 0.0 0.0 1.0 0.0 0.0 3.0 2.0 0.0 0.0 0.0 2.0 4.0 1.0 0.0 1.0 5.0 0.0 0.0 0.0 4.0 1.0 1.0 2.0 3.0 1.0 0.0 0.0 0.0 0.0 0.0 3.0 2.0 0.0 0.0 5.0 5.0 76.0 0.0 0.0 0.0 0.0 0.0 0.0 0.0 
0.0 0.0 0.0 0.0 0.0 108.0 3.0 1.0 0.0 3.0 1.0 0.0 1.0 1.0 2.0 4.0 2.0 0.0 0.0 7.0 0.0 1.0 3.0 0.0 0.0 0.0 2.0 0.0 0.0 0.0 0.0 5.0 0.0 0.0 2.0 4.0 3.0 0.0 1.0 1.0 1.0 1.0 0.0 2.0 2.0 1.0 6.0 0.0 4.0 0.0 0.0 0.0 1.0 0.0 1.0 0.0 3.0 4.0 1.0 3.0 0.0 7.0 0.0 7.0 1.0 1.0 1.0 3.0 0.0 0.0 2.0 2.0 1.0 7.0 0.0 1.0 2.0 0.0 0.0 2.0 5.0 0.0 3.0 4.0 0.0 0.0 4.0 2.0 0.0 0.0 0.0 28.0 37.0 20.0 0.0 0.0 0.0 0.0 0.0 0.0 
0.0 0.0 0.0 0.0 23.0 79.0 27.0 0.0 0.0 0.0 5.0 3.0 4.0 1.0 3.0 6.0 0.0 1.0 0.0 3.0 1.0 0.0 2.0 3.0 0.0 2.0 1.0 0.0 14.0 9.0 0.0 2.0 0.0 0.0 0.0 2.0 0.0 0.0 1.0 0.0 0.0 2.0 1.0 5.0 0.0 3.0 1.0 1.0 0.0 0.0 2.0 1.0 1.0 0.0 2.0 2.0 4.0 1.0 3.0 1.0 1.0 1.0 2.0 0.0 4.0 3.0 0.0 0.0 0.0 4.0 4.0 0.0 1.0 2.0 2.0 3.0 6.0 0.0 1.0 0.0 8.0 1.0 2.0 0.0 0.0 3.0 1.0 1.0 0.0 2.0 1.0 1.0 32.0 139.0 0.0 0.0 0.0 0.0 0.0 0.0 
0.0 0.0 0.0 0.0 140.0 40.0 2.0 0.0 9.0 4.0 0.0 0.0 1.0 0.0 2.0 0.0 0.0 3.0 4.0 0.0 0.0 5.0 6.0 0.0 0.0 0.0 0.0 10.0 1.0 0.0 2.0 4.0 1.0 0.0 0.0 0.0 2.0 0.0 0.0 1.0 1.0 2.0 0.0 0.0 5.0 3.0 6.0 5.0 0.0 9.0 1.0 0.0 0.0 9.0 5.0 0.0 0.0 5.0 0.0 14.0 3.0 7.0 0.0 5.0 1.0 2.0 0.0 0.0 2.0 1.0 3.0 3.0 4.0 0.0 3.0 0.0 2.0 4.0 1.0 5.0 1.0 4.0 2.0 3.0 2.0 0.0 1.0 2.0 0.0 0.0 2.0 0.0 10.0 17.0 37.0 0.0 0.0 0.0 0.0 0.0 
0.0 0.0 0.0 32.0 18.0 7.0 1.0 5.0 8.0 0.0 2.0 1.0 2.0 4.0 0.0 2.0 1.0 4.0 2.0 0.0 2.0 0.0 3.0 0.0 1.0 2.0 0.0 0.0 2.0 0.0 0.0 1.0 2.0 1.0 5.0 0.0 3.0 3.0 0.0 1.0 0.0 0.0 0.0 0.0 0.0 2.0 2.0 0.0 1.0 0.0 1.0 1.0 1.0 8.0 3.0 0.0 1.0 1.0 0.0 0.0 1.0 10.0 2.0 2.0 2.0 4.0 0.0 2.0 0.0 0.0 0.0 2.0 2.0 3.0 2.0 0.0 1.0 1.0 1.0 0.0 1.0 4.0 1.0 3.0 2.0 1.0 2.0 0.0 3.0 2.0 1.0 2.0 4.0 13.0 121.0 0.0 0.0 0.0 0.0 0.0 
0.0 0.0 0.0 69.0 3.0 6.0 0.0 2.0 1.0 3.0 1.0 0.0 0.0 0.0 2.0 5.0 4.0 4.0 1.0 1.0 4.0 0.0 2.0 4.0 0.0 1.0 0.0 4.0 5.0 0.0 3.0 0.0 4.0 0.0 1.0 0.0 1.0 1.0 0.0 0.0 4.0 2.0 6.0 2.0 3.0 2.0 1.0 2.0 0.0 0.0 9.0 4.0 1.0 1.0 0.0 0.0 0.0 3.0 0.0 2.0 2.0 0.0 6.0 1.0 4.0 11.0 4.0 5.0 1.0 4.0 6.0 0.0 3.0 1.0 0.0 2.0 0.0 4.0 1.0 5.0 0.0 1.0 1.0 4.0 0.0 2.0 0.0 1.0 1.0 1.0 5.0 1.0 1.0 13.0 20.0 17.0 0.0 0.0 0.0 0.0 
0.0 0.0 0.0 125.0 12.0 1.0 4.0 5.0 2.0 4.0 0.0 1.0 1.0 2.0 0.0 4.0 3.0 3.0 0.0 0.0 6.0 0.0 3.0 4.0 0.0 2.0 1.0 1.0 9.0 1.0 7.0 0.0 0.0 0.0 7.0 4.0 1.0 6.0 0.0 1.0 2.0 0.0 1.0 1.0 1.0 2.0 2.0 5.0 1.0 2.0 4.0 0.0 2.0 3.0 0.0 5.0 0.0 3.0 0.0 2.0 7.0 8.0 0.0 5.0 1.0 3.0 1.0 2.0 2.0 1.0 0.0 2.0 0.0 1.0 2.0 0.0 0.0 3.0 8.0 0.0 2.0 6.0 8.0 2.0 0.0 3.0 1.0 0.0 3.0 0.0 3.0 4.0 4.0 0.0 14.0 57.0 0.0 0.0 0.0 0.0 
0.0 0.0 20.0 20.0 9.0 0.0 1.0 0.0 1.0 1.0 1.0 3.0 1.0 1.0 3.0 5.0 2.0 3.0 4.0 3.0 4.0 3.0 7.0 0.0 1.0 0.0 5.0 2.0 0.0 12.0 0.0 0.0 1.0 0.0 0.0 0.0 9.0 0.0 2.0 7.0 6.0 1.0 0.0 0.0 13.0 0.0 1.0 1.0 0.0 2.0 0.0 0.0 0.0 6.0 1.0 1.0 0.0 0.0 0.0 0.0 0.0 0.0 3.0 0.0 6.0 0.0 3.0 2.0 10.0 0.0 2.0 0.0 11.0 3.0 0.0 4.0 5.0 2.0 2.0 8.0 4.0 3.0 5.0 2.0 0.0 5.0 3.0 0.0 1.0 4.0 0.0 0.0 0.0 0.0 4.0 128.0 0.0 0.0 0.0 0.0 
0.0 0.0 57.0 10.0 3.0 3.0 2.0 1.0 4.0 0.0 0.0 1.0 2.0 3.0 2.0 1.0 0.0 11.0 5.0 0.0 4.0 0.0 0.0 1.0 3.0 0.0 1.0 0.0 5.0 0.0 12.0 0.0 2.0 0.0 0.0 0.0 0.0 0.0 2.0 0.0 0.0 0.0 0.0 4.0 2.0 3.0 4.0 0.0 0.0 1.0 2.0 0.0 0.0 0.0 2.0 0.0 5.0 0.0 0.0 1.0 0.0 1.0 0.0 1.0 2.0 0.0 5.0 2.0 5.0 5.0 8.0 0.0 4.0 2.0 1.0 1.0 4.0 2.0 2.0 1.0 1.0 2.0 3.0 3.0 2.0 2.0 2.0 8.0 6.0 0.0 2.0 1.0 8.0 1.0 12.0 4.0 34.0 0.0 0.0 0.0 
0.0 0.0 132.0 0.0 3.0 11.0 2.0 4.0 0.0 4.0 4.0 2.0 1.0 2.0 3.0 3.0 4.0 4.0 0.0 2.0 0.0 4.0 2.0 0.0 2.0 5.0 0.0 0.0 2.0 4.0 0.0 4.0 0.0 0.0 9.0 5.0 0.0 7.0 2.0 3.0 1.0 0.0 0.0 7.0 2.0 9.0 0.0 0.0 3.0 3.0 0.0 5.0 10.0 4.0 2.0 5.0 0.0 5.0 6.0 0.0 0.0 4.0 2.0 2.0 1.0 4.0 5.0 6.0 4.0 1.0 0.0 8.0 0.0 3.0 3.0 1.0 4.0 4.0 0.0 2.0 1.0 0.0 0.0 8.0 1.0 2.0 0.0 0.0 2.0 4.0 1.0 0.0 3.0 1.0 3.0 6.0 154.0 0.0 0.0 0.0 
0.0 12.0 80.0 12.0 0.0 0.0 2.0 11.0 2.0 2.0 5.0 4.0 0.0 4.0 2.0 0.0 3.0 0.0 1.0 4.0 5.0 0.0 2.0 0.0 1.0 1.0 2.0 6.0 0.0 1.0 7.0 0.0 0.0 5.0 1.0 8.0 1.0 0.0 2.0 4.0 1.0 7.0 6.0 1.0 3.0 0.0 6.0 7.0 1.0 0.0 2.0 1.0 1.0 0.0 1.0 4.0 2.0 0.0 2.0 0.0 7.0 5.0 1.0 0.0 2.0 3.0 2.0 4.0 2.0 2.0 4.0 1.0 0.0 3.0 0.0 5.0 2.0 0.0 5.0 0.0 13.0 0.0 0.0 2.0 0.0 3.0 0.0 0.0 1.0 3.0 4.0 2.0 5.0 3.0 1.0 9.0 5.0 40.0 0.0 0.0 
0.0 0.0 191.0 2.0 1.0 0.0 4.0 2.0 4.0 2.0 3.0 2.0 0.0 3.0 3.0 0.0 0.0 6.0 1.0 8.0 1.0 1.0 0.0 2.0 0.0 0.0 1.0 3.0 1.0 4.0 4.0 2.0 0.0 3.0 4.0 3.0 2.0 2.0 3.0 3.0 0.0 5.0 1.0 1.0 1.0 2.0 0.0 1.0 4.0 0.0 3.0 3.0 1.0 1.0 4.0 0.0 0.0 2.0 2.0 3.0 0.0 5.0 11.0 1.0 2.0 2.0 1.0 0.0 2.0 2.0 1.0 0.0 5.0 1.0 3.0 1.0 5.0 4.0 7.0 0.0 6.0 0.0 2.0 3.0 2.0 4.0 0.0 7.0 0.0 2.0 0.0 1.0 3.0 0.0 1.0 5.0 4.0 46.0 0.0 0.0 
0.0 43.0 15.0 4.0 0.0 2.0 1.0 2.0 1.0 4.0 1.0 1.0 4.0 0.0 0.0 8.0 0.0 2.0 2.0 0.0 1.0 4.0 0.0 3.0 0.0 1.0 0.0 0.0 2.0 3.0 0.0 2.0 1.0 1.0 1.0 0.0 3.0 2.0 0.0 3.0 0.0 3.0 0.0 3.0 4.0 2.0 3.0 1.0 0.0 1.0 4.0 0.0 4.0 0.0 6.0 2.0 2.0 0.0 2.0 7.0 0.0 0.0 3.0 0.0 3.0 1.0 2.0 1.0 1.0 1.0 2.0 2.0 1.0 7.0 1.0 2.0 3.0 1.0 6.0 0.0 0.0 2.0 2.0 1.0 0.0 2.0 2.0 0.0 1.0 0.0 0.0 3.0 6.0 2.0 2.0 4.0 2.0 43.0 0.0 0.0 
0.0 40.0 11.0 2.0 5.0 0.0 0.0 0.0 0.0 3.0 1.0 6.0 0.0 3.0 9.0 0.0 0.0 3.0 0.0 0.0 0.0 2.0 1.0 4.0 3.0 1.0 8.0 0.0 3.0 0.0 3.0 0.0 14.0 0.0 6.0 3.0 3.0 1.0 6.0 7.0 6.0 4.0 0.0 1.0 5.0 1.0 4.0 2.0 2.0 3.0 7.0 4.0 0.0 1.0 1.0 1.0 0.0 0.0 3.0 0.0 2.0 4.0 3.0 1.0 8.0 1.0 0.0 0.0 0.0 1.0 0.0 1.0 0.0 1.0 0.0 3.0 0.0 7.0 3.0 3.0 4.0 0.0 0.0 0.0 1.0 1.0 3.0 1.0 0.0 0.0 1.0 2.0 1.0 0.0 3.0 6.0 5.0 98.0 0.0 0.0 
0.0 80.0 5.0 0.0 2.0 0.0 0.0 4.0 0.0 0.0 0.0 0.0 0.0 1.0 0.0 1.0 2.0 0.0 3.0 0.0 11.0 9.0 4.0 2.0 1.0 0.0 2.0 1.0 1.0 1.0 8.0 2.0 0.0 1.0 2.0 4.0 5.0 0.0 3.0 1.0 4.0 1.0 0.0 0.0 3.0 1.0 3.0 4.0 3.0 10.0 0.0 3.0 5.0 6.0 0.0 4.0 3.0 0.0 3.0 3.0 0.0 0.0 1.0 4.0 2.0 7.0 0.0 0.0 0.0 3.0 0.0 3.0 2.0 0.0 5.0 0.0 3.0 6.0 1.0 3.0 2.0 12.0 0.0 3.0 0.0 5.0 2.0 2.0 2.0 2.0 1.0 2.0 9.0 1.0 9.0 2.0 0.0 88.0 0.0 0.0 
0.0 104.0 0.0 0.0 2.0 1.0 0.0 3.0 0.0 0.0 0.0 2.0 0.0 4.0 6.0 7.0 0.0 4.0 6.0 2.0 1.0 1.0 0.0 0.0 4.0 2.0 0.0 0.0 2.0 1.0 1.0 0.0 0.0 12.0 1.0 0.0 4.0 1.0 0.0 4.0 2.0 3.0 0.0 0.0 0.0 0.0 3.0 0.0 4.0 1.0 4.0 0.0 0.0 3.0 0.0 2.0 0.0 0.0 0.0 0.0 4.0 1.0 1.0 5.0 0.0 3.0 1.0 2.0 0.0 0.0 2.0 2.0 2.0 4.0 0.0 1.0 1.0 0.0 0.0 1.0 0.0 0.0 2.0 3.0 0.0 2.0 6.0 1.0 2.0 0.0 0.0 0.0 2.0 0.0 5.0 1.0 1.0 92.0 0.0 0.0 
0.0 108.0 3.0 2.0 3.0 3.0 1.0 1.0 0.0 1.0 4.0 5.0 3.0 1.0 2.0 8.0 0.0 0.0 6.0 5.0 2.0 8.0 7.0 0.0 0.0 4.0 2.0 0.0 0.0 5.0 0.0 5.0 0.0 11.0 3.0 1.0 3.0 7.0 3.0 1.0 1.0 5.0 1.0 0.0 2.0 8.0 4.0 3.0 3.0 1.0 0.0 0.0 1.0 7.0 0.0 1.0 0.0 0.0 2.0 2.0 5.0 0.0 2.0 2.0 4.0 2.0 2.0 1.0 2.0 7.0 3.0 2.0 5.0 2.0 4.0 1.0 2.0 1.0 5.0 2.0 2.0 7.0 1.0 0.0 0.0 0.0 0.0 6.0 0.0 1.0 1.0 2.0 0.0 0.0 1.0 0.0 0.0 144.0 0.0 0.0 
29.0 9.0 5.0 1.0 1.0 1.0 0.0 4.0 1.0 1.0 1.0 9.0 0.0 1.0 1.0 0.0 4.0 6.0 0.0 0.0 0.0 5.0 1.0 3.0 1.0 5.0 2.0 1.0 0.0 0.0 3.0 2.0 1.0 0.0 1.0 3.0 1.0 3.0 2.0 0.0 3.0 10.0 2.0 0.0 2.0 5.0 2.0 2.0 1.0 1.0 1.0 8.0 0.0 2.0 2.0 0.0 2.0 2.0 3.0 0.0 0.0 2.0 1.0 0.0 2.0 0.0 0.0 1.0 8.0 2.0 1.0 3.0 1.0 1.0 2.0 6.0 3.0 4.0 0.0 1.0 2.0 2.0 2.0 0.0 1.0 1.0 0.0 4.0 1.0 0.0 1.0 2.0 2.0 2.0 0.0 1.0 23.0 22.0 23.0 0.0 
38.0 14.0 6.0 2.0 6.0 11.0 2.0 2.0 2.0 0.0 1.0 2.0 1.0 1.0 4.0 1.0 4.0 11.0 0.0 0.0 4.0 0.0 2.0 7.0 2.0 2.0 12.0 1.0 1.0 11.0 1.0 0.0 2.0 1.0 0.0 9.0 2.0 4.0 4.0 2.0 4.0 0.0 2.0 0.0 1.0 3.0 0.0 3.0 0.0 1.0 3.0 4.0 1.0 5.0 0.0 2.0 1.0 1.0 3.0 0.0 3.0 0.0 1.0 1.0 2.0 1.0 2.0 1.0 0.0 3.0 3.0 1.0 2.0 2.0 2.0 1.0 5.0 1.0 6.0 3.0 0.0 0.0 11.0 3.0 1.0 3.0 1.0 0.0 8.0 0.0 2.0 0.0 0.0 2.0 2.0 0.0 10.0 18.0 52.0 0.0 
41.0 9.0 11.0 3.0 3.0 4.0 1.0 0.0 0.0 9.0 0.0 6.0 0.0 0.0 3.0 1.0 0.0 3.0 2.0 3.0 0.0 1.0 2.0 0.0 1.0 1.0 1.0 1.0 4.0 0.0 5.0 0.0 4.0 0.0 1.0 2.0 3.0 1.0 0.0 4.0 0.0 2.0 0.0 1.0 2.0 0.0 0.0 0.0 3.0 1.0 0.0 0.0 0.0 1.0 2.0 5.0 0.0 3.0 0.0 3.0 1.0 3.0 3.0 4.0 0.0 2.0 0.0 3.0 0.0 1.0 3.0 3.0 0.0 4.0 0.0 4.0 0.0 0.0 3.0 2.0 10.0 2.0 3.0 1.0 1.0 0.0 6.0 1.0 2.0 0.0 0.0 1.0 0.0 3.0 4.0 4.0 4.0 4.0 56.0 0.0 
57.0 10.0 4.0 4.0 0.0 7.0 0.0 4.0 2.0 1.0 0.0 0.0 1.0 0.0 0.0 0.0 2.0 0.0 5.0 2.0 1.0 0.0 2.0 1.0 1.0 1.0 4.0 1.0 1.0 0.0 6.0 2.0 1.0 0.0 4.0 1.0 5.0 0.0 4.0 9.0 4.0 0.0 6.0 0.0 1.0 2.0 1.0 0.0 3.0 4.0 2.0 1.0 5.0 0.0 0.0 4.0 5.0 0.0 3.0 2.0 1.0 5.0 0.0 0.0 1.0 2.0 0.0 0.0 2.0 1.0 3.0 10.0 3.0 0.0 0.0 0.0 0.0 2.0 7.0 0.0 8.0 0.0 1.0 4.0 0.0 3.0 5.0 4.0 2.0 1.0 4.0 5.0 1.0 0.0 3.0 0.0 1.0 6.0 53.0 0.0 
50.0 1.0 3.0 2.0 2.0 1.0 0.0 1.0 0.0 0.0 7.0 5.0 0.0 0.0 1.0 3.0 4.0 8.0 3.0 8.0 4.0 3.0 0.0 3.0 8.0 0.0 1.0 1.0 0.0 1.0 2.0 3.0 6.0 3.0 0.0 1.0 3.0 2.0 9.0 2.0 1.0 4.0 1.0 1.0 2.0 0.0 0.0 4.0 0.0 0.0 0.0 0.0 1.0 2.0 3.0 4.0 1.0 0.0 1.0 6.0 0.0 0.0 7.0 4.0 5.0 0.0 3.0 4.0 0.0 0.0 2.0 1.0 0.0 1.0 2.0 2.0 3.0 11.0 0.0 5.0 1.0 1.0 6.0 2.0 5.0 6.0 4.0 4.0 1.0 0.0 3.0 1.0 0.0 0.0 3.0 0.0 3.0 7.0 35.0 0.0 
53.0 1.0 6.0 1.0 1.0 1.0 0.0 3.0 2.0 4.0 0.0 2.0 0.0 1.0 8.0 1.0 1.0 1.0 1.0 2.0 3.0 0.0 3.0 4.0 0.0 3.0 3.0 1.0 1.0 0.0 12.0 7.0 6.0 1.0 8.0 1.0 1.0 1.0 2.0 0.0 9.0 4.0 2.0 0.0 1.0 4.0 2.0 4.0 1.0 2.0 3.0 8.0 0.0 2.0 3.0 3.0 2.0 0.0 2.0 1.0 0.0 2.0 2.0 0.0 0.0 10.0 2.0 6.0 4.0 5.0 1.0 0.0 3.0 7.0 2.0 3.0 8.0 0.0 2.0 0.0 1.0 2.0 0.0 2.0 2.0 0.0 2.0 2.0 2.0 3.0 5.0 3.0 4.0 3.0 3.0 2.0 8.0 3.0 38.0 0.0 
70.0 2.0 2.0 0.0 0.0 3.0 3.0 2.0 13.0 0.0 2.0 3.0 3.0 0.0 7.0 0.0 3.0 0.0 3.0 1.0 0.0 2.0 6.0 4.0 0.0 0.0 9.0 2.0 1.0 2.0 3.0 3.0 4.0 4.0 0.0 0.0 1.0 2.0 1.0 4.0 1.0 8.0 0.0 3.0 0.0 3.0 0.0 4.0 3.0 2.0 0.0 5.0 2.0 0.0 6.0 0.0 11.0 0.0 3.0 1.0 5.0 0.0 1.0 4.0 0.0 2.0 0.0 0.0 2.0 6.0 0.0 0.0 1.0 1.0 1.0 6.0 0.0 0.0 2.0 2.0 1.0 1.0 0.0 2.0 3.0 2.0 3.0 3.0 2.0 0.0 0.0 0.0 1.0 7.0 2.0 0.0 4.0 17.0 42.0 0.0 
44.0 5.0 6.0 6.0 0.0 0.0 2.0 3.0 11.0 0.0 4.0 1.0 3.0 2.0 0.0 4.0 0.0 1.0 0.0 4.0 0.0 1.0 2.0 1.0 0.0 7.0 1.0 0.0 7.0 0.0 4.0 3.0 1.0 5.0 4.0 1.0 0.0 4.0 0.0 4.0 4.0 1.0 2.0 1.0 3.0 1.0 3.0 0.0 3.0 6.0 0.0 0.0 0.0 8.0 4.0 2.0 6.0 4.0 1.0 1.0 1.0 0.0 0.0 0.0 0.0 1.0 0.0 4.0 0.0 0.0 4.0 5.0 1.0 0.0 2.0 0.0 3.0 0.0 0.0 2.0 2.0 0.0 0.0 0.0 2.0 0.0 4.0 1.0 3.0 2.0 0.0 0.0 1.0 1.0 4.0 0.0 9.0 21.0 22.0 0.0 
53.0 14.0 3.0 6.0 0.0 1.0 1.0 5.0 0.0 0.0 0.0 0.0 1.0 0.0 4.0 0.0 4.0 7.0 2.0 0.0 5.0 0.0 2.0 0.0 7.0 1.0 1.0 4.0 0.0 1.0 1.0 8.0 2.0 0.0 0.0 3.0 0.0 6.0 0.0 2.0 4.0 5.0 3.0 4.0 1.0 5.0 0.0 7.0 0.0 6.0 4.0 1.0 6.0 0.0 0.0 2.0 0.0 0.0 0.0 2.0 5.0 1.0 2.0 3.0 1.0 1.0 4.0 0.0 3.0 2.0 1.0 3.0 1.0 4.0 0.0 2.0 1.0 6.0 0.0 6.0 0.0 2.0 4.0 0.0 0.0 5.0 3.0 0.0 2.0 2.0 5.0 0.0 0.0 6.0 3.0 0.0 0.0 169.0 0.0 0.0 
23.0 23.0 6.0 0.0 1.0 1.0 2.0 1.0 6.0 6.0 0.0 2.0 1.0 3.0 1.0 0.0 1.0 1.0 2.0 7.0 2.0 0.0 1.0 10.0 0.0 1.0 1.0 0.0 1.0 1.0 2.0 0.0 0.0 0.0 1.0 5.0 0.0 0.0 13.0 1.0 3.0 1.0 4.0 0.0 2.0 7.0 0.0 0.0 3.0 1.0 7.0 2.0 0.0 0.0 0.0 3.0 2.0 1.0 1.0 3.0 0.0 0.0 0.0 1.0 5.0 3.0 1.0 4.0 2.0 5.0 0.0 4.0 7.0 11.0 2.0 0.0 2.0 1.0 2.0 0.0 1.0 1.0 0.0 2.0 0.0 0.0 2.0 0.0 1.0 2.0 2.0 3.0 3.0 1.0 2.0 3.0 1.0 114.0 0.0 0.0 
28.0 23.0 5.0 7.0 0.0 0.0 0.0 1.0 0.0 0.0 2.0 6.0 5.0 3.0 0.0 7.0 1.0 0.0 0.0 4.0 0.0 0.0 2.0 0.0 3.0 2.0 2.0 0.0 0.0 1.0 3.0 1.0 2.0 7.0 1.0 5.0 8.0 1.0 1.0 3.0 0.0 2.0 0.0 0.0 4.0 0.0 0.0 7.0 1.0 5.0 3.0 0.0 3.0 0.0 3.0 2.0 3.0 0.0 1.0 0.0 2.0 0.0 0.0 4.0 3.0 0.0 1.0 0.0 0.0 1.0 2.0 0.0 0.0 6.0 0.0 0.0 1.0 4.0 1.0 0.0 5.0 2.0 0.0 0.0 4.0 0.0 0.0 2.0 1.0 11.0 5.0 3.0 0.0 1.0 2.0 3.0 2.0 118.0 0.0 0.0 
16.0 49.0 14.0 0.0 4.0 0.0 3.0 0.0 4.0 8.0 5.0 0.0 0.0 1.0 0.0 6.0 2.0 0.0 0.0 7.0 0.0 2.0 1.0 0.0 4.0 0.0 2.0 2.0 0.0 3.0 0.0 2.0 1.0 3.0 0.0 2.0 2.0 2.0 3.0 1.0 1.0 9.0 1.0 2.0 5.0 0.0 0.0 0.0 7.0 4.0 0.0 0.0 0.0 1.0 6.0 0.0 1.0 1.0 0.0 3.0 0.0 6.0 0.0 0.0 1.0 0.0 0.0 0.0 0.0 0.0 7.0 2.0 1.0 2.0 1.0 1.0 2.0 0.0 7.0 2.0 0.0 1.0 1.0 2.0 3.0 0.0 0.0 7.0 7.0 0.0 4.0 1.0 4.0 0.0 2.0 0.0 1.0 74.0 0.0 0.0 
24.0 48.0 17.0 0.0 1.0 2.0 8.0 2.0 2.0 8.0 1.0 0.0 9.0 4.0 8.0 0.0 5.0 2.0 0.0 1.0 0.0 2.0 0.0 5.0 3.0 0.0 5.0 0.0 1.0 1.0 4.0 0.0 7.0 0.0 2.0 3.0 1.0 4.0 0.0 8.0 1.0 7.0 0.0 6.0 1.0 2.0 1.0 3.0 3.0 8.0 1.0 0.0 0.0 0.0 0.0 6.0 0.0 1.0 4.0 1.0 2.0 1.0 2.0 0.0 2.0 2.0 0.0 7.0 1.0 1.0 2.0 0.0 4.0 0.0 3.0 1.0 0.0 1.0 4.0 5.0 0.0 2.0 0.0 5.0 1.0 0.0 1.0 8.0 0.0 5.0 8.0 3.0 11.0 0.0 2.0 0.0 15.0 47.0 0.0 0.0 
0.0 115.0 2.0 0.0 4.0 0.0 7.0 6.0 1.0 0.0 1.0 3.0 0.0 3.0 0.0 3.0 6.0 1.0 2.0 1.0 0.0 4.0 1.0 0.0 1.0 2.0 4.0 2.0 4.0 2.0 4.0 1.0 0.0 2.0 2.0 1.0 4.0 0.0 0.0 3.0 1.0 1.0 0.0 1.0 4.0 1.0 4.0 0.0 0.0 4.0 14.0 4.0 3.0 4.0 3.0 2.0 4.0 2.0 1.0 4.0 0.0 2.0 1.0 0.0 2.0 0.0 0.0 1.0 1.0 2.0 0.0 1.0 1.0 8.0 5.0 0.0 0.0 4.0 0.0 0.0 2.0 5.0 2.0 1.0 0.0 2.0 0.0 0.0 7.0 0.0 1.0 1.0 0.0 1.0 0.0 31.0 18.0 28.0 0.0 0.0 
0.0 67.0 3.0 6.0 1.0 0.0 2.0 5.0 0.0 2.0 0.0 0.0 2.0 4.0 0.0 2.0 0.0 0.0 4.0 0.0 0.0 1.0 3.0 0.0 2.0 5.0 0.0 1.0 5.0 0.0 8.0 6.0 4.0 2.0 3.0 0.0 2.0 2.0 3.0 1.0 0.0 0.0 1.0 1.0 1.0 0.0 1.0 2.0 3.0 5.0 6.0 2.0 0.0 5.0 2.0 6.0 0.0 0.0 0.0 0.0 0.0 3.0 2.0 0.0 4.0 5.0 2.0 1.0 2.0 2.0 1.0 1.0 0.0 1.0 1.0 1.0 0.0 6.0 0.0 1.0 1.0 2.0 3.0 0.0 2.0 0.0 3.0 9.0 2.0 0.0 3.0 3.0 1.0 3.0 2.0 2.0 99.0 0.0 0.0 0.0 
0.0 49.0 4.0 3.0 3.0 0.0 9.0 2.0 3.0 2.0 1.0 3.0 1.0 1.0 0.0 0.0 0.0 0.0 0.0 2.0 1.0 0.0 0.0 1.0 1.0 3.0 2.0 7.0 2.0 2.0 0.0 0.0 0.0 6.0 2.0 8.0 2.0 1.0 1.0 0.0 1.0 2.0 1.0 0.0 0.0 0.0 7.0 4.0 1.0 1.0 8.0 0.0 1.0 2.0 2.0 0.0 1.0 2.0 2.0 0.0 0.0 3.0 1.0 0.0 6.0 1.0 4.0 0.0 0.0 1.0 10.0 2.0 7.0 0.0 1.0 1.0 3.0 0.0 4.0 4.0 1.0 3.0 0.0 0.0 2.0 4.0 4.0 0.0 0.0 3.0 3.0 0.0 1.0 0.0 2.0 23.0 42.0 0.0 0.0 0.0 
0.0 0.0 172.0 0.0 0.0 1.0 1.0 2.0 1.0 1.0 1.0 2.0 2.0 0.0 1.0 0.0 2.0 3.0 0.0 12.0 0.0 6.0 5.0 1.0 4.0 5.0 0.0 1.0 3.0 1.0 2.0 0.0 4.0 1.0 4.0 1.0 8.0 4.0 3.0 2.0 0.0 0.0 1.0 5.0 7.0 6.0 3.0 0.0 1.0 0.0 1.0 12.0 1.0 4.0 4.0 2.0 3.0 0.0 4.0 1.0 2.0 2.0 5.0 0.0 2.0 5.0 0.0 0.0 1.0 5.0 0.0 4.0 5.0 5.0 2.0 6.0 9.0 0.0 0.0 8.0 6.0 0.0 0.0 6.0 4.0 1.0 0.0 1.0 0.0 0.0 1.0 4.0 2.0 1.0 18.0 32.0 21.0 0.0 0.0 0.0 
0.0 0.0 102.0 0.0 3.0 2.0 2.0 5.0 0.0 0.0 10.0 0.0 5.0 3.0 1.0 2.0 0.0 1.0 6.0 3.0 4.0 0.0 7.0 2.0 0.0 2.0 1.0 3.0 1.0 0.0 0.0 4.0 2.0 0.0 3.0 8.0 0.0 0.0 5.0 1.0 6.0 2.0 0.0 6.0 3.0 0.0 3.0 0.0 0.0 2.0 7.0 3.0 3.0 0.0 0.0 1.0 7.0 0.0 4.0 1.0 2.0 8.0 3.0 1.0 0.0 1.0 6.0 2.0 2.0 6.0 0.0 4.0 2.0 0.0 0.0 1.0 3.0 0.0 8.0 0.0 0.0 3.0 0.0 0.0 3.0 2.0 6.0 2.0 9.0 3.0 1.0 0.0 1.0 0.0 3.0 122.0 0.0 0.0 0.0 0.0 
0.0 0.0 51.0 3.0 0.0 1.0 0.0 1.0 1.0 1.0 0.0 2.0 0.0 4.0 0.0 2.0 0.0 0.0 0.0 0.0 4.0 3.0 0.0 2.0 0.0 2.0 0.0 1.0 1.0 0.0 0.0 2.0 1.0 3.0 1.0 4.0 1.0 4.0 1.0 5.0 2.0 3.0 1.0 0.0 2.0 4.0 4.0 0.0 0.0 1.0 1.0 3.0 0.0 0.0 0.0 1.0 0.0 6.0 0.0 4.0 2.0 0.0 0.0 0.0 1.0 0.0 2.0 0.0 3.0 1.0 1.0 2.0 1.0 1.0 3.0 0.0 1.0 0.0 3.0 3.0 1.0 2.0 1.0 4.0 1.0 1.0 1.0 1.0 3.0 4.0 4.0 0.0 2.0 3.0 7.0 93.0 0.0 0.0 0.0 0.0 
0.0 0.0 0.0 169.0 4.0 1.0 2.0 1.0 0.0 9.0 4.0 3.0 4.0 1.0 4.0 0.0 4.0 3.0 0.0 3.0 2.0 3.0 1.0 2.0 6.0 4.0 0.0 7.0 2.0 1.0 0.0 5.0 2.0 3.0 2.0 2.0 3.0 0.0 0.0 9.0 0.0 3.0 2.0 2.0 7.0 1.0 7.0 1.0 1.0 0.0 1.0 0.0 1.0 2.0 2.0 0.0 2.0 0.0 4.0 0.0 2.0 1.0 2.0 6.0 0.0 5.0 3.0 7.0 1.0 1.0 10.0 2.0 0.0 1.0 1.0 2.0 1.0 1.0 3.0 1.0 2.0 0.0 0.0 9.0 0.0 2.0 4.0 1.0 3.0 2.0 0.0 2.0 1.0 5.0 25.0 30.0 0.0 0.0 0.0 0.0 
0.0 0.0 0.0 45.0 4.0 5.0 0.0 2.0 0.0 0.0 3.0 5.0 0.0 2.0 2.0 0.0 0.0 1.0 6.0 2.0 0.0 2.0 2.0 7.0 0.0 3.0 1.0 1.0 2.0 1.0 2.0 0.0 0.0 3.0 2.0 0.0 1.0 8.0 4.0 0.0 5.0 0.0 3.0 0.0 3.0 0.0 3.0 1.0 6.0 6.0 2.0 1.0 0.0 2.0 1.0 0.0 2.0 1.0 6.0 1.0 0.0 3.0 2.0 0.0 0.0 3.0 0.0 2.0 11.0 5.0 3.0 1.0 0.0 2.0 1.0 1.0 6.0 0.0 4.0 3.0 8.0 1.0 0.0 1.0 2.0 1.0 4.0 3.0 0.0 0.0 2.0 0.0 2.0 13.0 21.0 16.0 0.0 0.0 0.0 0.0 
0.0 0.0 0.0 0.0 150.0 2.0 0.0 1.0 2.0 0.0 0.0 2.0 1.0 1.0 0.0 6.0 3.0 7.0 6.0 0.0 2.0 0.0 0.0 4.0 1.0 4.0 5.0 6.0 2.0 4.0 0.0 0.0 0.0 0.0 4.0 1.0 1.0 1.0 0.0 3.0 7.0 3.0 3.0 4.0 3.0 7.0 2.0 4.0 1.0 0.0 0.0 5.0 3.0 1.0 0.0 2.0 7.0 5.0 1.0 2.0 0.0 0.0 0.0 2.0 0.0 5.0 0.0 0.0 0.0 2.0 6.0 3.0 13.0 1.0 0.0 0.0 0.0 2.0 0.0 0.0 0.0 0.0 5.0 0.0 0.0 3.0 2.0 1.0 0.0 0.0 0.0 3.0 0.0 1.0 107.0 0.0 0.0 0.0 0.0 0.0 
0.0 0.0 0.0 0.0 55.0 2.0 4.0 2.0 0.0 0.0 2.0 3.0 4.0 3.0 1.0 1.0 0.0 1.0 3.0 0.0 2.0 6.0 1.0 6.0 0.0 4.0 6.0 0.0 0.0 0.0 1.0 3.0 0.0 0.0 2.0 0.0 0.0 1.0 0.0 0.0 0.0 3.0 2.0 6.0 4.0 1.0 9.0 7.0 0.0 0.0 1.0 2.0 3.0 8.0 1.0 1.0 1.0 2.0 3.0 2.0 3.0 1.0 6.0 0.0 4.0 4.0 1.0 1.0 3.0 0.0 1.0 1.0 0.0 0.0 1.0 0.0 0.0 0.0 0.0 6.0 0.0 11.0 1.0 15.0 0.0 4.0 2.0 1.0 3.0 0.0 5.0 1.0 9.0 216.0 0.0 0.0 0.0 0.0 0.0 0.0 
0.0 0.0 0.0 0.0 0.0 155.0 11.0 0.0 0.0 1.0 1.0 4.0 0.0 1.0 2.0 2.0 2.0 5.0 0.0 0.0 8.0 0.0 0.0 3.0 0.0 1.0 3.0 0.0 3.0 1.0 0.0 11.0 5.0 0.0 0.0 5.0 4.0 2.0 2.0 2.0 2.0 1.0 8.0 2.0 0.0 0.0 1.0 0.0 2.0 6.0 0.0 4.0 1.0 5.0 1.0 9.0 3.0 0.0 3.0 4.0 6.0 7.0 1.0 0.0 0.0 0.0 0.0 1.0 6.0 0.0 2.0 1.0 0.0 0.0 2.0 2.0 7.0 0.0 4.0 9.0 0.0 0.0 0.0 2.0 2.0 2.0 7.0 3.0 0.0 3.0 2.0 6.0 20.0 48.0 0.0 0.0 0.0 0.0 0.0 0.0 
0.0 0.0 0.0 0.0 0.0 42.0 14.0 8.0 1.0 0.0 0.0 3.0 2.0 1.0 2.0 9.0 4.0 7.0 4.0 0.0 0.0 2.0 2.0 3.0 0.0 4.0 0.0 0.0 0.0 3.0 0.0 4.0 1.0 4.0 0.0 3.0 0.0 0.0 4.0 0.0 4.0 5.0 0.0 0.0 1.0 0.0 1.0 7.0 4.0 1.0 5.0 0.0 5.0 1.0 3.0 2.0 2.0 2.0 2.0 3.0 0.0 2.0 4.0 5.0 2.0 3.0 1.0 7.0 0.0 0.0 0.0 1.0 0.0 1.0 6.0 1.0 7.0 2.0 1.0 1.0 2.0 1.0 1.0 1.0 0.0 0.0 5.0 2.0 1.0 4.0 2.0 19.0 142.0 9.0 0.0 0.0 0.0 0.0 0.0 0.0 
0.0 0.0 0.0 0.0 0.0 0.0 73.0 3.0 1.0 1.0 7.0 0.0 1.0 0.0 5.0 1.0 4.0 1.0 4.0 3.0 1.0 9.0 1.0 5.0 0.0 0.0 0.0 2.0 0.0 3.0 0.0 4.0 0.0 4.0 7.0 1.0 2.0 3.0 0.0 1.0 1.0 1.0 0.0 3.0 0.0 4.0 0.0 0.0 6.0 3.0 2.0 0.0 2.0 1.0 4.0 0.0 0.0 1.0 1.0 3.0 1.0 0.0 4.0 1.0 5.0 1.0 1.0 2.0 2.0 3.0 1.0 0.0 1.0 0.0 2.0 0.0 0.0 6.0 7.0 3.0 2.0 4.0 0.0 1.0 2.0 1.0 3.0 0.0 1.0 1.0 16.0 12.0 39.0 0.0 0.0 0.0 0.0 0.0 0.0 0.0 
0.0 0.0 0.0 0.0 0.0 0.0 0.0 197.0 16.0 0.0 0.0 1.0 7.0 3.0 4.0 8.0 1.0 1.0 1.0 4.0 3.0 1.0 0.0 0.0 0.0 2.0 2.0 2.0 9.0 0.0 2.0 2.0 3.0 1.0 1.0 4.0 2.0 4.0 3.0 3.0 5.0 0.0 1.0 2.0 2.0 4.0 0.0 1.0 1.0 0.0 6.0 1.0 4.0 0.0 4.0 1.0 1.0 4.0 1.0 7.0 0.0 4.0 1.0 0.0 2.0 0.0 2.0 5.0 3.0 1.0 2.0 3.0 2.0 3.0 1.0 8.0 3.0 2.0 1.0 0.0 4.0 6.0 0.0 2.0 6.0 2.0 3.0 1.0 2.0 1.0 10.0 108.0 0.0 0.0 0.0 0.0 0.0 0.0 0.0 0.0 
0.0 0.0 0.0 0.0 0.0 0.0 0.0 28.0 15.0 19.0 1.0 0.0 0.0 0.0 0.0 0.0 1.0 3.0 6.0 2.0 7.0 0.0 3.0 0.0 3.0 1.0 1.0 0.0 0.0 0.0 3.0 4.0 0.0 3.0 9.0 1.0 4.0 4.0 8.0 0.0 2.0 2.0 0.0 16.0 2.0 0.0 3.0 1.0 1.0 0.0 2.0 6.0 0.0 4.0 1.0 0.0 10.0 2.0 0.0 0.0 1.0 0.0 1.0 6.0 1.0 2.0 1.0 1.0 2.0 1.0 0.0 1.0 3.0 1.0 2.0 1.0 0.0 0.0 3.0 3.0 1.0 0.0 0.0 2.0 5.0 4.0 0.0 2.0 0.0 15.0 145.0 11.0 0.0 0.0 0.0 0.0 0.0 0.0 0.0 0.0 
0.0 0.0 0.0 0.0 0.0 0.0 0.0 0.0 89.0 1.0 0.0 4.0 0.0 5.0 9.0 5.0 2.0 2.0 5.0 2.0 5.0 1.0 0.0 0.0 2.0 0.0 0.0 6.0 5.0 2.0 1.0 2.0 4.0 4.0 3.0 1.0 0.0 4.0 5.0 4.0 8.0 1.0 1.0 2.0 2.0 0.0 3.0 1.0 0.0 2.0 0.0 1.0 0.0 0.0 1.0 6.0 0.0 0.0 3.0 4.0 2.0 1.0 0.0 1.0 2.0 2.0 0.0 1.0 2.0 0.0 13.0 1.0 0.0 0.0 0.0 1.0 4.0 1.0 0.0 0.0 7.0 2.0 2.0 3.0 2.0 7.0 1.0 3.0 7.0 8.0 40.0 0.0 0.0 0.0 0.0 0.0 0.0 0.0 0.0 0.0 
0.0 0.0 0.0 0.0 0.0 0.0 0.0 0.0 0.0 137.0 0.0 4.0 2.0 4.0 5.0 4.0 2.0 1.0 2.0 3.0 0.0 5.0 6.0 0.0 1.0 2.0 0.0 0.0 1.0 1.0 4.0 3.0 2.0 2.0 1.0 1.0 0.0 2.0 0.0 1.0 1.0 3.0 2.0 1.0 0.0 5.0 4.0 4.0 1.0 0.0 13.0 1.0 0.0 2.0 6.0 2.0 5.0 0.0 1.0 2.0 4.0 1.0 0.0 1.0 1.0 0.0 1.0 3.0 2.0 0.0 2.0 3.0 2.0 2.0 0.0 2.0 0.0 3.0 6.0 0.0 5.0 3.0 3.0 0.0 6.0 4.0 1.0 6.0 5.0 62.0 0.0 0.0 0.0 0.0 0.0 0.0 0.0 0.0 0.0 0.0 
0.0 0.0 0.0 0.0 0.0 0.0 0.0 0.0 0.0 0.0 177.0 8.0 1.0 0.0 0.0 3.0 0.0 0.0 2.0 3.0 2.0 0.0 0.0 2.0 6.0 1.0 2.0 0.0 1.0 1.0 2.0 2.0 1.0 1.0 5.0 1.0 0.0 9.0 0.0 1.0 1.0 1.0 4.0 0.0 7.0 0.0 1.0 3.0 2.0 6.0 2.0 3.0 0.0 0.0 2.0 0.0 2.0 3.0 1.0 2.0 7.0 0.0 1.0 1.0 6.0 4.0 0.0 1.0 0.0 1.0 2.0 0.0 2.0 2.0 2.0 2.0 1.0 2.0 1.0 1.0 0.0 4.0 0.0 3.0 0.0 0.0 2.0 1.0 113.0 0.0 0.0 0.0 0.0 0.0 0.0 0.0 0.0 0.0 0.0 0.0 
0.0 0.0 0.0 0.0 0.0 0.0 0.0 0.0 0.0 0.0 33.0 12.0 14.0 2.0 1.0 4.0 4.0 0.0 3.0 0.0 2.0 0.0 0.0 2.0 1.0 1.0 1.0 0.0 2.0 1.0 1.0 0.0 1.0 3.0 0.0 0.0 0.0 4.0 6.0 12.0 0.0 9.0 3.0 2.0 0.0 1.0 3.0 0.0 0.0 0.0 2.0 2.0 6.0 0.0 6.0 4.0 4.0 8.0 5.0 5.0 6.0 7.0 4.0 0.0 0.0 4.0 2.0 2.0 0.0 1.0 2.0 0.0 4.0 2.0 4.0 1.0 2.0 1.0 1.0 0.0 1.0 4.0 0.0 0.0 3.0 0.0 6.0 170.0 0.0 0.0 0.0 0.0 0.0 0.0 0.0 0.0 0.0 0.0 0.0 0.0 
0.0 0.0 0.0 0.0 0.0 0.0 0.0 0.0 0.0 0.0 0.0 58.0 5.0 8.0 1.0 2.0 2.0 1.0 0.0 0.0 1.0 1.0 0.0 3.0 5.0 0.0 2.0 0.0 2.0 4.0 4.0 5.0 0.0 4.0 5.0 0.0 5.0 3.0 1.0 4.0 0.0 3.0 12.0 3.0 0.0 0.0 0.0 0.0 0.0 4.0 1.0 2.0 3.0 4.0 2.0 1.0 0.0 0.0 5.0 0.0 0.0 1.0 1.0 3.0 4.0 2.0 4.0 0.0 3.0 0.0 1.0 3.0 0.0 6.0 2.0 2.0 1.0 7.0 2.0 1.0 1.0 0.0 1.0 1.0 4.0 2.0 136.0 1.0 0.0 0.0 0.0 0.0 0.0 0.0 0.0 0.0 0.0 0.0 0.0 0.0 
0.0 0.0 0.0 0.0 0.0 0.0 0.0 0.0 0.0 0.0 0.0 0.0 85.0 4.0 1.0 1.0 5.0 7.0 2.0 1.0 1.0 4.0 7.0 2.0 0.0 2.0 2.0 0.0 4.0 4.0 9.0 0.0 0.0 0.0 0.0 1.0 6.0 4.0 0.0 2.0 1.0 2.0 0.0 3.0 4.0 2.0 0.0 0.0 7.0 4.0 1.0 0.0 0.0 0.0 1.0 4.0 5.0 0.0 0.0 0.0 4.0 1.0 0.0 1.0 8.0 0.0 0.0 2.0 0.0 5.0 0.0 0.0 1.0 1.0 2.0 2.0 0.0 4.0 1.0 0.0 3.0 1.0 1.0 0.0 5.0 1.0 55.0 0.0 0.0 0.0 0.0 0.0 0.0 0.0 0.0 0.0 0.0 0.0 0.0 0.0 
0.0 0.0 0.0 0.0 0.0 0.0 0.0 0.0 0.0 0.0 0.0 0.0 0.0 97.0 4.0 11.0 0.0 0.0 0.0 1.0 2.0 0.0 5.0 3.0 5.0 2.0 2.0 1.0 1.0 2.0 4.0 7.0 1.0 1.0 0.0 3.0 3.0 4.0 0.0 9.0 0.0 7.0 0.0 1.0 1.0 2.0 2.0 0.0 1.0 1.0 0.0 0.0 0.0 0.0 0.0 1.0 0.0 9.0 1.0 5.0 0.0 3.0 3.0 2.0 0.0 1.0 0.0 6.0 3.0 1.0 1.0 0.0 1.0 5.0 4.0 0.0 2.0 4.0 1.0 3.0 0.0 2.0 0.0 4.0 5.0 111.0 0.0 0.0 0.0 0.0 0.0 0.0 0.0 0.0 0.0 0.0 0.0 0.0 0.0 0.0 
0.0 0.0 0.0 0.0 0.0 0.0 0.0 0.0 0.0 0.0 0.0 0.0 0.0 0.0 95.0 15.0 4.0 1.0 1.0 7.0 0.0 5.0 2.0 3.0 1.0 0.0 1.0 3.0 2.0 2.0 1.0 5.0 1.0 6.0 2.0 0.0 2.0 1.0 3.0 2.0 3.0 2.0 0.0 4.0 0.0 0.0 0.0 6.0 0.0 2.0 0.0 0.0 0.0 3.0 6.0 0.0 0.0 3.0 1.0 1.0 3.0 4.0 1.0 4.0 0.0 1.0 0.0 0.0 12.0 3.0 0.0 3.0 1.0 2.0 4.0 5.0 1.0 1.0 6.0 0.0 0.0 2.0 3.0 3.0 87.0 0.0 0.0 0.0 0.0 0.0 0.0 0.0 0.0 0.0 0.0 0.0 0.0 0.0 0.0 0.0 
0.0 0.0 0.0 0.0 0.0 0.0 0.0 0.0 0.0 0.0 0.0 0.0 0.0 0.0 0.0 77.0 1.0 8.0 2.0 1.0 5.0 0.0 0.0 0.0 3.0 2.0 1.0 0.0 2.0 5.0 1.0 0.0 5.0 0.0 3.0 3.0 1.0 0.0 0.0 12.0 0.0 0.0 0.0 2.0 3.0 6.0 4.0 0.0 2.0 10.0 6.0 0.0 0.0 0.0 0.0 5.0 5.0 2.0 0.0 2.0 0.0 1.0 0.0 0.0 6.0 0.0 4.0 0.0 3.0 9.0 0.0 2.0 3.0 7.0 0.0 8.0 8.0 1.0 0.0 3.0 4.0 6.0 2.0 125.0 0.0 0.0 0.0 0.0 0.0 0.0 0.0 0.0 0.0 0.0 0.0 0.0 0.0 0.0 0.0 0.0 
0.0 0.0 0.0 0.0 0.0 0.0 0.0 0.0 0.0 0.0 0.0 0.0 0.0 0.0 0.0 0.0 91.0 4.0 3.0 4.0 2.0 1.0 1.0 0.0 0.0 5.0 0.0 6.0 0.0 4.0 0.0 0.0 2.0 2.0 0.0 1.0 4.0 3.0 1.0 0.0 6.0 8.0 1.0 4.0 1.0 3.0 0.0 0.0 0.0 2.0 3.0 0.0 1.0 1.0 1.0 2.0 0.0 5.0 1.0 3.0 1.0 0.0 3.0 2.0 3.0 7.0 0.0 0.0 3.0 1.0 1.0 0.0 0.0 6.0 3.0 0.0 1.0 0.0 0.0 0.0 2.0 1.0 133.0 0.0 0.0 0.0 0.0 0.0 0.0 0.0 0.0 0.0 0.0 0.0 0.0 0.0 0.0 0.0 0.0 0.0 
0.0 0.0 0.0 0.0 0.0 0.0 0.0 0.0 0.0 0.0 0.0 0.0 0.0 0.0 0.0 0.0 0.0 103.0 5.0 33.0 3.0 2.0 4.0 0.0 6.0 2.0 1.0 0.0 4.0 0.0 4.0 0.0 3.0 4.0 8.0 1.0 7.0 1.0 1.0 2.0 2.0 1.0 0.0 0.0 3.0 2.0 2.0 0.0 1.0 1.0 4.0 6.0 3.0 5.0 7.0 6.0 2.0 2.0 0.0 4.0 0.0 4.0 0.0 4.0 0.0 0.0 1.0 0.0 2.0 1.0 4.0 1.0 4.0 1.0 0.0 4.0 0.0 1.0 1.0 3.0 5.0 109.0 0.0 0.0 0.0 0.0 0.0 0.0 0.0 0.0 0.0 0.0 0.0 0.0 0.0 0.0 0.0 0.0 0.0 0.0 
0.0 0.0 0.0 0.0 0.0 0.0 0.0 0.0 0.0 0.0 0.0 0.0 0.0 0.0 0.0 0.0 0.0 0.0 72.0 52.0 27.0 6.0 0.0 1.0 3.0 0.0 2.0 3.0 0.0 1.0 0.0 1.0 0.0 3.0 4.0 1.0 1.0 0.0 2.0 2.0 3.0 9.0 5.0 3.0 0.0 4.0 3.0 4.0 0.0 2.0 1.0 1.0 0.0 2.0 2.0 0.0 2.0 4.0 0.0 4.0 0.0 1.0 0.0 3.0 4.0 0.0 0.0 3.0 0.0 5.0 0.0 0.0 3.0 1.0 2.0 5.0 6.0 1.0 9.0 2.0 83.0 0.0 0.0 0.0 0.0 0.0 0.0 0.0 0.0 0.0 0.0 0.0 0.0 0.0 0.0 0.0 0.0 0.0 0.0 0.0 
0.0 0.0 0.0 0.0 0.0 0.0 0.0 0.0 0.0 0.0 0.0 0.0 0.0 0.0 0.0 0.0 0.0 0.0 0.0 21.0 126.0 3.0 21.0 5.0 0.0 2.0 3.0 0.0 5.0 7.0 1.0 0.0 2.0 0.0 4.0 9.0 17.0 0.0 1.0 6.0 0.0 1.0 3.0 0.0 0.0 0.0 0.0 2.0 0.0 2.0 0.0 2.0 1.0 3.0 2.0 0.0 0.0 4.0 3.0 0.0 0.0 1.0 0.0 0.0 2.0 2.0 0.0 0.0 5.0 2.0 2.0 1.0 2.0 3.0 0.0 2.0 4.0 3.0 7.0 80.0 0.0 0.0 0.0 0.0 0.0 0.0 0.0 0.0 0.0 0.0 0.0 0.0 0.0 0.0 0.0 0.0 0.0 0.0 0.0 0.0 
0.0 0.0 0.0 0.0 0.0 0.0 0.0 0.0 0.0 0.0 0.0 0.0 0.0 0.0 0.0 0.0 0.0 0.0 0.0 0.0 0.0 92.0 31.0 37.0 2.0 0.0 0.0 1.0 0.0 0.0 0.0 1.0 0.0 2.0 1.0 4.0 2.0 0.0 3.0 7.0 1.0 2.0 4.0 1.0 0.0 2.0 2.0 2.0 0.0 2.0 0.0 4.0 4.0 0.0 3.0 0.0 0.0 0.0 0.0 0.0 2.0 0.0 5.0 0.0 6.0 4.0 0.0 1.0 1.0 3.0 3.0 1.0 8.0 0.0 0.0 1.0 0.0 164.0 46.0 0.0 0.0 0.0 0.0 0.0 0.0 0.0 0.0 0.0 0.0 0.0 0.0 0.0 0.0 0.0 0.0 0.0 0.0 0.0 0.0 0.0 
0.0 0.0 0.0 0.0 0.0 0.0 0.0 0.0 0.0 0.0 0.0 0.0 0.0 0.0 0.0 0.0 0.0 0.0 0.0 0.0 0.0 0.0 53.0 22.0 13.0 1.0 2.0 4.0 2.0 2.0 1.0 1.0 3.0 4.0 3.0 2.0 2.0 4.0 0.0 1.0 3.0 3.0 3.0 7.0 0.0 0.0 0.0 10.0 0.0 2.0 0.0 0.0 0.0 2.0 1.0 2.0 0.0 0.0 4.0 3.0 2.0 0.0 2.0 0.0 0.0 0.0 0.0 5.0 0.0 4.0 1.0 0.0 0.0 0.0 4.0 5.0 155.0 0.0 0.0 0.0 0.0 0.0 0.0 0.0 0.0 0.0 0.0 0.0 0.0 0.0 0.0 0.0 0.0 0.0 0.0 0.0 0.0 0.0 0.0 0.0 
0.0 0.0 0.0 0.0 0.0 0.0 0.0 0.0 0.0 0.0 0.0 0.0 0.0 0.0 0.0 0.0 0.0 0.0 0.0 0.0 0.0 0.0 0.0 25.0 186.0 0.0 1.0 1.0 0.0 0.0 0.0 1.0 2.0 3.0 4.0 6.0 3.0 2.0 7.0 1.0 1.0 1.0 0.0 4.0 5.0 2.0 2.0 3.0 0.0 0.0 2.0 5.0 2.0 0.0 8.0 0.0 8.0 0.0 4.0 3.0 4.0 4.0 0.0 0.0 2.0 5.0 0.0 0.0 0.0 0.0 1.0 2.0 1.0 2.0 8.0 98.0 0.0 0.0 0.0 0.0 0.0 0.0 0.0 0.0 0.0 0.0 0.0 0.0 0.0 0.0 0.0 0.0 0.0 0.0 0.0 0.0 0.0 0.0 0.0 0.0 
0.0 0.0 0.0 0.0 0.0 0.0 0.0 0.0 0.0 0.0 0.0 0.0 0.0 0.0 0.0 0.0 0.0 0.0 0.0 0.0 0.0 0.0 0.0 0.0 0.0 122.0 8.0 31.0 1.0 2.0 1.0 2.0 0.0 2.0 0.0 0.0 0.0 1.0 2.0 0.0 3.0 1.0 2.0 2.0 4.0 3.0 0.0 6.0 0.0 1.0 0.0 6.0 0.0 3.0 7.0 4.0 9.0 9.0 0.0 0.0 0.0 0.0 0.0 2.0 3.0 1.0 0.0 0.0 2.0 2.0 6.0 9.0 4.0 157.0 22.0 0.0 0.0 0.0 0.0 0.0 0.0 0.0 0.0 0.0 0.0 0.0 0.0 0.0 0.0 0.0 0.0 0.0 0.0 0.0 0.0 0.0 0.0 0.0 0.0 0.0 
0.0 0.0 0.0 0.0 0.0 0.0 0.0 0.0 0.0 0.0 0.0 0.0 0.0 0.0 0.0 0.0 0.0 0.0 0.0 0.0 0.0 0.0 0.0 0.0 0.0 0.0 49.0 37.0 25.0 2.0 12.0 2.0 0.0 0.0 0.0 0.0 3.0 9.0 1.0 1.0 7.0 0.0 0.0 3.0 0.0 0.0 1.0 5.0 4.0 2.0 0.0 0.0 5.0 1.0 1.0 3.0 0.0 0.0 5.0 0.0 0.0 0.0 2.0 0.0 3.0 0.0 4.0 0.0 3.0 1.0 19.0 7.0 97.0 0.0 0.0 0.0 0.0 0.0 0.0 0.0 0.0 0.0 0.0 0.0 0.0 0.0 0.0 0.0 0.0 0.0 0.0 0.0 0.0 0.0 0.0 0.0 0.0 0.0 0.0 0.0 
0.0 0.0 0.0 0.0 0.0 0.0 0.0 0.0 0.0 0.0 0.0 0.0 0.0 0.0 0.0 0.0 0.0 0.0 0.0 0.0 0.0 0.0 0.0 0.0 0.0 0.0 0.0 16.0 89.0 132.0 31.0 11.0 12.0 5.0 0.0 3.0 9.0 5.0 1.0 5.0 3.0 10.0 4.0 7.0 0.0 2.0 2.0 1.0 0.0 2.0 10.0 0.0 0.0 0.0 5.0 2.0 8.0 5.0 0.0 2.0 0.0 1.0 0.0 3.0 4.0 0.0 4.0 2.0 12.0 10.0 94.0 40.0 0.0 0.0 0.0 0.0 0.0 0.0 0.0 0.0 0.0 0.0 0.0 0.0 0.0 0.0 0.0 0.0 0.0 0.0 0.0 0.0 0.0 0.0 0.0 0.0 0.0 0.0 0.0 0.0 
0.0 0.0 0.0 0.0 0.0 0.0 0.0 0.0 0.0 0.0 0.0 0.0 0.0 0.0 0.0 0.0 0.0 0.0 0.0 0.0 0.0 0.0 0.0 0.0 0.0 0.0 0.0 0.0 0.0 4.0 30.0 137.0 16.0 15.0 24.0 3.0 5.0 0.0 2.0 1.0 1.0 3.0 2.0 0.0 4.0 5.0 4.0 4.0 7.0 0.0 2.0 5.0 0.0 1.0 1.0 0.0 0.0 2.0 0.0 4.0 0.0 2.0 3.0 4.0 7.0 17.0 2.0 11.0 112.0 57.0 10.0 0.0 0.0 0.0 0.0 0.0 0.0 0.0 0.0 0.0 0.0 0.0 0.0 0.0 0.0 0.0 0.0 0.0 0.0 0.0 0.0 0.0 0.0 0.0 0.0 0.0 0.0 0.0 0.0 0.0 
0.0 0.0 0.0 0.0 0.0 0.0 0.0 0.0 0.0 0.0 0.0 0.0 0.0 0.0 0.0 0.0 0.0 0.0 0.0 0.0 0.0 0.0 0.0 0.0 0.0 0.0 0.0 0.0 0.0 0.0 0.0 0.0 26.0 102.0 33.0 22.0 5.0 9.0 2.0 0.0 3.0 1.0 3.0 0.0 0.0 0.0 1.0 0.0 1.0 1.0 1.0 0.0 2.0 0.0 6.0 1.0 3.0 0.0 1.0 1.0 4.0 27.0 3.0 15.0 23.0 95.0 111.0 74.0 8.0 0.0 0.0 0.0 0.0 0.0 0.0 0.0 0.0 0.0 0.0 0.0 0.0 0.0 0.0 0.0 0.0 0.0 0.0 0.0 0.0 0.0 0.0 0.0 0.0 0.0 0.0 0.0 0.0 0.0 0.0 0.0 
0.0 0.0 0.0 0.0 0.0 0.0 0.0 0.0 0.0 0.0 0.0 0.0 0.0 0.0 0.0 0.0 0.0 0.0 0.0 0.0 0.0 0.0 0.0 0.0 0.0 0.0 0.0 0.0 0.0 0.0 0.0 0.0 0.0 0.0 17.0 45.0 108.0 13.0 12.0 4.0 10.0 1.0 9.0 7.0 9.0 18.0 4.0 1.0 0.0 6.0 0.0 0.0 8.0 2.0 9.0 5.0 8.0 14.0 2.0 2.0 28.0 47.0 117.0 58.0 32.0 12.0 0.0 0.0 0.0 0.0 0.0 0.0 0.0 0.0 0.0 0.0 0.0 0.0 0.0 0.0 0.0 0.0 0.0 0.0 0.0 0.0 0.0 0.0 0.0 0.0 0.0 0.0 0.0 0.0 0.0 0.0 0.0 0.0 0.0 0.0 
0.0 0.0 0.0 0.0 0.0 0.0 0.0 0.0 0.0 0.0 0.0 0.0 0.0 0.0 0.0 0.0 0.0 0.0 0.0 0.0 0.0 0.0 0.0 0.0 0.0 0.0 0.0 0.0 0.0 0.0 0.0 0.0 0.0 0.0 0.0 0.0 0.0 22.0 55.0 93.0 109.0 168.0 22.0 124.0 34.0 29.0 25.0 4.0 2.0 0.0 2.0 4.0 4.0 5.0 13.0 20.0 16.0 15.0 20.0 157.0 45.0 15.0 0.0 0.0 0.0 0.0 0.0 0.0 0.0 0.0 0.0 0.0 0.0 0.0 0.0 0.0 0.0 0.0 0.0 0.0 0.0 0.0 0.0 0.0 0.0 0.0 0.0 0.0 0.0 0.0 0.0 0.0 0.0 0.0 0.0 0.0 0.0 0.0 0.0 0.0 
0.0 0.0 0.0 0.0 0.0 0.0 0.0 0.0 0.0 0.0 0.0 0.0 0.0 0.0 0.0 0.0 0.0 0.0 0.0 0.0 0.0 0.0 0.0 0.0 0.0 0.0 0.0 0.0 0.0 0.0 0.0 0.0 0.0 0.0 0.0 0.0 0.0 0.0 0.0 0.0 13.0 0.0 24.0 7.0 22.0 28.0 56.0 157.0 64.0 63.0 103.0 73.0 100.0 73.0 41.0 31.0 21.0 26.0 31.0 0.0 0.0 0.0 0.0 0.0 0.0 0.0 0.0 0.0 0.0 0.0 0.0 0.0 0.0 0.0 0.0 0.0 0.0 0.0 0.0 0.0 0.0 0.0 0.0 0.0 0.0 0.0 0.0 0.0 0.0 0.0 0.0 0.0 0.0 0.0 0.0 0.0 0.0 0.0 0.0 0.0 
0.0 0.0 0.0 0.0 0.0 0.0 0.0 0.0 0.0 0.0 0.0 0.0 0.0 0.0 0.0 0.0 0.0 0.0 0.0 0.0 0.0 0.0 0.0 0.0 0.0 0.0 0.0 0.0 0.0 0.0 0.0 0.0 0.0 0.0 0.0 0.0 0.0 0.0 0.0 0.0 0.0 0.0 0.0 0.0 0.0 0.0 0.0 0.0 0.0 0.0 0.0 0.0 0.0 0.0 0.0 0.0 0.0 0.0 0.0 0.0 0.0 0.0 0.0 0.0 0.0 0.0 0.0 0.0 0.0 0.0 0.0 0.0 0.0 0.0 0.0 0.0 0.0 0.0 0.0 0.0 0.0 0.0 0.0 0.0 0.0 0.0 0.0 0.0 0.0 0.0 0.0 0.0 0.0 0.0 0.0 0.0 0.0 0.0 0.0 0.0 
