0.0 0.0 0.0 0.0 0.0 0.0 0.0 0.0 0.0 0.0 0.0 0.0 0.0 0.0 0.0 0.0 0.0 0.0 0.0 0.0 0.0 0.0 0.0 0.0 0.0 0.0 0.0 0.0 0.0 0.0 0.0 0.0 0.0 0.0 0.0 0.0 0.0 0.0 0.0 0.0 0.0 0.0 0.0 0.0 0.0 0.0 0.0 0.0 0.0 0.0 0.0 0.0 0.0 0.0 0.0 0.0 0.0 0.0 0.0 0.0 0.0 0.0 0.0 0.0 0.0 0.0 0.0 0.0 0.0 0.0 0.0 0.0 0.0 0.0 0.0 0.0 0.0 0.0 0.0 0.0 0.0 0.0 0.0 0.0 0.0 0.0 0.0 0.0 0.0 0.0 0.0 0.0 0.0 0.0 0.0 0.0 0.0 0.0 0.0 0.0 
0.0 0.0 0.0 0.0 0.0 0.0 0.0 0.0 0.0 0.0 0.0 0.0 0.0 0.0 0.0 0.0 0.0 0.0 0.0 0.0 0.0 0.0 0.0 0.0 0.0 0.0 0.0 0.0 0.0 0.0 0.0 0.0 0.0 0.0 0.0 0.0 0.0 0.0 0.0 0.0 0.0 0.0 0.0 0.0 0.0 0.0 0.0 0.0 0.0 0.0 0.0 0.0 0.0 0.0 0.0 0.0 0.0 0.0 0.0 0.0 0.0 0.0 0.0 0.0 0.0 0.0 0.0 0.0 0.0 0.0 0.0 0.0 0.0 0.0 0.0 0.0 0.0 0.0 0.0 0.0 0.0 0.0 0.0 0.0 0.0 0.0 0.0 0.0 0.0 0.0 0.0 0.0 0.0 0.0 0.0 0.0 0.0 0.0 0.0 0.0 
0.0 0.0 0.0 0.0 0.0 0.0 0.0 0.0 0.0 0.0 0.0 0.0 0.0 0.0 0.0 0.0 0.0 0.0 0.0 0.0 0.0 0.0 0.0 0.0 0.0 0.0 0.0 0.0 0.0 0.0 0.0 0.0 0.0 0.0 0.0 0.0 0.0 0.0 0.0 21.0 28.0 48.0 52.0 53.0 41.0 71.0 83.0 79.0 62.0 53.0 32.0 90.0 91.0 114.0 59.0 70.0 54.0 51.0 63.0 25.0 0.0 0.0 0.0 0.0 0.0 0.0 0.0 0.0 0.0 0.0 0.0 0.0 0.0 0.0 0.0 0.0 0.0 0.0 0.0 0.0 0.0 0.0 0.0 0.0 0.0 0.0 0.0 0.0 0.0 0.0 0.0 0.0 0.0 0.0 0.0 0.0 0.0 0.0 0.0 0.0 
0.0 0.0 0.0 0.0 0.0 0.0 0.0 0.0 0.0 0.0 0.0 0.0 0.0 0.0 0.0 0.0 0.0 0.0 0.0 0.0 0.0 0.0 0.0 0.0 0.0 0.0 0.0 0.0 0.0 0.0 0.0 0.0 0.0 0.0 0.0 0.0 17.0 54.0 146.0 38.0 34.0 16.0 8.0 3.0 6.0 5.0 0.0 1.0 1.0 2.0 0.0 3.0 1.0 2.0 1.0 0.0 1.0 4.0 22.0 33.0 121.0 64.0 41.0 25.0 0.0 0.0 0.0 0.0 0.0 0.0 0.0 0.0 0.0 0.0 0.0 0.0 0.0 0.0 0.0 0.0 0.0 0.0 0.0 0.0 0.0 0.0 0.0 0.0 0.0 0.0 0.0 0.0 0.0 0.0 0.0 0.0 0.0 0.0 0.0 0.0 
0.0 0.0 0.0 0.0 0.0 0.0 0.0 0.0 0.0 0.0 0.0 0.0 0.0 0.0 0.0 0.0 0.0 0.0 0.0 0.0 0.0 0.0 0.0 0.0 0.0 0.0 0.0 0.0 0.0 0.0 0.0 0.0 0.0 0.0 51.0 157.0 35.0 29.0 5.0 21.0 11.0 4.0 3.0 3.0 0.0 5.0 6.0 2.0 0.0 2.0 2.0 1.0 2.0 1.0 2.0 0.0 2.0 4.0 2.0 28.0 0.0 5.0 20.0 63.0 58.0 38.0 21.0 0.0 0.0 0.0 0.0 0.0 0.0 0.0 0.0 0.0 0.0 0.0 0.0 0.0 0.0 0.0 0.0 0.0 0.0 0.0 0.0 0.0 0.0 0.0 0.0 0.0 0.0 0.0 0.0 0.0 0.0 0.0 0.0 0.0 
0.0 0.0 0.0 0.0 0.0 0.0 0.0 0.0 0.0 0.0 0.0 0.0 0.0 0.0 0.0 0.0 0.0 0.0 0.0 0.0 0.0 0.0 0.0 0.0 0.0 0.0 0.0 0.0 0.0 0.0 0.0 0.0 21.0 208.0 6.0 6.0 29.0 2.0 1.0 0.0 5.0 2.0 8.0 2.0 3.0 1.0 4.0 1.0 0.0 2.0 2.0 1.0 1.0 6.0 4.0 4.0 2.0 2.0 1.0 1.0 1.0 1.0 9.0 19.0 3.0 23.0 18.0 106.0 26.0 0.0 0.0 0.0 0.0 0.0 0.0 0.0 0.0 0.0 0.0 0.0 0.0 0.0 0.0 0.0 0.0 0.0 0.0 0.0 0.0 0.0 0.0 0.0 0.0 0.0 0.0 0.0 0.0 0.0 0.0 0.0 
0.0 0.0 0.0 0.0 0.0 0.0 0.0 0.0 0.0 0.0 0.0 0.0 0.0 0.0 0.0 0.0 0.0 0.0 0.0 0.0 0.0 0.0 0.0 0.0 0.0 0.0 0.0 0.0 0.0 0.0 10.0 128.0 19.0 11.0 6.0 0.0 0.0 2.0 0.0 1.0 2.0 3.0 2.0 4.0 0.0 0.0 4.0 6.0 2.0 4.0 1.0 0.0 0.0 2.0 0.0 7.0 4.0 0.0 1.0 0.0 2.0 1.0 3.0 3.0 1.0 9.0 19.0 19.0 69.0 79.0 0.0 0.0 0.0 0.0 0.0 0.0 0.0 0.0 0.0 0.0 0.0 0.0 0.0 0.0 0.0 0.0 0.0 0.0 0.0 0.0 0.0 0.0 0.0 0.0 0.0 0.0 0.0 0.0 0.0 0.0 
0.0 0.0 0.0 0.0 0.0 0.0 0.0 0.0 0.0 0.0 0.0 0.0 0.0 0.0 0.0 0.0 0.0 0.0 0.0 0.0 0.0 0.0 0.0 0.0 0.0 0.0 0.0 0.0 0.0 61.0 29.0 37.0 16.0 1.0 3.0 4.0 0.0 4.0 5.0 3.0 0.0 0.0 1.0 0.0 3.0 2.0 2.0 0.0 2.0 2.0 6.0 2.0 2.0 0.0 7.0 1.0 13.0 0.0 1.0 2.0 2.0 0.0 0.0 1.0 1.0 2.0 2.0 2.0 20.0 3.0 192.0 49.0 18.0 0.0 0.0 0.0 0.0 0.0 0.0 0.0 0.0 0.0 0.0 0.0 0.0 0.0 0.0 0.0 0.0 0.0 0.0 0.0 0.0 0.0 0.0 0.0 0.0 0.0 0.0 0.0 
0.0 0.0 0.0 0.0 0.0 0.0 0.0 0.0 0.0 0.0 0.0 0.0 0.0 0.0 0.0 0.0 0.0 0.0 0.0 0.0 0.0 0.0 0.0 0.0 0.0 0.0 0.0 0.0 84.0 13.0 30.0 2.0 0.0 1.0 4.0 2.0 0.0 0.0 1.0 3.0 6.0 3.0 1.0 0.0 2.0 1.0 1.0 7.0 0.0 5.0 6.0 3.0 1.0 0.0 1.0 1.0 2.0 2.0 1.0 2.0 2.0 4.0 0.0 6.0 1.0 2.0 5.0 6.0 0.0 0.0 1.0 28.0 73.0 56.0 0.0 0.0 0.0 0.0 0.0 0.0 0.0 0.0 0.0 0.0 0.0 0.0 0.0 0.0 0.0 0.0 0.0 0.0 0.0 0.0 0.0 0.0 0.0 0.0 0.0 0.0 
0.0 0.0 0.0 0.0 0.0 0.0 0.0 0.0 0.0 0.0 0.0 0.0 0.0 0.0 0.0 0.0 0.0 0.0 0.0 0.0 0.0 0.0 0.0 0.0 0.0 0.0 31.0 144.0 4.0 16.0 6.0 5.0 0.0 9.0 1.0 2.0 0.0 0.0 1.0 0.0 2.0 0.0 5.0 2.0 0.0 5.0 6.0 0.0 0.0 0.0 3.0 1.0 0.0 1.0 8.0 0.0 3.0 3.0 2.0 2.0 0.0 5.0 2.0 0.0 1.0 5.0 4.0 7.0 4.0 1.0 0.0 0.0 25.0 6.0 97.0 0.0 0.0 0.0 0.0 0.0 0.0 0.0 0.0 0.0 0.0 0.0 0.0 0.0 0.0 0.0 0.0 0.0 0.0 0.0 0.0 0.0 0.0 0.0 0.0 0.0 
0.0 0.0 0.0 0.0 0.0 0.0 0.0 0.0 0.0 0.0 0.0 0.0 0.0 0.0 0.0 0.0 0.0 0.0 0.0 0.0 0.0 0.0 0.0 0.0 0.0 94.0 3.0 5.0 2.0 1.0 0.0 1.0 3.0 2.0 8.0 0.0 1.0 9.0 0.0 6.0 2.0 4.0 2.0 8.0 0.0 0.0 2.0 1.0 1.0 2.0 0.0 4.0 3.0 0.0 2.0 0.0 1.0 5.0 0.0 13.0 0.0 1.0 3.0 0.0 4.0 1.0 0.0 2.0 0.0 2.0 0.0 1.0 4.0 1.0 4.0 83.0 10.0 0.0 0.0 0.0 0.0 0.0 0.0 0.0 0.0 0.0 0.0 0.0 0.0 0.0 0.0 0.0 0.0 0.0 0.0 0.0 0.0 0.0 0.0 0.0 
0.0 0.0 0.0 0.0 0.0 0.0 0.0 0.0 0.0 0.0 0.0 0.0 0.0 0.0 0.0 0.0 0.0 0.0 0.0 0.0 0.0 0.0 0.0 14.0 201.0 4.0 2.0 3.0 4.0 0.0 12.0 3.0 2.0 4.0 2.0 0.0 1.0 2.0 0.0 3.0 4.0 6.0 0.0 3.0 8.0 0.0 4.0 2.0 0.0 0.0 7.0 4.0 2.0 1.0 1.0 1.0 2.0 3.0 4.0 1.0 2.0 0.0 0.0 0.0 2.0 1.0 2.0 1.0 6.0 3.0 2.0 1.0 0.0 0.0 6.0 10.0 91.0 32.0 0.0 0.0 0.0 0.0 0.0 0.0 0.0 0.0 0.0 0.0 0.0 0.0 0.0 0.0 0.0 0.0 0.0 0.0 0.0 0.0 0.0 0.0 
0.0 0.0 0.0 0.0 0.0 0.0 0.0 0.0 0.0 0.0 0.0 0.0 0.0 0.0 0.0 0.0 0.0 0.0 0.0 0.0 0.0 0.0 40.0 67.0 20.0 3.0 0.0 0.0 3.0 8.0 0.0 0.0 0.0 6.0 0.0 5.0 9.0 1.0 2.0 2.0 1.0 9.0 3.0 2.0 4.0 2.0 4.0 2.0 7.0 0.0 1.0 10.0 3.0 6.0 2.0 1.0 3.0 1.0 0.0 0.0 0.0 0.0 4.0 4.0 2.0 2.0 4.0 0.0 1.0 1.0 5.0 0.0 3.0 2.0 1.0 1.0 15.0 56.0 44.0 0.0 0.0 0.0 0.0 0.0 0.0 0.0 0.0 0.0 0.0 0.0 0.0 0.0 0.0 0.0 0.0 0.0 0.0 0.0 0.0 0.0 
0.0 0.0 0.0 0.0 0.0 0.0 0.0 0.0 0.0 0.0 0.0 0.0 0.0 0.0 0.0 0.0 0.0 0.0 0.0 0.0 0.0 49.0 9.0 36.0 2.0 3.0 2.0 0.0 7.0 0.0 0.0 0.0 3.0 3.0 1.0 0.0 0.0 2.0 0.0 1.0 1.0 2.0 2.0 2.0 5.0 1.0 3.0 0.0 2.0 2.0 2.0 2.0 4.0 0.0 0.0 1.0 0.0 0.0 1.0 1.0 2.0 0.0 1.0 4.0 5.0 0.0 0.0 0.0 2.0 4.0 0.0 0.0 2.0 2.0 1.0 2.0 0.0 8.0 12.0 89.0 0.0 0.0 0.0 0.0 0.0 0.0 0.0 0.0 0.0 0.0 0.0 0.0 0.0 0.0 0.0 0.0 0.0 0.0 0.0 0.0 
0.0 0.0 0.0 0.0 0.0 0.0 0.0 0.0 0.0 0.0 0.0 0.0 0.0 0.0 0.0 0.0 0.0 0.0 0.0 0.0 46.0 7.0 16.0 1.0 5.0 1.0 8.0 1.0 2.0 1.0 0.0 11.0 7.0 2.0 5.0 0.0 0.0 0.0 1.0 1.0 9.0 1.0 0.0 2.0 2.0 1.0 2.0 3.0 2.0 0.0 0.0 3.0 4.0 4.0 6.0 1.0 3.0 1.0 0.0 0.0 0.0 3.0 0.0 8.0 0.0 2.0 1.0 3.0 1.0 0.0 1.0 1.0 2.0 2.0 6.0 0.0 2.0 1.0 10.0 3.0 87.0 0.0 0.0 0.0 0.0 0.0 0.0 0.0 0.0 0.0 0.0 0.0 0.0 0.0 0.0 0.0 0.0 0.0 0.0 0.0 
0.0 0.0 0.0 0.0 0.0 0.0 0.0 0.0 0.0 0.0 0.0 0.0 0.0 0.0 0.0 0.0 0.0 0.0 0.0 75.0 23.0 17.0 2.0 0.0 0.0 0.0 2.0 0.0 2.0 4.0 0.0 0.0 5.0 1.0 0.0 4.0 0.0 0.0 5.0 2.0 0.0 1.0 2.0 3.0 4.0 3.0 4.0 3.0 3.0 3.0 0.0 10.0 2.0 0.0 0.0 8.0 0.0 0.0 1.0 0.0 1.0 0.0 1.0 1.0 1.0 2.0 0.0 2.0 1.0 1.0 0.0 8.0 1.0 0.0 0.0 1.0 2.0 2.0 2.0 1.0 4.0 145.0 0.0 0.0 0.0 0.0 0.0 0.0 0.0 0.0 0.0 0.0 0.0 0.0 0.0 0.0 0.0 0.0 0.0 0.0 
0.0 0.0 0.0 0.0 0.0 0.0 0.0 0.0 0.0 0.0 0.0 0.0 0.0 0.0 0.0 0.0 0.0 0.0 102.0 8.0 13.0 4.0 0.0 8.0 7.0 2.0 2.0 3.0 4.0 0.0 3.0 0.0 0.0 2.0 4.0 2.0 0.0 4.0 0.0 1.0 1.0 2.0 4.0 5.0 4.0 1.0 2.0 1.0 2.0 3.0 1.0 3.0 0.0 2.0 2.0 2.0 0.0 1.0 2.0 4.0 2.0 8.0 2.0 1.0 6.0 2.0 0.0 2.0 3.0 7.0 0.0 6.0 0.0 0.0 1.0 1.0 2.0 13.0 1.0 3.0 0.0 0.0 144.0 16.0 0.0 0.0 0.0 0.0 0.0 0.0 0.0 0.0 0.0 0.0 0.0 0.0 0.0 0.0 0.0 0.0 
0.0 0.0 0.0 0.0 0.0 0.0 0.0 0.0 0.0 0.0 0.0 0.0 0.0 0.0 0.0 0.0 0.0 47.0 4.0 10.0 2.0 0.0 4.0 0.0 0.0 0.0 1.0 2.0 0.0 4.0 4.0 1.0 0.0 1.0 5.0 0.0 4.0 2.0 0.0 2.0 2.0 2.0 3.0 4.0 0.0 1.0 0.0 1.0 0.0 0.0 1.0 4.0 0.0 3.0 8.0 1.0 0.0 4.0 0.0 3.0 0.0 1.0 1.0 0.0 0.0 2.0 0.0 7.0 3.0 3.0 2.0 0.0 1.0 0.0 3.0 4.0 3.0 2.0 0.0 3.0 1.0 0.0 24.0 75.0 41.0 0.0 0.0 0.0 0.0 0.0 0.0 0.0 0.0 0.0 0.0 0.0 0.0 0.0 0.0 0.0 
0.0 0.0 0.0 0.0 0.0 0.0 0.0 0.0 0.0 0.0 0.0 0.0 0.0 0.0 0.0 0.0 78.0 12.0 16.0 5.0 0.0 0.0 8.0 0.0 2.0 0.0 6.0 0.0 0.0 2.0 0.0 2.0 5.0 2.0 2.0 6.0 5.0 0.0 2.0 4.0 0.0 0.0 5.0 0.0 0.0 1.0 1.0 2.0 2.0 4.0 0.0 4.0 1.0 0.0 0.0 7.0 1.0 0.0 1.0 0.0 1.0 4.0 0.0 6.0 2.0 2.0 2.0 0.0 0.0 0.0 0.0 1.0 1.0 0.0 1.0 1.0 2.0 0.0 0.0 1.0 5.0 3.0 2.0 41.0 37.0 59.0 0.0 0.0 0.0 0.0 0.0 0.0 0.0 0.0 0.0 0.0 0.0 0.0 0.0 0.0 
0.0 0.0 0.0 0.0 0.0 0.0 0.0 0.0 0.0 0.0 0.0 0.0 0.0 0.0 0.0 108.0 1.0 7.0 5.0 2.0 1.0 0.0 0.0 0.0 2.0 2.0 7.0 1.0 1.0 4.0 1.0 7.0 0.0 2.0 5.0 0.0 4.0 3.0 1.0 3.0 0.0 7.0 8.0 1.0 0.0 7.0 1.0 1.0 1.0 2.0 1.0 1.0 2.0 2.0 9.0 7.0 1.0 0.0 1.0 2.0 5.0 7.0 8.0 0.0 2.0 3.0 0.0 1.0 1.0 1.0 1.0 3.0 3.0 4.0 4.0 7.0 0.0 1.0 1.0 1.0 5.0 0.0 0.0 0.0 52.0 26.0 41.0 0.0 0.0 0.0 0.0 0.0 0.0 0.0 0.0 0.0 0.0 0.0 0.0 0.0 
0.0 0.0 0.0 0.0 0.0 0.0 0.0 0.0 0.0 0.0 0.0 0.0 0.0 0.0 80.0 1.0 2.0 1.0 0.0 4.0 0.0 0.0 0.0 0.0 0.0 5.0 1.0 1.0 1.0 0.0 2.0 4.0 0.0 5.0 0.0 3.0 0.0 0.0 2.0 2.0 3.0 0.0 1.0 0.0 0.0 2.0 1.0 3.0 2.0 4.0 7.0 0.0 4.0 1.0 1.0 0.0 0.0 1.0 0.0 2.0 7.0 0.0 0.0 0.0 1.0 0.0 2.0 5.0 0.0 2.0 2.0 0.0 1.0 0.0 1.0 7.0 0.0 3.0 0.0 2.0 2.0 6.0 0.0 1.0 5.0 44.0 90.0 23.0 0.0 0.0 0.0 0.0 0.0 0.0 0.0 0.0 0.0 0.0 0.0 0.0 
0.0 0.0 0.0 0.0 0.0 0.0 0.0 0.0 0.0 0.0 0.0 0.0 0.0 49.0 59.0 22.0 2.0 0.0 0.0 3.0 0.0 3.0 0.0 4.0 15.0 2.0 6.0 1.0 2.0 2.0 0.0 1.0 10.0 0.0 0.0 2.0 1.0 1.0 2.0 0.0 5.0 0.0 2.0 0.0 2.0 1.0 4.0 5.0 3.0 1.0 0.0 0.0 3.0 3.0 2.0 7.0 2.0 2.0 5.0 1.0 5.0 0.0 3.0 3.0 0.0 2.0 2.0 4.0 5.0 2.0 3.0 2.0 4.0 5.0 6.0 3.0 2.0 3.0 1.0 0.0 1.0 1.0 5.0 0.0 5.0 0.0 10.0 150.0 0.0 0.0 0.0 0.0 0.0 0.0 0.0 0.0 0.0 0.0 0.0 0.0 
0.0 0.0 0.0 0.0 0.0 0.0 0.0 0.0 0.0 0.0 0.0 0.0 53.0 6.0 48.0 2.0 0.0 5.0 0.0 2.0 5.0 5.0 2.0 2.0 1.0 0.0 0.0 0.0 2.0 8.0 7.0 0.0 5.0 6.0 1.0 1.0 0.0 0.0 3.0 2.0 2.0 0.0 0.0 0.0 1.0 0.0 3.0 2.0 2.0 7.0 6.0 2.0 2.0 2.0 2.0 1.0 0.0 1.0 1.0 0.0 2.0 8.0 1.0 1.0 9.0 0.0 2.0 2.0 1.0 1.0 0.0 0.0 6.0 1.0 5.0 4.0 1.0 0.0 2.0 0.0 5.0 0.0 4.0 0.0 1.0 0.0 1.0 2.0 211.0 0.0 0.0 0.0 0.0 0.0 0.0 0.0 0.0 0.0 0.0 0.0 
0.0 0.0 0.0 0.0 0.0 0.0 0.0 0.0 0.0 0.0 0.0 27.0 38.0 25.0 2.0 2.0 2.0 5.0 0.0 0.0 0.0 0.0 2.0 4.0 3.0 0.0 17.0 1.0 4.0 0.0 4.0 0.0 2.0 2.0 5.0 1.0 4.0 1.0 1.0 1.0 3.0 2.0 1.0 2.0 6.0 0.0 1.0 1.0 1.0 5.0 1.0 3.0 1.0 1.0 2.0 0.0 0.0 0.0 2.0 4.0 3.0 0.0 0.0 3.0 3.0 3.0 7.0 2.0 0.0 2.0 5.0 1.0 0.0 2.0 2.0 6.0 0.0 3.0 1.0 5.0 7.0 3.0 3.0 9.0 0.0 2.0 0.0 1.0 0.0 133.0 0.0 0.0 0.0 0.0 0.0 0.0 0.0 0.0 0.0 0.0 
0.0 0.0 0.0 0.0 0.0 0.0 0.0 0.0 0.0 0.0 0.0 78.0 24.0 0.0 4.0 2.0 2.0 1.0 4.0 5.0 0.0 0.0 0.0 1.0 1.0 0.0 0.0 1.0 1.0 6.0 1.0 3.0 3.0 0.0 5.0 4.0 7.0 4.0 0.0 1.0 2.0 1.0 0.0 1.0 4.0 3.0 1.0 1.0 6.0 0.0 2.0 0.0 7.0 1.0 2.0 0.0 7.0 2.0 4.0 0.0 3.0 0.0 4.0 1.0 2.0 5.0 5.0 2.0 0.0 4.0 3.0 5.0 0.0 0.0 3.0 0.0 1.0 4.0 0.0 7.0 2.0 3.0 2.0 3.0 1.0 4.0 5.0 0.0 5.0 5.0 75.0 0.0 0.0 0.0 0.0 0.0 0.0 0.0 0.0 0.0 
0.0 0.0 0.0 0.0 0.0 0.0 0.0 0.0 0.0 0.0 25.0 26.0 20.0 5.0 0.0 4.0 0.0 0.0 0.0 0.0 0.0 1.0 6.0 2.0 0.0 2.0 3.0 2.0 1.0 0.0 1.0 2.0 0.0 6.0 2.0 5.0 1.0 0.0 0.0 2.0 1.0 4.0 4.0 3.0 2.0 7.0 1.0 13.0 0.0 7.0 3.0 5.0 1.0 0.0 6.0 0.0 0.0 9.0 2.0 4.0 0.0 5.0 3.0 0.0 1.0 4.0 3.0 0.0 2.0 2.0 0.0 2.0 0.0 3.0 0.0 1.0 0.0 2.0 0.0 0.0 1.0 2.0 2.0 4.0 5.0 4.0 0.0 1.0 2.0 32.0 46.0 40.0 0.0 0.0 0.0 0.0 0.0 0.0 0.0 0.0 
0.0 0.0 0.0 0.0 0.0 0.0 0.0 0.0 0.0 0.0 157.0 9.0 0.0 0.0 1.0 2.0 2.0 2.0 3.0 3.0 1.0 1.0 4.0 1.0 1.0 0.0 7.0 0.0 0.0 3.0 1.0 1.0 4.0 1.0 5.0 3.0 1.0 3.0 1.0 3.0 3.0 2.0 0.0 3.0 5.0 4.0 3.0 0.0 1.0 0.0 1.0 2.0 3.0 0.0 0.0 0.0 3.0 1.0 2.0 2.0 4.0 1.0 1.0 0.0 2.0 0.0 2.0 5.0 0.0 0.0 5.0 0.0 2.0 5.0 5.0 9.0 1.0 4.0 3.0 0.0 2.0 3.0 2.0 1.0 5.0 4.0 1.0 3.0 1.0 2.0 43.0 91.0 17.0 0.0 0.0 0.0 0.0 0.0 0.0 0.0 
0.0 0.0 0.0 0.0 0.0 0.0 0.0 0.0 0.0 84.0 0.0 3.0 0.0 4.0 0.0 11.0 1.0 0.0 4.0 4.0 2.0 2.0 3.0 0.0 1.0 0.0 3.0 5.0 1.0 0.0 1.0 3.0 0.0 1.0 4.0 1.0 0.0 7.0 2.0 3.0 0.0 0.0 0.0 5.0 0.0 0.0 2.0 0.0 1.0 17.0 1.0 4.0 1.0 0.0 6.0 0.0 0.0 2.0 2.0 1.0 3.0 0.0 1.0 2.0 6.0 7.0 0.0 0.0 3.0 0.0 0.0 0.0 0.0 1.0 3.0 1.0 3.0 3.0 0.0 0.0 2.0 3.0 2.0 1.0 2.0 0.0 3.0 2.0 0.0 3.0 0.0 13.0 131.0 0.0 0.0 0.0 0.0 0.0 0.0 0.0 
0.0 0.0 0.0 0.0 0.0 0.0 0.0 0.0 25.0 25.0 2.0 0.0 2.0 1.0 11.0 4.0 5.0 1.0 4.0 2.0 0.0 0.0 8.0 0.0 2.0 4.0 1.0 1.0 1.0 4.0 0.0 2.0 3.0 2.0 10.0 3.0 0.0 3.0 0.0 0.0 4.0 1.0 8.0 3.0 1.0 0.0 0.0 3.0 6.0 4.0 0.0 10.0 2.0 1.0 2.0 4.0 1.0 6.0 0.0 1.0 2.0 6.0 3.0 0.0 0.0 2.0 4.0 2.0 0.0 2.0 0.0 3.0 5.0 0.0 2.0 0.0 0.0 2.0 0.0 1.0 7.0 6.0 2.0 0.0 0.0 0.0 1.0 2.0 5.0 3.0 5.0 3.0 5.0 79.0 0.0 0.0 0.0 0.0 0.0 0.0 
0.0 0.0 0.0 0.0 0.0 0.0 0.0 0.0 127.0 1.0 1.0 0.0 2.0 4.0 1.0 5.0 2.0 7.0 2.0 1.0 2.0 0.0 2.0 1.0 0.0 0.0 8.0 2.0 2.0 2.0 1.0 0.0 3.0 4.0 2.0 8.0 0.0 0.0 2.0 0.0 2.0 1.0 6.0 0.0 0.0 0.0 2.0 1.0 4.0 0.0 1.0 1.0 5.0 1.0 1.0 0.0 0.0 3.0 3.0 6.0 0.0 0.0 2.0 6.0 2.0 0.0 2.0 2.0 3.0 1.0 6.0 2.0 2.0 1.0 0.0 4.0 2.0 1.0 3.0 1.0 3.0 4.0 0.0 7.0 1.0 0.0 1.0 3.0 0.0 1.0 1.0 0.0 29.0 28.0 26.0 0.0 0.0 0.0 0.0 0.0 
0.0 0.0 0.0 0.0 0.0 0.0 0.0 24.0 10.0 16.0 1.0 0.0 6.0 0.0 1.0 2.0 2.0 2.0 3.0 0.0 5.0 0.0 0.0 4.0 0.0 2.0 4.0 2.0 2.0 1.0 2.0 0.0 6.0 1.0 1.0 0.0 0.0 6.0 0.0 0.0 0.0 2.0 3.0 4.0 0.0 1.0 1.0 3.0 0.0 2.0 4.0 5.0 0.0 5.0 8.0 0.0 0.0 4.0 0.0 1.0 1.0 5.0 1.0 3.0 2.0 0.0 0.0 0.0 3.0 0.0 0.0 0.0 2.0 5.0 1.0 1.0 2.0 2.0 9.0 0.0 0.0 4.0 3.0 1.0 3.0 1.0 2.0 7.0 5.0 1.0 3.0 0.0 5.0 17.0 124.0 0.0 0.0 0.0 0.0 0.0 
0.0 0.0 0.0 0.0 0.0 0.0 0.0 139.0 13.0 0.0 3.0 0.0 4.0 3.0 2.0 6.0 1.0 2.0 1.0 0.0 0.0 6.0 4.0 2.0 1.0 0.0 2.0 0.0 4.0 1.0 2.0 4.0 2.0 1.0 2.0 6.0 2.0 1.0 3.0 2.0 2.0 4.0 4.0 1.0 2.0 1.0 3.0 1.0 1.0 3.0 0.0 0.0 1.0 2.0 0.0 0.0 0.0 1.0 3.0 0.0 0.0 0.0 3.0 5.0 1.0 0.0 0.0 2.0 0.0 7.0 0.0 1.0 4.0 2.0 4.0 2.0 2.0 3.0 1.0 2.0 4.0 1.0 1.0 5.0 1.0 1.0 0.0 2.0 1.0 1.0 1.0 4.0 0.0 5.0 2.0 66.0 0.0 0.0 0.0 0.0 
0.0 0.0 0.0 0.0 0.0 0.0 80.0 2.0 2.0 1.0 0.0 3.0 3.0 0.0 6.0 5.0 4.0 3.0 0.0 0.0 1.0 1.0 7.0 0.0 0.0 0.0 11.0 4.0 8.0 1.0 2.0 2.0 0.0 0.0 3.0 0.0 1.0 2.0 1.0 4.0 2.0 0.0 0.0 2.0 0.0 11.0 5.0 3.0 1.0 0.0 6.0 4.0 1.0 2.0 7.0 0.0 0.0 0.0 0.0 6.0 3.0 4.0 7.0 6.0 1.0 2.0 0.0 0.0 0.0 4.0 1.0 2.0 6.0 3.0 4.0 0.0 2.0 2.0 0.0 5.0 4.0 6.0 0.0 1.0 1.0 0.0 5.0 0.0 1.0 1.0 1.0 8.0 0.0 2.0 27.0 24.0 27.0 0.0 0.0 0.0 
0.0 0.0 0.0 0.0 0.0 24.0 45.0 24.0 2.0 2.0 1.0 12.0 1.0 4.0 2.0 0.0 1.0 0.0 0.0 1.0 1.0 2.0 1.0 1.0 1.0 0.0 2.0 1.0 0.0 1.0 0.0 2.0 8.0 0.0 2.0 1.0 0.0 2.0 4.0 2.0 2.0 1.0 0.0 0.0 7.0 1.0 1.0 0.0 2.0 6.0 0.0 2.0 2.0 2.0 0.0 6.0 0.0 1.0 1.0 1.0 0.0 11.0 0.0 4.0 0.0 1.0 0.0 0.0 1.0 2.0 2.0 11.0 3.0 1.0 1.0 0.0 3.0 3.0 1.0 3.0 0.0 0.0 3.0 0.0 2.0 1.0 2.0 7.0 0.0 4.0 1.0 1.0 0.0 1.0 2.0 24.0 45.0 0.0 0.0 0.0 
0.0 0.0 0.0 0.0 0.0 76.0 33.0 0.0 3.0 3.0 2.0 2.0 3.0 0.0 0.0 1.0 1.0 1.0 1.0 3.0 4.0 3.0 4.0 1.0 5.0 0.0 3.0 2.0 0.0 8.0 0.0 1.0 7.0 0.0 3.0 1.0 2.0 0.0 6.0 2.0 0.0 6.0 1.0 0.0 3.0 7.0 1.0 3.0 3.0 2.0 2.0 5.0 1.0 5.0 0.0 6.0 11.0 0.0 0.0 1.0 3.0 2.0 3.0 0.0 3.0 0.0 0.0 0.0 1.0 0.0 0.0 3.0 5.0 4.0 0.0 2.0 2.0 2.0 1.0 5.0 8.0 1.0 14.0 2.0 2.0 1.0 2.0 2.0 1.0 6.0 6.0 1.0 0.0 1.0 1.0 2.0 115.0 0.0 0.0 0.0 
0.0 0.0 0.0 0.0 3.0 110.0 5.0 1.0 1.0 2.0 0.0 7.0 0.0 4.0 0.0 2.0 1.0 2.0 0.0 9.0 0.0 1.0 6.0 3.0 1.0 2.0 1.0 0.0 3.0 1.0 1.0 2.0 2.0 1.0 0.0 3.0 3.0 2.0 2.0 6.0 1.0 0.0 0.0 1.0 0.0 5.0 6.0 0.0 6.0 5.0 0.0 3.0 1.0 0.0 1.0 2.0 5.0 1.0 0.0 0.0 0.0 1.0 0.0 0.0 1.0 1.0 2.0 3.0 4.0 4.0 3.0 2.0 5.0 2.0 8.0 4.0 2.0 0.0 5.0 0.0 4.0 0.0 5.0 1.0 3.0 4.0 0.0 0.0 1.0 2.0 0.0 1.0 0.0 0.0 2.0 8.0 22.0 26.0 0.0 0.0 
0.0 0.0 0.0 0.0 1.0 109.0 5.0 0.0 4.0 2.0 3.0 3.0 1.0 2.0 3.0 0.0 0.0 3.0 0.0 2.0 0.0 0.0 0.0 4.0 0.0 0.0 6.0 1.0 0.0 4.0 0.0 0.0 1.0 0.0 2.0 3.0 1.0 3.0 0.0 4.0 5.0 2.0 4.0 3.0 4.0 0.0 0.0 0.0 1.0 1.0 0.0 3.0 0.0 0.0 4.0 1.0 1.0 0.0 7.0 0.0 0.0 4.0 1.0 2.0 0.0 1.0 2.0 0.0 0.0 0.0 1.0 1.0 1.0 2.0 3.0 3.0 0.0 2.0 2.0 2.0 1.0 0.0 2.0 0.0 2.0 1.0 5.0 7.0 0.0 4.0 1.0 5.0 0.0 5.0 2.0 2.0 44.0 42.0 0.0 0.0 
0.0 0.0 0.0 0.0 0.0 156.0 1.0 3.0 0.0 2.0 1.0 4.0 4.0 0.0 0.0 0.0 2.0 4.0 6.0 0.0 0.0 0.0 7.0 0.0 2.0 1.0 0.0 1.0 3.0 1.0 0.0 0.0 2.0 2.0 1.0 0.0 1.0 0.0 0.0 0.0 1.0 4.0 4.0 4.0 3.0 8.0 0.0 1.0 4.0 5.0 1.0 2.0 1.0 3.0 0.0 3.0 0.0 2.0 3.0 8.0 2.0 2.0 6.0 1.0 0.0 0.0 0.0 2.0 0.0 0.0 4.0 1.0 0.0 0.0 5.0 0.0 2.0 1.0 1.0 0.0 1.0 1.0 0.0 3.0 9.0 3.0 2.0 1.0 0.0 0.0 1.0 0.0 1.0 1.0 4.0 6.0 11.0 47.0 0.0 0.0 
0.0 0.0 0.0 0.0 33.0 6.0 3.0 2.0 0.0 1.0 0.0 3.0 1.0 0.0 1.0 3.0 5.0 1.0 0.0 1.0 1.0 0.0 0.0 4.0 2.0 2.0 3.0 1.0 1.0 0.0 2.0 2.0 1.0 0.0 0.0 4.0 2.0 2.0 1.0 1.0 3.0 3.0 3.0 3.0 2.0 0.0 2.0 2.0 2.0 0.0 6.0 1.0 1.0 4.0 7.0 3.0 2.0 0.0 0.0 2.0 1.0 2.0 6.0 6.0 2.0 0.0 1.0 2.0 1.0 0.0 4.0 5.0 1.0 0.0 4.0 0.0 3.0 3.0 1.0 1.0 1.0 4.0 1.0 1.0 1.0 0.0 2.0 1.0 0.0 0.0 3.0 3.0 2.0 2.0 0.0 0.0 10.0 98.0 0.0 0.0 
0.0 0.0 0.0 0.0 76.0 9.0 0.0 4.0 1.0 4.0 2.0 0.0 12.0 0.0 1.0 1.0 1.0 2.0 1.0 1.0 4.0 2.0 1.0 1.0 2.0 0.0 2.0 0.0 4.0 0.0 0.0 0.0 2.0 0.0 3.0 1.0 0.0 0.0 1.0 2.0 0.0 0.0 2.0 1.0 8.0 1.0 0.0 1.0 0.0 2.0 1.0 2.0 0.0 2.0 6.0 0.0 0.0 1.0 1.0 0.0 0.0 0.0 3.0 0.0 2.0 5.0 2.0 4.0 1.0 5.0 1.0 3.0 0.0 1.0 0.0 4.0 1.0 2.0 1.0 0.0 7.0 4.0 3.0 4.0 0.0 1.0 0.0 5.0 0.0 0.0 2.0 9.0 1.0 2.0 0.0 0.0 21.0 89.0 19.0 0.0 
0.0 0.0 0.0 0.0 181.0 1.0 5.0 1.0 5.0 0.0 0.0 0.0 0.0 0.0 4.0 6.0 0.0 4.0 3.0 2.0 0.0 2.0 5.0 1.0 0.0 2.0 0.0 0.0 0.0 4.0 1.0 0.0 0.0 4.0 1.0 2.0 1.0 2.0 0.0 1.0 0.0 3.0 1.0 1.0 2.0 4.0 1.0 5.0 0.0 1.0 5.0 4.0 1.0 15.0 0.0 1.0 3.0 1.0 3.0 0.0 4.0 2.0 2.0 4.0 1.0 0.0 5.0 0.0 0.0 3.0 3.0 4.0 3.0 1.0 1.0 0.0 0.0 0.0 0.0 8.0 0.0 0.0 6.0 1.0 1.0 0.0 0.0 3.0 9.0 1.0 2.0 2.0 0.0 0.0 5.0 0.0 3.0 19.0 36.0 0.0 
0.0 0.0 0.0 0.0 149.0 0.0 0.0 0.0 0.0 2.0 2.0 6.0 0.0 1.0 0.0 1.0 0.0 4.0 0.0 1.0 0.0 0.0 0.0 0.0 3.0 0.0 0.0 0.0 0.0 6.0 0.0 0.0 4.0 0.0 12.0 1.0 0.0 0.0 2.0 0.0 1.0 2.0 1.0 2.0 8.0 1.0 1.0 1.0 7.0 0.0 3.0 1.0 0.0 0.0 2.0 7.0 0.0 1.0 1.0 0.0 1.0 1.0 1.0 2.0 2.0 3.0 5.0 0.0 0.0 1.0 3.0 1.0 0.0 1.0 5.0 2.0 1.0 0.0 0.0 0.0 2.0 1.0 3.0 1.0 0.0 0.0 0.0 1.0 0.0 1.0 4.0 2.0 10.0 1.0 0.0 0.0 3.0 3.0 65.0 0.0 
0.0 0.0 0.0 26.0 25.0 2.0 1.0 2.0 0.0 0.0 1.0 6.0 0.0 2.0 2.0 2.0 1.0 0.0 4.0 1.0 2.0 7.0 0.0 0.0 2.0 6.0 0.0 1.0 0.0 16.0 2.0 6.0 0.0 3.0 0.0 3.0 0.0 2.0 1.0 3.0 3.0 4.0 1.0 2.0 2.0 1.0 2.0 0.0 4.0 0.0 9.0 8.0 1.0 0.0 0.0 3.0 7.0 3.0 4.0 1.0 4.0 4.0 3.0 2.0 0.0 2.0 2.0 4.0 1.0 0.0 8.0 1.0 4.0 0.0 1.0 1.0 1.0 7.0 6.0 0.0 5.0 0.0 2.0 0.0 2.0 0.0 2.0 0.0 0.0 0.0 2.0 4.0 0.0 2.0 4.0 2.0 1.0 1.0 82.0 0.0 
0.0 0.0 0.0 28.0 33.0 21.0 1.0 1.0 2.0 1.0 1.0 3.0 0.0 1.0 2.0 3.0 0.0 0.0 0.0 6.0 0.0 5.0 2.0 1.0 0.0 1.0 1.0 0.0 2.0 4.0 3.0 0.0 1.0 6.0 0.0 3.0 0.0 1.0 0.0 0.0 4.0 1.0 0.0 0.0 2.0 0.0 2.0 0.0 0.0 8.0 0.0 2.0 2.0 1.0 1.0 4.0 2.0 0.0 1.0 2.0 1.0 0.0 4.0 0.0 7.0 4.0 2.0 2.0 2.0 0.0 2.0 1.0 0.0 3.0 2.0 0.0 2.0 0.0 2.0 2.0 1.0 1.0 0.0 3.0 0.0 0.0 12.0 1.0 0.0 5.0 1.0 1.0 5.0 2.0 1.0 1.0 0.0 0.0 71.0 0.0 
0.0 0.0 0.0 42.0 16.0 8.0 6.0 2.0 3.0 0.0 2.0 2.0 1.0 0.0 2.0 2.0 1.0 10.0 0.0 0.0 0.0 11.0 2.0 7.0 4.0 1.0 2.0 2.0 2.0 1.0 2.0 7.0 2.0 1.0 1.0 3.0 1.0 0.0 2.0 5.0 6.0 2.0 0.0 5.0 1.0 2.0 0.0 0.0 6.0 4.0 8.0 0.0 6.0 9.0 2.0 2.0 1.0 1.0 0.0 2.0 6.0 2.0 0.0 1.0 0.0 4.0 0.0 7.0 0.0 0.0 3.0 0.0 0.0 0.0 0.0 6.0 0.0 0.0 2.0 6.0 0.0 1.0 8.0 3.0 4.0 1.0 0.0 2.0 3.0 8.0 1.0 1.0 6.0 0.0 1.0 0.0 0.0 6.0 118.0 0.0 
0.0 0.0 0.0 83.0 4.0 1.0 8.0 3.0 0.0 0.0 5.0 0.0 0.0 10.0 5.0 7.0 0.0 0.0 0.0 1.0 0.0 4.0 1.0 1.0 1.0 0.0 1.0 1.0 1.0 0.0 4.0 3.0 1.0 1.0 0.0 0.0 0.0 2.0 1.0 0.0 4.0 1.0 0.0 7.0 4.0 4.0 5.0 3.0 1.0 3.0 2.0 9.0 0.0 0.0 1.0 2.0 2.0 2.0 4.0 9.0 1.0 0.0 0.0 1.0 3.0 3.0 4.0 1.0 5.0 3.0 4.0 4.0 0.0 2.0 1.0 4.0 4.0 4.0 4.0 2.0 5.0 0.0 1.0 2.0 1.0 1.0 0.0 0.0 0.0 0.0 2.0 0.0 1.0 0.0 0.0 0.0 0.0 1.0 57.0 0.0 
0.0 0.0 0.0 42.0 8.0 8.0 2.0 2.0 4.0 2.0 0.0 2.0 1.0 2.0 3.0 2.0 0.0 0.0 2.0 2.0 0.0 4.0 1.0 1.0 2.0 1.0 1.0 0.0 1.0 4.0 1.0 0.0 4.0 1.0 0.0 3.0 0.0 3.0 0.0 0.0 0.0 0.0 2.0 2.0 0.0 4.0 0.0 7.0 2.0 7.0 4.0 0.0 5.0 2.0 0.0 4.0 1.0 0.0 0.0 1.0 4.0 0.0 3.0 1.0 3.0 2.0 2.0 2.0 0.0 0.0 0.0 6.0 2.0 2.0 7.0 0.0 1.0 1.0 6.0 1.0 4.0 0.0 2.0 3.0 3.0 1.0 1.0 2.0 6.0 3.0 3.0 0.0 5.0 1.0 5.0 7.0 2.0 1.0 67.0 0.0 
0.0 0.0 0.0 43.0 11.0 2.0 2.0 1.0 0.0 2.0 1.0 6.0 0.0 2.0 1.0 1.0 0.0 4.0 0.0 0.0 1.0 0.0 9.0 2.0 0.0 3.0 2.0 0.0 1.0 1.0 1.0 3.0 1.0 5.0 0.0 1.0 5.0 6.0 1.0 1.0 0.0 3.0 4.0 2.0 4.0 2.0 3.0 0.0 8.0 0.0 2.0 1.0 5.0 2.0 5.0 7.0 0.0 2.0 3.0 10.0 0.0 0.0 2.0 6.0 1.0 7.0 7.0 0.0 0.0 0.0 3.0 0.0 0.0 0.0 0.0 2.0 0.0 1.0 3.0 1.0 1.0 1.0 6.0 0.0 0.0 0.0 6.0 4.0 7.0 0.0 0.0 3.0 0.0 2.0 5.0 1.0 0.0 4.0 46.0 0.0 
0.0 0.0 0.0 52.0 10.0 1.0 2.0 4.0 1.0 7.0 2.0 4.0 2.0 1.0 2.0 1.0 0.0 1.0 2.0 6.0 1.0 2.0 0.0 0.0 4.0 2.0 4.0 1.0 2.0 7.0 4.0 0.0 0.0 1.0 0.0 0.0 0.0 3.0 0.0 0.0 8.0 9.0 1.0 6.0 14.0 10.0 1.0 2.0 1.0 2.0 3.0 0.0 2.0 4.0 0.0 2.0 0.0 1.0 8.0 0.0 1.0 1.0 0.0 6.0 1.0 1.0 0.0 0.0 1.0 2.0 0.0 4.0 2.0 2.0 8.0 2.0 0.0 0.0 2.0 3.0 8.0 0.0 0.0 0.0 4.0 0.0 3.0 2.0 6.0 2.0 0.0 1.0 0.0 0.0 0.0 7.0 3.0 4.0 82.0 0.0 
0.0 0.0 0.0 98.0 3.0 1.0 4.0 0.0 13.0 2.0 1.0 4.0 0.0 6.0 0.0 1.0 4.0 0.0 1.0 6.0 0.0 0.0 5.0 0.0 5.0 0.0 0.0 4.0 1.0 4.0 5.0 0.0 2.0 0.0 6.0 4.0 4.0 3.0 3.0 1.0 2.0 0.0 1.0 0.0 0.0 0.0 1.0 0.0 8.0 2.0 0.0 2.0 2.0 3.0 0.0 3.0 1.0 1.0 1.0 3.0 1.0 0.0 1.0 1.0 5.0 1.0 0.0 1.0 2.0 3.0 0.0 0.0 1.0 2.0 0.0 1.0 6.0 2.0 5.0 0.0 0.0 0.0 3.0 0.0 0.0 3.0 0.0 6.0 5.0 2.0 3.0 1.0 4.0 0.0 1.0 0.0 0.0 3.0 108.0 0.0 
0.0 0.0 0.0 45.0 24.0 1.0 1.0 4.0 0.0 0.0 1.0 0.0 1.0 0.0 2.0 0.0 4.0 1.0 1.0 2.0 2.0 0.0 2.0 0.0 6.0 0.0 0.0 0.0 1.0 1.0 5.0 3.0 0.0 0.0 0.0 4.0 9.0 1.0 0.0 7.0 4.0 0.0 0.0 0.0 13.0 1.0 2.0 0.0 3.0 0.0 0.0 2.0 0.0 0.0 11.0 1.0 2.0 5.0 1.0 4.0 0.0 7.0 4.0 0.0 1.0 0.0 0.0 2.0 1.0 1.0 6.0 2.0 7.0 3.0 4.0 0.0 0.0 2.0 0.0 4.0 0.0 3.0 1.0 1.0 3.0 4.0 0.0 4.0 2.0 1.0 1.0 2.0 1.0 6.0 0.0 0.0 1.0 6.0 128.0 2.0 
0.0 0.0 0.0 20.0 27.0 13.0 2.0 2.0 2.0 1.0 7.0 3.0 5.0 5.0 4.0 0.0 0.0 1.0 1.0 1.0 0.0 0.0 1.0 0.0 3.0 1.0 0.0 1.0 3.0 0.0 4.0 4.0 0.0 0.0 0.0 1.0 0.0 1.0 2.0 2.0 5.0 4.0 4.0 2.0 2.0 0.0 6.0 4.0 0.0 2.0 3.0 0.0 0.0 2.0 1.0 8.0 2.0 2.0 3.0 2.0 0.0 0.0 1.0 4.0 1.0 2.0 5.0 0.0 2.0 1.0 1.0 1.0 1.0 3.0 7.0 0.0 4.0 0.0 4.0 2.0 2.0 0.0 1.0 3.0 3.0 0.0 2.0 0.0 4.0 6.0 6.0 2.0 1.0 2.0 0.0 6.0 1.0 16.0 85.0 24.0 
0.0 0.0 0.0 11.0 139.0 16.0 0.0 0.0 0.0 1.0 0.0 0.0 0.0 0.0 2.0 0.0 0.0 0.0 4.0 0.0 0.0 0.0 1.0 4.0 0.0 1.0 4.0 6.0 2.0 0.0 5.0 0.0 0.0 0.0 6.0 3.0 0.0 1.0 0.0 3.0 0.0 1.0 12.0 2.0 0.0 8.0 0.0 1.0 3.0 1.0 4.0 0.0 2.0 0.0 2.0 1.0 1.0 1.0 2.0 0.0 2.0 7.0 0.0 0.0 2.0 4.0 0.0 4.0 4.0 2.0 2.0 0.0 9.0 0.0 3.0 1.0 0.0 6.0 2.0 0.0 1.0 0.0 8.0 2.0 3.0 1.0 6.0 0.0 2.0 0.0 0.0 0.0 1.0 1.0 2.0 5.0 1.0 1.0 193.0 1.0 
0.0 0.0 0.0 0.0 120.0 0.0 3.0 2.0 0.0 5.0 4.0 2.0 8.0 0.0 0.0 1.0 2.0 4.0 0.0 0.0 4.0 1.0 0.0 4.0 5.0 2.0 0.0 6.0 2.0 1.0 7.0 1.0 1.0 4.0 0.0 2.0 1.0 2.0 1.0 2.0 5.0 0.0 0.0 5.0 2.0 1.0 0.0 4.0 2.0 3.0 1.0 5.0 2.0 0.0 0.0 6.0 1.0 0.0 0.0 2.0 0.0 0.0 0.0 1.0 0.0 1.0 2.0 4.0 0.0 0.0 7.0 3.0 5.0 0.0 7.0 6.0 0.0 1.0 1.0 4.0 0.0 3.0 1.0 6.0 0.0 0.0 2.0 7.0 0.0 1.0 7.0 2.0 0.0 4.0 1.0 1.0 2.0 20.0 33.0 26.0 
0.0 0.0 0.0 0.0 157.0 3.0 5.0 0.0 2.0 9.0 1.0 3.0 0.0 0.0 1.0 5.0 3.0 0.0 1.0 0.0 4.0 0.0 4.0 0.0 4.0 0.0 3.0 0.0 0.0 2.0 1.0 0.0 4.0 1.0 3.0 1.0 2.0 3.0 0.0 5.0 0.0 5.0 3.0 4.0 0.0 4.0 0.0 6.0 0.0 2.0 0.0 8.0 1.0 1.0 6.0 2.0 3.0 4.0 2.0 0.0 0.0 0.0 2.0 5.0 0.0 1.0 0.0 4.0 0.0 0.0 3.0 2.0 0.0 0.0 5.0 0.0 2.0 6.0 1.0 0.0 2.0 1.0 5.0 3.0 5.0 0.0 0.0 2.0 3.0 3.0 0.0 4.0 0.0 3.0 5.0 0.0 1.0 0.0 137.0 0.0 
0.0 0.0 0.0 0.0 60.0 1.0 2.0 4.0 0.0 0.0 2.0 1.0 5.0 0.0 1.0 0.0 4.0 7.0 0.0 2.0 2.0 0.0 0.0 4.0 5.0 11.0 6.0 1.0 0.0 1.0 0.0 0.0 5.0 3.0 3.0 3.0 4.0 3.0 5.0 4.0 0.0 3.0 1.0 1.0 1.0 1.0 2.0 3.0 6.0 2.0 2.0 0.0 4.0 5.0 1.0 2.0 11.0 0.0 1.0 0.0 3.0 0.0 6.0 2.0 1.0 7.0 2.0 1.0 2.0 0.0 1.0 2.0 4.0 0.0 1.0 1.0 0.0 1.0 0.0 0.0 6.0 1.0 3.0 1.0 1.0 0.0 0.0 6.0 0.0 1.0 5.0 1.0 0.0 0.0 4.0 3.0 1.0 4.0 69.0 0.0 
0.0 0.0 0.0 0.0 72.0 16.0 2.0 1.0 4.0 1.0 3.0 1.0 1.0 8.0 3.0 3.0 2.0 0.0 1.0 2.0 6.0 0.0 4.0 0.0 0.0 1.0 0.0 2.0 2.0 2.0 1.0 0.0 4.0 2.0 0.0 5.0 4.0 5.0 1.0 1.0 1.0 2.0 0.0 2.0 3.0 0.0 1.0 0.0 0.0 1.0 0.0 2.0 1.0 6.0 1.0 0.0 0.0 1.0 1.0 1.0 0.0 2.0 0.0 0.0 3.0 0.0 2.0 0.0 1.0 0.0 1.0 0.0 0.0 1.0 0.0 6.0 1.0 3.0 5.0 1.0 0.0 0.0 0.0 1.0 6.0 8.0 0.0 1.0 3.0 7.0 1.0 4.0 0.0 2.0 1.0 3.0 4.0 5.0 39.0 0.0 
0.0 0.0 0.0 0.0 29.0 19.0 13.0 4.0 8.0 2.0 0.0 0.0 0.0 4.0 11.0 6.0 2.0 0.0 3.0 0.0 4.0 4.0 1.0 0.0 1.0 4.0 3.0 4.0 4.0 4.0 3.0 4.0 3.0 0.0 6.0 2.0 3.0 3.0 0.0 2.0 5.0 0.0 0.0 4.0 2.0 3.0 1.0 2.0 0.0 1.0 2.0 0.0 1.0 0.0 0.0 2.0 0.0 0.0 4.0 3.0 2.0 4.0 0.0 1.0 0.0 0.0 10.0 2.0 0.0 2.0 3.0 4.0 1.0 0.0 4.0 0.0 3.0 4.0 6.0 1.0 0.0 0.0 0.0 6.0 5.0 1.0 0.0 1.0 1.0 0.0 2.0 0.0 0.0 1.0 2.0 2.0 1.0 7.0 44.0 0.0 
0.0 0.0 0.0 0.0 31.0 11.0 7.0 7.0 1.0 2.0 3.0 0.0 3.0 0.0 0.0 3.0 0.0 3.0 3.0 1.0 0.0 0.0 0.0 8.0 0.0 0.0 0.0 0.0 0.0 1.0 0.0 6.0 3.0 2.0 0.0 0.0 1.0 0.0 6.0 3.0 0.0 2.0 2.0 6.0 2.0 6.0 0.0 8.0 0.0 2.0 2.0 0.0 0.0 0.0 4.0 0.0 2.0 6.0 0.0 0.0 2.0 2.0 0.0 5.0 6.0 5.0 10.0 3.0 1.0 0.0 0.0 15.0 2.0 2.0 0.0 0.0 2.0 5.0 0.0 1.0 2.0 6.0 1.0 0.0 0.0 1.0 0.0 0.0 6.0 2.0 2.0 6.0 3.0 0.0 0.0 4.0 4.0 21.0 44.0 0.0 
0.0 0.0 0.0 0.0 0.0 170.0 1.0 0.0 0.0 0.0 4.0 4.0 0.0 10.0 4.0 0.0 1.0 3.0 0.0 3.0 4.0 0.0 10.0 0.0 0.0 0.0 1.0 1.0 4.0 1.0 2.0 0.0 1.0 2.0 0.0 0.0 0.0 1.0 0.0 1.0 2.0 1.0 3.0 1.0 1.0 2.0 0.0 0.0 8.0 0.0 2.0 7.0 8.0 5.0 0.0 7.0 2.0 4.0 1.0 2.0 3.0 1.0 8.0 4.0 1.0 1.0 5.0 9.0 0.0 1.0 8.0 3.0 0.0 0.0 2.0 0.0 1.0 0.0 4.0 1.0 6.0 0.0 0.0 1.0 0.0 1.0 7.0 4.0 2.0 0.0 3.0 4.0 2.0 2.0 4.0 2.0 23.0 64.0 21.0 0.0 
0.0 0.0 0.0 0.0 0.0 58.0 22.0 2.0 4.0 1.0 0.0 2.0 2.0 1.0 0.0 0.0 5.0 6.0 1.0 0.0 1.0 5.0 2.0 1.0 0.0 0.0 0.0 0.0 2.0 5.0 4.0 2.0 1.0 1.0 3.0 3.0 6.0 0.0 5.0 0.0 2.0 2.0 0.0 0.0 4.0 4.0 1.0 0.0 3.0 5.0 4.0 0.0 3.0 2.0 2.0 0.0 1.0 1.0 2.0 5.0 1.0 12.0 0.0 2.0 1.0 0.0 0.0 2.0 4.0 0.0 0.0 0.0 0.0 7.0 3.0 1.0 0.0 4.0 0.0 1.0 1.0 5.0 1.0 1.0 2.0 0.0 5.0 2.0 4.0 2.0 3.0 1.0 3.0 1.0 0.0 0.0 1.0 139.0 0.0 0.0 
0.0 0.0 0.0 0.0 0.0 23.0 44.0 22.0 1.0 3.0 0.0 0.0 6.0 0.0 3.0 2.0 1.0 0.0 0.0 10.0 0.0 3.0 2.0 0.0 2.0 1.0 6.0 3.0 2.0 0.0 3.0 2.0 0.0 8.0 0.0 1.0 0.0 5.0 6.0 4.0 0.0 7.0 0.0 4.0 1.0 0.0 0.0 2.0 2.0 3.0 4.0 4.0 0.0 0.0 2.0 2.0 0.0 0.0 0.0 4.0 1.0 4.0 6.0 0.0 9.0 4.0 2.0 0.0 6.0 3.0 8.0 4.0 4.0 0.0 1.0 0.0 2.0 0.0 0.0 1.0 0.0 2.0 3.0 1.0 1.0 2.0 4.0 1.0 9.0 6.0 3.0 2.0 4.0 3.0 4.0 1.0 3.0 84.0 0.0 0.0 
0.0 0.0 0.0 0.0 0.0 0.0 142.0 1.0 3.0 2.0 0.0 1.0 3.0 8.0 1.0 2.0 6.0 1.0 6.0 0.0 7.0 4.0 6.0 5.0 0.0 2.0 1.0 0.0 3.0 2.0 3.0 2.0 11.0 4.0 2.0 0.0 6.0 3.0 5.0 0.0 1.0 0.0 2.0 1.0 2.0 1.0 1.0 1.0 1.0 3.0 2.0 0.0 2.0 0.0 2.0 1.0 2.0 8.0 4.0 4.0 0.0 0.0 5.0 6.0 2.0 2.0 2.0 3.0 1.0 0.0 0.0 1.0 1.0 0.0 4.0 3.0 4.0 6.0 0.0 1.0 3.0 0.0 0.0 0.0 2.0 1.0 0.0 2.0 0.0 1.0 3.0 1.0 4.0 0.0 0.0 6.0 26.0 38.0 0.0 0.0 
0.0 0.0 0.0 0.0 0.0 0.0 140.0 0.0 2.0 4.0 6.0 6.0 2.0 0.0 1.0 2.0 2.0 6.0 6.0 4.0 0.0 0.0 2.0 1.0 1.0 0.0 3.0 3.0 10.0 1.0 0.0 10.0 0.0 1.0 4.0 3.0 2.0 3.0 2.0 1.0 1.0 4.0 1.0 2.0 0.0 1.0 3.0 2.0 3.0 2.0 1.0 4.0 9.0 4.0 0.0 0.0 0.0 3.0 5.0 1.0 3.0 1.0 0.0 1.0 1.0 0.0 2.0 2.0 4.0 0.0 0.0 0.0 1.0 2.0 3.0 4.0 2.0 1.0 4.0 0.0 3.0 4.0 3.0 0.0 1.0 0.0 7.0 7.0 2.0 2.0 2.0 4.0 3.0 2.0 1.0 11.0 33.0 32.0 0.0 0.0 
0.0 0.0 0.0 0.0 0.0 0.0 57.0 10.0 4.0 8.0 3.0 1.0 6.0 10.0 0.0 0.0 1.0 2.0 2.0 4.0 0.0 4.0 1.0 2.0 0.0 1.0 6.0 0.0 2.0 0.0 3.0 0.0 4.0 0.0 4.0 9.0 0.0 3.0 3.0 0.0 7.0 0.0 2.0 6.0 10.0 0.0 0.0 0.0 2.0 4.0 5.0 0.0 0.0 8.0 0.0 0.0 2.0 4.0 2.0 5.0 1.0 2.0 1.0 0.0 0.0 8.0 5.0 4.0 1.0 1.0 6.0 3.0 4.0 8.0 3.0 0.0 1.0 1.0 3.0 1.0 4.0 6.0 0.0 0.0 5.0 3.0 3.0 1.0 4.0 3.0 2.0 4.0 10.0 3.0 0.0 5.0 151.0 0.0 0.0 0.0 
0.0 0.0 0.0 0.0 0.0 0.0 32.0 21.0 6.0 5.0 1.0 1.0 2.0 3.0 2.0 0.0 6.0 0.0 1.0 11.0 1.0 3.0 7.0 2.0 1.0 12.0 0.0 0.0 3.0 8.0 0.0 2.0 1.0 3.0 4.0 1.0 3.0 4.0 0.0 2.0 0.0 5.0 1.0 0.0 0.0 6.0 0.0 2.0 0.0 3.0 4.0 0.0 2.0 0.0 1.0 7.0 3.0 2.0 1.0 0.0 0.0 3.0 1.0 2.0 6.0 1.0 0.0 0.0 8.0 0.0 1.0 0.0 3.0 2.0 1.0 0.0 0.0 3.0 0.0 0.0 4.0 0.0 0.0 0.0 0.0 1.0 1.0 2.0 13.0 0.0 2.0 3.0 2.0 0.0 3.0 3.0 57.0 0.0 0.0 0.0 
0.0 0.0 0.0 0.0 0.0 0.0 30.0 27.0 20.0 2.0 3.0 3.0 1.0 0.0 0.0 3.0 1.0 3.0 0.0 0.0 6.0 1.0 0.0 0.0 0.0 0.0 0.0 2.0 0.0 0.0 2.0 2.0 2.0 0.0 3.0 0.0 2.0 1.0 10.0 0.0 4.0 0.0 4.0 7.0 1.0 0.0 2.0 1.0 0.0 1.0 1.0 6.0 1.0 1.0 4.0 0.0 3.0 1.0 1.0 6.0 0.0 2.0 1.0 0.0 4.0 2.0 2.0 0.0 1.0 3.0 2.0 1.0 0.0 0.0 3.0 2.0 1.0 2.0 0.0 0.0 1.0 0.0 2.0 0.0 1.0 3.0 0.0 0.0 0.0 2.0 0.0 3.0 1.0 2.0 0.0 183.0 0.0 0.0 0.0 0.0 
0.0 0.0 0.0 0.0 0.0 0.0 0.0 102.0 8.0 0.0 1.0 1.0 0.0 5.0 0.0 4.0 3.0 0.0 1.0 7.0 3.0 0.0 1.0 6.0 1.0 5.0 5.0 2.0 1.0 2.0 0.0 2.0 0.0 5.0 0.0 0.0 1.0 1.0 0.0 0.0 0.0 4.0 2.0 0.0 6.0 1.0 3.0 1.0 0.0 1.0 3.0 1.0 5.0 2.0 2.0 3.0 7.0 2.0 3.0 2.0 2.0 3.0 4.0 1.0 8.0 0.0 0.0 5.0 1.0 2.0 4.0 5.0 0.0 3.0 0.0 0.0 2.0 0.0 0.0 5.0 2.0 5.0 3.0 0.0 10.0 0.0 0.0 2.0 7.0 1.0 8.0 1.0 0.0 4.0 6.0 29.0 0.0 0.0 0.0 0.0 
0.0 0.0 0.0 0.0 0.0 0.0 0.0 47.0 3.0 11.0 2.0 1.0 1.0 12.0 8.0 2.0 2.0 0.0 1.0 2.0 0.0 4.0 4.0 2.0 0.0 3.0 1.0 0.0 4.0 4.0 4.0 2.0 1.0 6.0 1.0 0.0 1.0 2.0 7.0 3.0 6.0 2.0 5.0 1.0 2.0 0.0 1.0 1.0 0.0 0.0 4.0 2.0 0.0 8.0 0.0 4.0 2.0 1.0 2.0 6.0 2.0 0.0 0.0 1.0 5.0 3.0 1.0 2.0 2.0 0.0 4.0 0.0 1.0 5.0 0.0 2.0 2.0 6.0 0.0 3.0 3.0 0.0 0.0 0.0 1.0 6.0 2.0 1.0 2.0 5.0 0.0 0.0 0.0 3.0 156.0 0.0 0.0 0.0 0.0 0.0 
0.0 0.0 0.0 0.0 0.0 0.0 0.0 0.0 144.0 0.0 4.0 4.0 0.0 3.0 0.0 5.0 0.0 0.0 1.0 1.0 4.0 0.0 1.0 1.0 4.0 0.0 0.0 6.0 2.0 1.0 1.0 2.0 1.0 3.0 3.0 0.0 4.0 0.0 4.0 0.0 4.0 6.0 11.0 0.0 6.0 0.0 4.0 0.0 1.0 0.0 1.0 2.0 2.0 6.0 0.0 0.0 0.0 3.0 1.0 5.0 4.0 0.0 1.0 3.0 1.0 2.0 0.0 4.0 1.0 0.0 0.0 5.0 2.0 1.0 4.0 0.0 1.0 1.0 1.0 0.0 1.0 7.0 3.0 1.0 1.0 3.0 5.0 1.0 1.0 1.0 1.0 2.0 3.0 3.0 32.0 0.0 0.0 0.0 0.0 0.0 
0.0 0.0 0.0 0.0 0.0 0.0 0.0 0.0 41.0 24.0 1.0 3.0 0.0 4.0 3.0 5.0 1.0 0.0 1.0 3.0 10.0 3.0 2.0 1.0 0.0 1.0 1.0 0.0 0.0 2.0 7.0 0.0 2.0 3.0 1.0 2.0 0.0 0.0 0.0 7.0 1.0 4.0 0.0 0.0 0.0 0.0 6.0 0.0 0.0 2.0 4.0 2.0 1.0 1.0 5.0 1.0 3.0 0.0 3.0 0.0 0.0 3.0 0.0 2.0 8.0 2.0 6.0 0.0 6.0 2.0 4.0 1.0 1.0 3.0 0.0 1.0 0.0 5.0 0.0 6.0 3.0 3.0 0.0 2.0 2.0 8.0 4.0 2.0 2.0 4.0 0.0 1.0 0.0 155.0 0.0 0.0 0.0 0.0 0.0 0.0 
0.0 0.0 0.0 0.0 0.0 0.0 0.0 0.0 8.0 112.0 22.0 1.0 0.0 4.0 1.0 1.0 3.0 2.0 0.0 1.0 0.0 1.0 0.0 1.0 0.0 0.0 5.0 5.0 0.0 0.0 5.0 4.0 0.0 0.0 0.0 3.0 0.0 0.0 2.0 7.0 3.0 3.0 2.0 0.0 0.0 0.0 0.0 0.0 4.0 0.0 3.0 6.0 1.0 0.0 2.0 3.0 1.0 1.0 1.0 0.0 5.0 2.0 3.0 9.0 3.0 1.0 0.0 0.0 1.0 0.0 0.0 1.0 5.0 1.0 7.0 2.0 0.0 2.0 2.0 0.0 0.0 0.0 0.0 1.0 2.0 0.0 1.0 0.0 1.0 6.0 2.0 1.0 217.0 0.0 0.0 0.0 0.0 0.0 0.0 0.0 
0.0 0.0 0.0 0.0 0.0 0.0 0.0 0.0 0.0 46.0 2.0 1.0 7.0 4.0 0.0 3.0 0.0 0.0 0.0 1.0 2.0 1.0 2.0 1.0 0.0 2.0 1.0 2.0 2.0 0.0 0.0 3.0 1.0 2.0 2.0 1.0 2.0 4.0 8.0 0.0 1.0 2.0 2.0 6.0 2.0 1.0 2.0 3.0 4.0 1.0 0.0 6.0 0.0 2.0 1.0 2.0 5.0 2.0 1.0 1.0 3.0 5.0 0.0 1.0 0.0 0.0 1.0 2.0 2.0 1.0 6.0 0.0 4.0 3.0 0.0 4.0 0.0 0.0 4.0 4.0 0.0 1.0 0.0 1.0 2.0 10.0 8.0 1.0 4.0 1.0 1.0 2.0 65.0 0.0 0.0 0.0 0.0 0.0 0.0 0.0 
0.0 0.0 0.0 0.0 0.0 0.0 0.0 0.0 0.0 0.0 116.0 18.0 5.0 2.0 0.0 5.0 1.0 2.0 3.0 5.0 0.0 1.0 3.0 1.0 1.0 1.0 1.0 10.0 0.0 3.0 3.0 3.0 3.0 8.0 4.0 3.0 0.0 2.0 0.0 0.0 1.0 0.0 5.0 2.0 1.0 4.0 2.0 1.0 6.0 0.0 1.0 2.0 0.0 0.0 7.0 1.0 4.0 3.0 0.0 6.0 2.0 1.0 2.0 0.0 1.0 4.0 1.0 2.0 5.0 1.0 7.0 4.0 0.0 0.0 0.0 3.0 2.0 4.0 1.0 3.0 2.0 0.0 5.0 0.0 4.0 1.0 3.0 0.0 0.0 1.0 7.0 156.0 0.0 0.0 0.0 0.0 0.0 0.0 0.0 0.0 
0.0 0.0 0.0 0.0 0.0 0.0 0.0 0.0 0.0 0.0 20.0 15.0 30.0 0.0 0.0 1.0 6.0 1.0 0.0 0.0 2.0 1.0 1.0 3.0 0.0 6.0 1.0 0.0 2.0 0.0 2.0 2.0 0.0 5.0 0.0 1.0 1.0 3.0 2.0 0.0 0.0 5.0 3.0 3.0 0.0 8.0 0.0 5.0 0.0 0.0 4.0 7.0 0.0 0.0 3.0 7.0 0.0 3.0 5.0 0.0 2.0 1.0 0.0 3.0 5.0 0.0 5.0 3.0 9.0 10.0 0.0 0.0 2.0 0.0 5.0 2.0 3.0 3.0 4.0 0.0 3.0 4.0 0.0 4.0 2.0 2.0 1.0 2.0 5.0 6.0 15.0 40.0 0.0 0.0 0.0 0.0 0.0 0.0 0.0 0.0 
0.0 0.0 0.0 0.0 0.0 0.0 0.0 0.0 0.0 0.0 0.0 50.0 27.0 16.0 5.0 5.0 2.0 2.0 0.0 3.0 0.0 0.0 0.0 0.0 2.0 4.0 0.0 2.0 6.0 0.0 6.0 2.0 0.0 6.0 0.0 0.0 1.0 1.0 0.0 0.0 0.0 0.0 3.0 0.0 1.0 3.0 5.0 3.0 0.0 4.0 2.0 0.0 2.0 1.0 6.0 0.0 4.0 1.0 1.0 0.0 0.0 1.0 4.0 4.0 0.0 6.0 5.0 0.0 3.0 2.0 3.0 0.0 0.0 1.0 1.0 1.0 2.0 0.0 4.0 3.0 0.0 3.0 0.0 0.0 2.0 3.0 0.0 5.0 1.0 1.0 122.0 0.0 0.0 0.0 0.0 0.0 0.0 0.0 0.0 0.0 
0.0 0.0 0.0 0.0 0.0 0.0 0.0 0.0 0.0 0.0 0.0 0.0 20.0 156.0 30.0 1.0 4.0 0.0 5.0 4.0 0.0 2.0 1.0 2.0 1.0 3.0 0.0 1.0 2.0 2.0 1.0 2.0 0.0 0.0 0.0 0.0 2.0 3.0 2.0 0.0 0.0 6.0 1.0 4.0 2.0 0.0 0.0 0.0 1.0 1.0 2.0 1.0 2.0 2.0 3.0 6.0 1.0 3.0 3.0 0.0 0.0 1.0 1.0 0.0 0.0 0.0 3.0 2.0 1.0 3.0 2.0 0.0 1.0 1.0 4.0 2.0 1.0 0.0 1.0 5.0 5.0 0.0 0.0 0.0 4.0 0.0 0.0 1.0 27.0 172.0 0.0 0.0 0.0 0.0 0.0 0.0 0.0 0.0 0.0 0.0 
0.0 0.0 0.0 0.0 0.0 0.0 0.0 0.0 0.0 0.0 0.0 0.0 0.0 26.0 53.0 41.0 4.0 0.0 0.0 1.0 1.0 4.0 0.0 5.0 2.0 1.0 1.0 1.0 0.0 0.0 0.0 0.0 0.0 0.0 1.0 0.0 0.0 0.0 0.0 0.0 4.0 5.0 2.0 1.0 0.0 5.0 5.0 2.0 8.0 3.0 0.0 4.0 3.0 3.0 2.0 1.0 4.0 0.0 0.0 2.0 1.0 3.0 2.0 0.0 0.0 1.0 1.0 1.0 1.0 0.0 2.0 5.0 5.0 3.0 1.0 0.0 3.0 1.0 3.0 0.0 2.0 0.0 0.0 0.0 3.0 1.0 2.0 19.0 72.0 26.0 0.0 0.0 0.0 0.0 0.0 0.0 0.0 0.0 0.0 0.0 
0.0 0.0 0.0 0.0 0.0 0.0 0.0 0.0 0.0 0.0 0.0 0.0 0.0 0.0 63.0 27.0 15.0 2.0 2.0 0.0 1.0 5.0 4.0 4.0 2.0 0.0 0.0 3.0 2.0 4.0 6.0 0.0 3.0 0.0 1.0 3.0 2.0 2.0 2.0 2.0 0.0 2.0 0.0 1.0 0.0 5.0 2.0 0.0 1.0 5.0 2.0 10.0 4.0 2.0 1.0 1.0 5.0 1.0 0.0 2.0 7.0 5.0 3.0 2.0 6.0 1.0 2.0 2.0 8.0 8.0 0.0 2.0 0.0 0.0 0.0 5.0 5.0 3.0 5.0 5.0 0.0 1.0 10.0 2.0 3.0 1.0 6.0 2.0 80.0 0.0 0.0 0.0 0.0 0.0 0.0 0.0 0.0 0.0 0.0 0.0 
0.0 0.0 0.0 0.0 0.0 0.0 0.0 0.0 0.0 0.0 0.0 0.0 0.0 0.0 0.0 75.0 1.0 17.0 2.0 0.0 4.0 2.0 1.0 1.0 3.0 2.0 6.0 1.0 1.0 0.0 2.0 4.0 2.0 2.0 2.0 1.0 8.0 0.0 1.0 1.0 2.0 0.0 1.0 1.0 4.0 3.0 0.0 5.0 3.0 2.0 4.0 0.0 3.0 2.0 6.0 6.0 0.0 0.0 4.0 3.0 3.0 3.0 6.0 2.0 6.0 0.0 3.0 4.0 0.0 1.0 1.0 3.0 1.0 3.0 4.0 0.0 0.0 3.0 1.0 5.0 3.0 0.0 1.0 1.0 0.0 5.0 3.0 105.0 0.0 0.0 0.0 0.0 0.0 0.0 0.0 0.0 0.0 0.0 0.0 0.0 
0.0 0.0 0.0 0.0 0.0 0.0 0.0 0.0 0.0 0.0 0.0 0.0 0.0 0.0 0.0 0.0 105.0 20.0 25.0 1.0 1.0 3.0 1.0 1.0 3.0 7.0 0.0 0.0 1.0 1.0 0.0 5.0 0.0 0.0 2.0 0.0 3.0 0.0 1.0 1.0 0.0 3.0 2.0 1.0 4.0 4.0 6.0 2.0 1.0 0.0 3.0 2.0 0.0 3.0 2.0 4.0 5.0 0.0 2.0 2.0 0.0 1.0 0.0 1.0 2.0 0.0 0.0 0.0 0.0 6.0 4.0 4.0 13.0 2.0 0.0 4.0 0.0 2.0 4.0 1.0 2.0 0.0 2.0 5.0 4.0 8.0 92.0 0.0 0.0 0.0 0.0 0.0 0.0 0.0 0.0 0.0 0.0 0.0 0.0 0.0 
0.0 0.0 0.0 0.0 0.0 0.0 0.0 0.0 0.0 0.0 0.0 0.0 0.0 0.0 0.0 0.0 0.0 55.0 5.0 16.0 0.0 3.0 5.0 2.0 0.0 1.0 3.0 3.0 0.0 0.0 2.0 0.0 0.0 5.0 2.0 2.0 2.0 0.0 2.0 2.0 2.0 0.0 0.0 5.0 0.0 2.0 1.0 3.0 2.0 0.0 0.0 1.0 0.0 1.0 4.0 0.0 1.0 0.0 1.0 0.0 1.0 1.0 1.0 3.0 2.0 1.0 3.0 2.0 3.0 4.0 2.0 2.0 1.0 3.0 1.0 0.0 5.0 0.0 1.0 0.0 6.0 1.0 3.0 10.0 2.0 116.0 0.0 0.0 0.0 0.0 0.0 0.0 0.0 0.0 0.0 0.0 0.0 0.0 0.0 0.0 
0.0 0.0 0.0 0.0 0.0 0.0 0.0 0.0 0.0 0.0 0.0 0.0 0.0 0.0 0.0 0.0 0.0 0.0 51.0 6.0 15.0 5.0 0.0 0.0 0.0 2.0 3.0 0.0 2.0 1.0 3.0 0.0 4.0 0.0 0.0 0.0 0.0 2.0 4.0 0.0 0.0 0.0 1.0 0.0 4.0 0.0 5.0 0.0 2.0 1.0 0.0 1.0 4.0 0.0 0.0 1.0 0.0 2.0 1.0 1.0 1.0 4.0 4.0 1.0 6.0 4.0 2.0 1.0 2.0 2.0 0.0 3.0 0.0 2.0 0.0 5.0 0.0 0.0 1.0 0.0 0.0 2.0 1.0 6.0 133.0 0.0 0.0 0.0 0.0 0.0 0.0 0.0 0.0 0.0 0.0 0.0 0.0 0.0 0.0 0.0 
0.0 0.0 0.0 0.0 0.0 0.0 0.0 0.0 0.0 0.0 0.0 0.0 0.0 0.0 0.0 0.0 0.0 0.0 0.0 38.0 17.0 15.0 2.0 3.0 1.0 1.0 5.0 0.0 2.0 5.0 0.0 2.0 0.0 1.0 5.0 0.0 10.0 1.0 3.0 2.0 4.0 0.0 1.0 0.0 0.0 4.0 0.0 1.0 0.0 4.0 2.0 1.0 0.0 1.0 6.0 2.0 3.0 2.0 0.0 4.0 1.0 0.0 1.0 1.0 3.0 0.0 3.0 2.0 3.0 0.0 0.0 1.0 3.0 0.0 0.0 2.0 0.0 2.0 1.0 6.0 4.0 5.0 3.0 112.0 0.0 0.0 0.0 0.0 0.0 0.0 0.0 0.0 0.0 0.0 0.0 0.0 0.0 0.0 0.0 0.0 
0.0 0.0 0.0 0.0 0.0 0.0 0.0 0.0 0.0 0.0 0.0 0.0 0.0 0.0 0.0 0.0 0.0 0.0 0.0 0.0 41.0 15.0 15.0 1.0 1.0 3.0 0.0 1.0 3.0 4.0 7.0 0.0 1.0 2.0 0.0 1.0 1.0 0.0 0.0 2.0 2.0 1.0 0.0 2.0 2.0 7.0 1.0 0.0 2.0 2.0 1.0 9.0 8.0 0.0 2.0 1.0 1.0 0.0 0.0 2.0 0.0 5.0 1.0 1.0 2.0 1.0 2.0 0.0 1.0 2.0 0.0 1.0 0.0 4.0 2.0 0.0 4.0 1.0 2.0 1.0 17.0 11.0 97.0 0.0 0.0 0.0 0.0 0.0 0.0 0.0 0.0 0.0 0.0 0.0 0.0 0.0 0.0 0.0 0.0 0.0 
0.0 0.0 0.0 0.0 0.0 0.0 0.0 0.0 0.0 0.0 0.0 0.0 0.0 0.0 0.0 0.0 0.0 0.0 0.0 0.0 0.0 63.0 9.0 17.0 0.0 4.0 0.0 0.0 3.0 1.0 2.0 0.0 3.0 0.0 4.0 2.0 1.0 9.0 2.0 9.0 9.0 2.0 0.0 2.0 2.0 1.0 4.0 3.0 0.0 3.0 1.0 0.0 0.0 1.0 3.0 6.0 1.0 2.0 0.0 0.0 1.0 1.0 5.0 1.0 0.0 3.0 8.0 2.0 0.0 2.0 5.0 7.0 2.0 0.0 0.0 3.0 4.0 3.0 1.0 15.0 76.0 30.0 0.0 0.0 0.0 0.0 0.0 0.0 0.0 0.0 0.0 0.0 0.0 0.0 0.0 0.0 0.0 0.0 0.0 0.0 
0.0 0.0 0.0 0.0 0.0 0.0 0.0 0.0 0.0 0.0 0.0 0.0 0.0 0.0 0.0 0.0 0.0 0.0 0.0 0.0 0.0 0.0 53.0 16.0 29.0 0.0 5.0 0.0 1.0 0.0 1.0 4.0 9.0 1.0 4.0 0.0 1.0 1.0 2.0 6.0 4.0 3.0 2.0 4.0 1.0 3.0 0.0 0.0 1.0 0.0 0.0 3.0 4.0 4.0 2.0 3.0 3.0 3.0 0.0 7.0 2.0 12.0 1.0 2.0 3.0 4.0 1.0 0.0 1.0 0.0 6.0 1.0 11.0 1.0 4.0 3.0 1.0 2.0 0.0 144.0 16.0 0.0 0.0 0.0 0.0 0.0 0.0 0.0 0.0 0.0 0.0 0.0 0.0 0.0 0.0 0.0 0.0 0.0 0.0 0.0 
0.0 0.0 0.0 0.0 0.0 0.0 0.0 0.0 0.0 0.0 0.0 0.0 0.0 0.0 0.0 0.0 0.0 0.0 0.0 0.0 0.0 0.0 0.0 48.0 26.0 12.0 0.0 1.0 9.0 5.0 0.0 7.0 5.0 3.0 1.0 0.0 1.0 2.0 1.0 1.0 0.0 0.0 5.0 2.0 0.0 1.0 0.0 0.0 2.0 0.0 1.0 1.0 0.0 0.0 14.0 1.0 5.0 4.0 0.0 0.0 0.0 0.0 0.0 3.0 1.0 0.0 2.0 0.0 4.0 0.0 3.0 2.0 1.0 4.0 1.0 3.0 13.0 12.0 76.0 0.0 0.0 0.0 0.0 0.0 0.0 0.0 0.0 0.0 0.0 0.0 0.0 0.0 0.0 0.0 0.0 0.0 0.0 0.0 0.0 0.0 
0.0 0.0 0.0 0.0 0.0 0.0 0.0 0.0 0.0 0.0 0.0 0.0 0.0 0.0 0.0 0.0 0.0 0.0 0.0 0.0 0.0 0.0 0.0 0.0 20.0 147.0 4.0 0.0 0.0 1.0 1.0 0.0 2.0 0.0 0.0 4.0 0.0 1.0 1.0 0.0 5.0 1.0 1.0 6.0 6.0 2.0 2.0 0.0 6.0 1.0 3.0 2.0 1.0 0.0 0.0 0.0 4.0 1.0 3.0 3.0 0.0 0.0 0.0 2.0 0.0 2.0 0.0 1.0 1.0 2.0 0.0 0.0 1.0 4.0 0.0 29.0 4.0 77.0 0.0 0.0 0.0 0.0 0.0 0.0 0.0 0.0 0.0 0.0 0.0 0.0 0.0 0.0 0.0 0.0 0.0 0.0 0.0 0.0 0.0 0.0 
0.0 0.0 0.0 0.0 0.0 0.0 0.0 0.0 0.0 0.0 0.0 0.0 0.0 0.0 0.0 0.0 0.0 0.0 0.0 0.0 0.0 0.0 0.0 0.0 0.0 3.0 192.0 6.0 3.0 4.0 3.0 3.0 1.0 0.0 1.0 0.0 3.0 3.0 2.0 1.0 0.0 0.0 6.0 1.0 2.0 1.0 9.0 1.0 0.0 0.0 2.0 3.0 0.0 0.0 1.0 1.0 4.0 0.0 1.0 0.0 4.0 3.0 2.0 3.0 1.0 1.0 0.0 4.0 12.0 9.0 8.0 6.0 2.0 2.0 47.0 44.0 58.0 0.0 0.0 0.0 0.0 0.0 0.0 0.0 0.0 0.0 0.0 0.0 0.0 0.0 0.0 0.0 0.0 0.0 0.0 0.0 0.0 0.0 0.0 0.0 
0.0 0.0 0.0 0.0 0.0 0.0 0.0 0.0 0.0 0.0 0.0 0.0 0.0 0.0 0.0 0.0 0.0 0.0 0.0 0.0 0.0 0.0 0.0 0.0 0.0 0.0 0.0 132.0 6.0 18.0 0.0 7.0 2.0 5.0 9.0 2.0 1.0 0.0 2.0 0.0 4.0 12.0 0.0 2.0 0.0 6.0 1.0 0.0 1.0 3.0 0.0 1.0 0.0 5.0 1.0 4.0 1.0 0.0 2.0 1.0 0.0 1.0 8.0 0.0 1.0 0.0 2.0 1.0 5.0 5.0 2.0 1.0 5.0 16.0 79.0 39.0 0.0 0.0 0.0 0.0 0.0 0.0 0.0 0.0 0.0 0.0 0.0 0.0 0.0 0.0 0.0 0.0 0.0 0.0 0.0 0.0 0.0 0.0 0.0 0.0 
0.0 0.0 0.0 0.0 0.0 0.0 0.0 0.0 0.0 0.0 0.0 0.0 0.0 0.0 0.0 0.0 0.0 0.0 0.0 0.0 0.0 0.0 0.0 0.0 0.0 0.0 0.0 0.0 44.0 137.0 12.0 2.0 2.0 4.0 0.0 2.0 4.0 1.0 7.0 3.0 0.0 2.0 5.0 0.0 2.0 0.0 2.0 3.0 1.0 1.0 1.0 7.0 0.0 7.0 0.0 2.0 0.0 1.0 0.0 3.0 11.0 0.0 3.0 0.0 4.0 3.0 1.0 4.0 0.0 4.0 8.0 36.0 0.0 119.0 20.0 0.0 0.0 0.0 0.0 0.0 0.0 0.0 0.0 0.0 0.0 0.0 0.0 0.0 0.0 0.0 0.0 0.0 0.0 0.0 0.0 0.0 0.0 0.0 0.0 0.0 
0.0 0.0 0.0 0.0 0.0 0.0 0.0 0.0 0.0 0.0 0.0 0.0 0.0 0.0 0.0 0.0 0.0 0.0 0.0 0.0 0.0 0.0 0.0 0.0 0.0 0.0 0.0 0.0 0.0 5.0 163.0 3.0 3.0 6.0 3.0 2.0 2.0 0.0 2.0 0.0 7.0 0.0 2.0 0.0 0.0 0.0 8.0 3.0 2.0 0.0 0.0 0.0 0.0 1.0 1.0 0.0 2.0 1.0 1.0 3.0 2.0 1.0 1.0 1.0 1.0 4.0 0.0 2.0 2.0 4.0 17.0 38.0 72.0 0.0 0.0 0.0 0.0 0.0 0.0 0.0 0.0 0.0 0.0 0.0 0.0 0.0 0.0 0.0 0.0 0.0 0.0 0.0 0.0 0.0 0.0 0.0 0.0 0.0 0.0 0.0 
0.0 0.0 0.0 0.0 0.0 0.0 0.0 0.0 0.0 0.0 0.0 0.0 0.0 0.0 0.0 0.0 0.0 0.0 0.0 0.0 0.0 0.0 0.0 0.0 0.0 0.0 0.0 0.0 0.0 0.0 0.0 47.0 146.0 4.0 3.0 0.0 1.0 0.0 2.0 1.0 4.0 0.0 2.0 6.0 0.0 3.0 2.0 5.0 5.0 1.0 2.0 0.0 1.0 2.0 4.0 0.0 1.0 1.0 1.0 1.0 6.0 1.0 2.0 4.0 0.0 0.0 1.0 5.0 10.0 19.0 98.0 28.0 0.0 0.0 0.0 0.0 0.0 0.0 0.0 0.0 0.0 0.0 0.0 0.0 0.0 0.0 0.0 0.0 0.0 0.0 0.0 0.0 0.0 0.0 0.0 0.0 0.0 0.0 0.0 0.0 
0.0 0.0 0.0 0.0 0.0 0.0 0.0 0.0 0.0 0.0 0.0 0.0 0.0 0.0 0.0 0.0 0.0 0.0 0.0 0.0 0.0 0.0 0.0 0.0 0.0 0.0 0.0 0.0 0.0 0.0 0.0 0.0 0.0 36.0 96.0 157.0 1.0 8.0 15.0 7.0 3.0 2.0 1.0 1.0 4.0 0.0 1.0 4.0 2.0 1.0 1.0 6.0 3.0 0.0 2.0 4.0 0.0 0.0 2.0 3.0 5.0 2.0 0.0 1.0 2.0 3.0 13.0 7.0 158.0 23.0 0.0 0.0 0.0 0.0 0.0 0.0 0.0 0.0 0.0 0.0 0.0 0.0 0.0 0.0 0.0 0.0 0.0 0.0 0.0 0.0 0.0 0.0 0.0 0.0 0.0 0.0 0.0 0.0 0.0 0.0 
0.0 0.0 0.0 0.0 0.0 0.0 0.0 0.0 0.0 0.0 0.0 0.0 0.0 0.0 0.0 0.0 0.0 0.0 0.0 0.0 0.0 0.0 0.0 0.0 0.0 0.0 0.0 0.0 0.0 0.0 0.0 0.0 0.0 0.0 0.0 0.0 51.0 124.0 106.0 14.0 2.0 1.0 14.0 6.0 16.0 1.0 2.0 2.0 2.0 2.0 0.0 0.0 2.0 2.0 0.0 0.0 2.0 3.0 5.0 7.0 1.0 10.0 19.0 2.0 0.0 4.0 112.0 29.0 0.0 0.0 0.0 0.0 0.0 0.0 0.0 0.0 0.0 0.0 0.0 0.0 0.0 0.0 0.0 0.0 0.0 0.0 0.0 0.0 0.0 0.0 0.0 0.0 0.0 0.0 0.0 0.0 0.0 0.0 0.0 0.0 
0.0 0.0 0.0 0.0 0.0 0.0 0.0 0.0 0.0 0.0 0.0 0.0 0.0 0.0 0.0 0.0 0.0 0.0 0.0 0.0 0.0 0.0 0.0 0.0 0.0 0.0 0.0 0.0 0.0 0.0 0.0 0.0 0.0 0.0 0.0 0.0 0.0 6.0 12.0 50.0 54.0 102.0 18.0 187.0 24.0 18.0 1.0 1.0 4.0 2.0 19.0 0.0 4.0 15.0 0.0 1.0 4.0 2.0 5.0 13.0 11.0 19.0 46.0 84.0 61.0 53.0 0.0 0.0 0.0 0.0 0.0 0.0 0.0 0.0 0.0 0.0 0.0 0.0 0.0 0.0 0.0 0.0 0.0 0.0 0.0 0.0 0.0 0.0 0.0 0.0 0.0 0.0 0.0 0.0 0.0 0.0 0.0 0.0 0.0 0.0 
0.0 0.0 0.0 0.0 0.0 0.0 0.0 0.0 0.0 0.0 0.0 0.0 0.0 0.0 0.0 0.0 0.0 0.0 0.0 0.0 0.0 0.0 0.0 0.0 0.0 0.0 0.0 0.0 0.0 0.0 0.0 0.0 0.0 0.0 0.0 0.0 0.0 0.0 0.0 0.0 0.0 0.0 20.0 6.0 29.0 65.0 74.0 165.0 128.0 18.0 78.0 122.0 163.0 19.0 180.0 138.0 161.0 73.0 42.0 41.0 39.0 30.0 18.0 0.0 0.0 0.0 0.0 0.0 0.0 0.0 0.0 0.0 0.0 0.0 0.0 0.0 0.0 0.0 0.0 0.0 0.0 0.0 0.0 0.0 0.0 0.0 0.0 0.0 0.0 0.0 0.0 0.0 0.0 0.0 0.0 0.0 0.0 0.0 0.0 0.0 
0.0 0.0 0.0 0.0 0.0 0.0 0.0 0.0 0.0 0.0 0.0 0.0 0.0 0.0 0.0 0.0 0.0 0.0 0.0 0.0 0.0 0.0 0.0 0.0 0.0 0.0 0.0 0.0 0.0 0.0 0.0 0.0 0.0 0.0 0.0 0.0 0.0 0.0 0.0 0.0 0.0 0.0 0.0 0.0 0.0 0.0 0.0 0.0 0.0 24.0 8.0 0.0 0.0 24.0 0.0 0.0 0.0 0.0 0.0 0.0 0.0 0.0 0.0 0.0 0.0 0.0 0.0 0.0 0.0 0.0 0.0 0.0 0.0 0.0 0.0 0.0 0.0 0.0 0.0 0.0 0.0 0.0 0.0 0.0 0.0 0.0 0.0 0.0 0.0 0.0 0.0 0.0 0.0 0.0 0.0 0.0 0.0 0.0 0.0 0.0 
0.0 0.0 0.0 0.0 0.0 0.0 0.0 0.0 0.0 0.0 0.0 0.0 0.0 0.0 0.0 0.0 0.0 0.0 0.0 0.0 0.0 0.0 0.0 0.0 0.0 0.0 0.0 0.0 0.0 0.0 0.0 0.0 0.0 0.0 0.0 0.0 0.0 0.0 0.0 0.0 0.0 0.0 0.0 0.0 0.0 0.0 0.0 0.0 0.0 0.0 0.0 0.0 0.0 0.0 0.0 0.0 0.0 0.0 0.0 0.0 0.0 0.0 0.0 0.0 0.0 0.0 0.0 0.0 0.0 0.0 0.0 0.0 0.0 0.0 0.0 0.0 0.0 0.0 0.0 0.0 0.0 0.0 0.0 0.0 0.0 0.0 0.0 0.0 0.0 0.0 0.0 0.0 0.0 0.0 0.0 0.0 0.0 0.0 0.0 0.0 
