0.0 0.0 0.0 0.0 0.0 0.0 0.0 0.0 0.0 0.0 0.0 0.0 0.0 0.0 0.0 0.0 0.0 0.0 0.0 0.0 0.0 0.0 0.0 0.0 0.0 0.0 0.0 0.0 0.0 0.0 0.0 0.0 0.0 0.0 0.0 0.0 0.0 0.0 0.0 0.0 0.0 0.0 0.0 0.0 0.0 0.0 0.0 0.0 0.0 0.0 0.0 0.0 0.0 0.0 0.0 0.0 0.0 0.0 0.0 0.0 0.0 0.0 0.0 0.0 0.0 0.0 0.0 0.0 0.0 0.0 0.0 0.0 0.0 0.0 0.0 0.0 0.0 0.0 0.0 0.0 0.0 0.0 0.0 0.0 0.0 0.0 0.0 0.0 0.0 0.0 0.0 0.0 0.0 0.0 0.0 0.0 0.0 0.0 0.0 0.0 
0.0 0.0 0.0 0.0 0.0 0.0 0.0 0.0 0.0 0.0 0.0 0.0 0.0 0.0 0.0 0.0 0.0 0.0 0.0 0.0 0.0 0.0 0.0 0.0 0.0 0.0 0.0 0.0 0.0 0.0 0.0 0.0 0.0 0.0 0.0 0.0 0.0 0.0 0.0 0.0 0.0 0.0 0.0 0.0 0.0 0.0 0.0 0.0 0.0 0.0 0.0 0.0 0.0 0.0 0.0 0.0 0.0 0.0 0.0 0.0 0.0 0.0 0.0 0.0 0.0 0.0 0.0 0.0 0.0 0.0 0.0 0.0 0.0 0.0 0.0 0.0 0.0 0.0 0.0 0.0 0.0 0.0 0.0 0.0 0.0 0.0 0.0 0.0 0.0 0.0 0.0 0.0 0.0 0.0 0.0 0.0 0.0 0.0 0.0 0.0 
0.0 0.0 0.0 0.0 0.0 0.0 0.0 0.0 0.0 0.0 0.0 0.0 0.0 0.0 0.0 0.0 0.0 0.0 0.0 0.0 0.0 0.0 0.0 0.0 0.0 0.0 0.0 0.0 0.0 0.0 0.0 0.0 0.0 0.0 0.0 0.0 0.0 0.0 0.0 0.0 0.0 0.0 0.0 0.0 0.0 0.0 0.0 31.0 0.0 21.0 54.0 24.0 8.0 0.0 0.0 0.0 0.0 0.0 0.0 0.0 0.0 0.0 0.0 0.0 0.0 0.0 0.0 0.0 0.0 0.0 0.0 0.0 0.0 0.0 0.0 0.0 0.0 0.0 0.0 0.0 0.0 0.0 0.0 0.0 0.0 0.0 0.0 0.0 0.0 0.0 0.0 0.0 0.0 0.0 0.0 0.0 0.0 0.0 0.0 0.0 
0.0 0.0 0.0 0.0 0.0 0.0 0.0 0.0 0.0 0.0 0.0 0.0 0.0 0.0 0.0 0.0 0.0 0.0 0.0 0.0 0.0 0.0 0.0 0.0 0.0 0.0 0.0 0.0 0.0 0.0 0.0 0.0 0.0 0.0 0.0 0.0 0.0 0.0 0.0 16.0 32.0 40.0 91.0 44.0 87.0 135.0 167.0 26.0 135.0 33.0 33.0 33.0 118.0 88.0 35.0 29.0 17.0 15.0 0.0 0.0 0.0 0.0 0.0 0.0 0.0 0.0 0.0 0.0 0.0 0.0 0.0 0.0 0.0 0.0 0.0 0.0 0.0 0.0 0.0 0.0 0.0 0.0 0.0 0.0 0.0 0.0 0.0 0.0 0.0 0.0 0.0 0.0 0.0 0.0 0.0 0.0 0.0 0.0 0.0 0.0 
0.0 0.0 0.0 0.0 0.0 0.0 0.0 0.0 0.0 0.0 0.0 0.0 0.0 0.0 0.0 0.0 0.0 0.0 0.0 0.0 0.0 0.0 0.0 0.0 0.0 0.0 0.0 0.0 0.0 0.0 0.0 0.0 0.0 0.0 0.0 29.0 36.0 95.0 185.0 34.0 20.0 4.0 1.0 0.0 7.0 0.0 0.0 21.0 0.0 10.0 5.0 15.0 13.0 5.0 16.0 41.0 64.0 125.0 116.0 49.0 29.0 0.0 0.0 0.0 0.0 0.0 0.0 0.0 0.0 0.0 0.0 0.0 0.0 0.0 0.0 0.0 0.0 0.0 0.0 0.0 0.0 0.0 0.0 0.0 0.0 0.0 0.0 0.0 0.0 0.0 0.0 0.0 0.0 0.0 0.0 0.0 0.0 0.0 0.0 0.0 
0.0 0.0 0.0 0.0 0.0 0.0 0.0 0.0 0.0 0.0 0.0 0.0 0.0 0.0 0.0 0.0 0.0 0.0 0.0 0.0 0.0 0.0 0.0 0.0 0.0 0.0 0.0 0.0 0.0 0.0 0.0 0.0 0.0 65.0 144.0 20.0 23.0 16.0 1.0 8.0 6.0 1.0 0.0 0.0 2.0 2.0 2.0 0.0 0.0 0.0 0.0 2.0 0.0 4.0 2.0 7.0 28.0 10.0 3.0 15.0 25.0 130.0 53.0 62.0 0.0 0.0 0.0 0.0 0.0 0.0 0.0 0.0 0.0 0.0 0.0 0.0 0.0 0.0 0.0 0.0 0.0 0.0 0.0 0.0 0.0 0.0 0.0 0.0 0.0 0.0 0.0 0.0 0.0 0.0 0.0 0.0 0.0 0.0 0.0 0.0 
0.0 0.0 0.0 0.0 0.0 0.0 0.0 0.0 0.0 0.0 0.0 0.0 0.0 0.0 0.0 0.0 0.0 0.0 0.0 0.0 0.0 0.0 0.0 0.0 0.0 0.0 0.0 0.0 0.0 0.0 0.0 34.0 165.0 3.0 0.0 9.0 10.0 2.0 0.0 3.0 0.0 0.0 1.0 1.0 8.0 5.0 4.0 2.0 1.0 2.0 3.0 0.0 6.0 3.0 1.0 6.0 2.0 0.0 2.0 1.0 14.0 1.0 2.0 13.0 170.0 68.0 0.0 0.0 0.0 0.0 0.0 0.0 0.0 0.0 0.0 0.0 0.0 0.0 0.0 0.0 0.0 0.0 0.0 0.0 0.0 0.0 0.0 0.0 0.0 0.0 0.0 0.0 0.0 0.0 0.0 0.0 0.0 0.0 0.0 0.0 
0.0 0.0 0.0 0.0 0.0 0.0 0.0 0.0 0.0 0.0 0.0 0.0 0.0 0.0 0.0 0.0 0.0 0.0 0.0 0.0 0.0 0.0 0.0 0.0 0.0 0.0 0.0 0.0 0.0 45.0 116.0 9.0 1.0 0.0 2.0 0.0 0.0 2.0 1.0 1.0 3.0 1.0 1.0 1.0 0.0 0.0 0.0 1.0 1.0 1.0 1.0 2.0 1.0 0.0 5.0 0.0 3.0 2.0 12.0 0.0 1.0 1.0 3.0 3.0 3.0 4.0 137.0 26.0 0.0 0.0 0.0 0.0 0.0 0.0 0.0 0.0 0.0 0.0 0.0 0.0 0.0 0.0 0.0 0.0 0.0 0.0 0.0 0.0 0.0 0.0 0.0 0.0 0.0 0.0 0.0 0.0 0.0 0.0 0.0 0.0 
0.0 0.0 0.0 0.0 0.0 0.0 0.0 0.0 0.0 0.0 0.0 0.0 0.0 0.0 0.0 0.0 0.0 0.0 0.0 0.0 0.0 0.0 0.0 0.0 0.0 0.0 0.0 23.0 126.0 3.0 2.0 1.0 0.0 0.0 3.0 3.0 0.0 2.0 4.0 1.0 1.0 2.0 2.0 5.0 3.0 0.0 4.0 1.0 2.0 3.0 3.0 2.0 0.0 2.0 3.0 6.0 7.0 0.0 0.0 0.0 5.0 2.0 0.0 5.0 0.0 1.0 19.0 29.0 76.0 1.0 0.0 0.0 0.0 0.0 0.0 0.0 0.0 0.0 0.0 0.0 0.0 0.0 0.0 0.0 0.0 0.0 0.0 0.0 0.0 0.0 0.0 0.0 0.0 0.0 0.0 0.0 0.0 0.0 0.0 0.0 
0.0 0.0 0.0 0.0 0.0 0.0 0.0 0.0 0.0 0.0 0.0 0.0 0.0 0.0 0.0 0.0 0.0 0.0 0.0 0.0 0.0 0.0 0.0 0.0 0.0 0.0 53.0 56.0 29.0 4.0 3.0 0.0 1.0 2.0 0.0 2.0 4.0 0.0 0.0 5.0 0.0 0.0 6.0 0.0 2.0 1.0 0.0 0.0 3.0 4.0 1.0 0.0 0.0 9.0 5.0 1.0 4.0 0.0 1.0 3.0 0.0 4.0 0.0 2.0 3.0 1.0 0.0 25.0 9.0 157.0 53.0 0.0 0.0 0.0 0.0 0.0 0.0 0.0 0.0 0.0 0.0 0.0 0.0 0.0 0.0 0.0 0.0 0.0 0.0 0.0 0.0 0.0 0.0 0.0 0.0 0.0 0.0 0.0 0.0 0.0 
0.0 0.0 0.0 0.0 0.0 0.0 0.0 0.0 0.0 0.0 0.0 0.0 0.0 0.0 0.0 0.0 0.0 0.0 0.0 0.0 0.0 0.0 0.0 0.0 34.0 157.0 0.0 20.0 3.0 0.0 5.0 0.0 0.0 0.0 5.0 0.0 4.0 6.0 4.0 2.0 2.0 3.0 3.0 1.0 1.0 1.0 7.0 0.0 1.0 1.0 1.0 0.0 1.0 1.0 2.0 4.0 0.0 0.0 4.0 2.0 1.0 3.0 4.0 0.0 6.0 0.0 1.0 1.0 3.0 10.0 1.0 174.0 41.0 0.0 0.0 0.0 0.0 0.0 0.0 0.0 0.0 0.0 0.0 0.0 0.0 0.0 0.0 0.0 0.0 0.0 0.0 0.0 0.0 0.0 0.0 0.0 0.0 0.0 0.0 0.0 
0.0 0.0 0.0 0.0 0.0 0.0 0.0 0.0 0.0 0.0 0.0 0.0 0.0 0.0 0.0 0.0 0.0 0.0 0.0 0.0 0.0 0.0 0.0 83.0 9.0 10.0 2.0 0.0 0.0 1.0 1.0 5.0 0.0 0.0 2.0 0.0 6.0 0.0 1.0 1.0 7.0 2.0 0.0 1.0 1.0 0.0 4.0 0.0 1.0 4.0 4.0 1.0 3.0 0.0 0.0 2.0 7.0 2.0 3.0 4.0 0.0 0.0 0.0 1.0 7.0 1.0 0.0 2.0 0.0 1.0 0.0 3.0 2.0 78.0 0.0 0.0 0.0 0.0 0.0 0.0 0.0 0.0 0.0 0.0 0.0 0.0 0.0 0.0 0.0 0.0 0.0 0.0 0.0 0.0 0.0 0.0 0.0 0.0 0.0 0.0 
0.0 0.0 0.0 0.0 0.0 0.0 0.0 0.0 0.0 0.0 0.0 0.0 0.0 0.0 0.0 0.0 0.0 0.0 0.0 0.0 0.0 0.0 94.0 0.0 18.0 0.0 2.0 1.0 3.0 3.0 1.0 3.0 0.0 3.0 0.0 0.0 0.0 5.0 2.0 0.0 2.0 4.0 0.0 8.0 0.0 0.0 0.0 1.0 1.0 6.0 0.0 1.0 5.0 3.0 3.0 2.0 0.0 0.0 2.0 0.0 0.0 4.0 0.0 0.0 4.0 2.0 1.0 3.0 0.0 0.0 5.0 1.0 3.0 1.0 128.0 0.0 0.0 0.0 0.0 0.0 0.0 0.0 0.0 0.0 0.0 0.0 0.0 0.0 0.0 0.0 0.0 0.0 0.0 0.0 0.0 0.0 0.0 0.0 0.0 0.0 
0.0 0.0 0.0 0.0 0.0 0.0 0.0 0.0 0.0 0.0 0.0 0.0 0.0 0.0 0.0 0.0 0.0 0.0 0.0 0.0 16.0 208.0 9.0 4.0 3.0 2.0 1.0 0.0 4.0 0.0 0.0 1.0 6.0 4.0 0.0 0.0 3.0 1.0 1.0 1.0 1.0 11.0 4.0 0.0 1.0 4.0 2.0 2.0 2.0 0.0 0.0 0.0 5.0 0.0 0.0 0.0 0.0 0.0 6.0 1.0 0.0 0.0 0.0 6.0 0.0 3.0 1.0 6.0 1.0 3.0 0.0 0.0 4.0 2.0 2.0 222.0 65.0 0.0 0.0 0.0 0.0 0.0 0.0 0.0 0.0 0.0 0.0 0.0 0.0 0.0 0.0 0.0 0.0 0.0 0.0 0.0 0.0 0.0 0.0 0.0 
0.0 0.0 0.0 0.0 0.0 0.0 0.0 0.0 0.0 0.0 0.0 0.0 0.0 0.0 0.0 0.0 0.0 0.0 0.0 68.0 37.0 23.0 1.0 3.0 7.0 0.0 3.0 3.0 2.0 8.0 2.0 1.0 0.0 4.0 1.0 3.0 3.0 1.0 0.0 2.0 3.0 1.0 1.0 0.0 6.0 0.0 1.0 3.0 4.0 2.0 2.0 4.0 0.0 0.0 0.0 1.0 4.0 1.0 2.0 2.0 2.0 0.0 0.0 0.0 0.0 1.0 5.0 2.0 1.0 1.0 0.0 1.0 5.0 1.0 3.0 2.0 0.0 120.0 0.0 0.0 0.0 0.0 0.0 0.0 0.0 0.0 0.0 0.0 0.0 0.0 0.0 0.0 0.0 0.0 0.0 0.0 0.0 0.0 0.0 0.0 
0.0 0.0 0.0 0.0 0.0 0.0 0.0 0.0 0.0 0.0 0.0 0.0 0.0 0.0 0.0 0.0 0.0 0.0 81.0 2.0 29.0 2.0 2.0 5.0 0.0 2.0 4.0 0.0 4.0 0.0 0.0 0.0 2.0 3.0 4.0 0.0 0.0 7.0 0.0 0.0 0.0 2.0 3.0 6.0 0.0 3.0 0.0 0.0 0.0 0.0 3.0 0.0 0.0 9.0 3.0 1.0 1.0 0.0 4.0 2.0 1.0 1.0 1.0 2.0 0.0 1.0 7.0 0.0 0.0 5.0 2.0 0.0 3.0 2.0 2.0 0.0 2.0 0.0 112.0 0.0 0.0 0.0 0.0 0.0 0.0 0.0 0.0 0.0 0.0 0.0 0.0 0.0 0.0 0.0 0.0 0.0 0.0 0.0 0.0 0.0 
0.0 0.0 0.0 0.0 0.0 0.0 0.0 0.0 0.0 0.0 0.0 0.0 0.0 0.0 0.0 0.0 0.0 104.0 9.0 7.0 1.0 3.0 0.0 7.0 3.0 4.0 0.0 3.0 10.0 4.0 2.0 2.0 4.0 3.0 1.0 2.0 1.0 0.0 0.0 5.0 9.0 1.0 0.0 1.0 2.0 0.0 1.0 0.0 3.0 3.0 1.0 0.0 0.0 2.0 2.0 3.0 4.0 0.0 1.0 0.0 1.0 2.0 4.0 0.0 1.0 6.0 0.0 1.0 2.0 0.0 3.0 3.0 2.0 5.0 1.0 2.0 2.0 5.0 4.0 181.0 0.0 0.0 0.0 0.0 0.0 0.0 0.0 0.0 0.0 0.0 0.0 0.0 0.0 0.0 0.0 0.0 0.0 0.0 0.0 0.0 
0.0 0.0 0.0 0.0 0.0 0.0 0.0 0.0 0.0 0.0 0.0 0.0 0.0 0.0 0.0 0.0 125.0 0.0 3.0 2.0 0.0 2.0 10.0 3.0 1.0 0.0 2.0 0.0 2.0 4.0 14.0 1.0 0.0 5.0 0.0 2.0 1.0 4.0 1.0 0.0 1.0 2.0 4.0 0.0 2.0 2.0 2.0 4.0 0.0 4.0 0.0 1.0 0.0 0.0 0.0 0.0 0.0 0.0 0.0 7.0 1.0 2.0 1.0 1.0 1.0 2.0 5.0 4.0 1.0 0.0 0.0 2.0 1.0 1.0 8.0 1.0 0.0 0.0 0.0 1.0 212.0 1.0 0.0 0.0 0.0 0.0 0.0 0.0 0.0 0.0 0.0 0.0 0.0 0.0 0.0 0.0 0.0 0.0 0.0 0.0 
0.0 0.0 0.0 0.0 0.0 0.0 0.0 0.0 0.0 0.0 0.0 0.0 0.0 0.0 0.0 134.0 0.0 1.0 2.0 0.0 5.0 0.0 1.0 0.0 3.0 0.0 1.0 2.0 1.0 0.0 0.0 1.0 2.0 0.0 0.0 3.0 1.0 2.0 3.0 1.0 0.0 0.0 3.0 0.0 4.0 1.0 0.0 1.0 2.0 0.0 1.0 0.0 1.0 0.0 1.0 0.0 0.0 3.0 0.0 4.0 2.0 7.0 2.0 0.0 1.0 2.0 0.0 0.0 0.0 0.0 2.0 0.0 5.0 0.0 4.0 2.0 2.0 1.0 1.0 1.0 3.0 182.0 18.0 0.0 0.0 0.0 0.0 0.0 0.0 0.0 0.0 0.0 0.0 0.0 0.0 0.0 0.0 0.0 0.0 0.0 
0.0 0.0 0.0 0.0 0.0 0.0 0.0 0.0 0.0 0.0 0.0 0.0 0.0 0.0 113.0 0.0 2.0 3.0 1.0 3.0 0.0 3.0 0.0 1.0 0.0 3.0 4.0 2.0 3.0 1.0 5.0 7.0 4.0 0.0 1.0 1.0 1.0 2.0 2.0 0.0 2.0 1.0 3.0 2.0 0.0 0.0 0.0 0.0 0.0 0.0 1.0 8.0 3.0 2.0 2.0 2.0 0.0 2.0 0.0 6.0 2.0 1.0 1.0 7.0 1.0 1.0 1.0 2.0 6.0 1.0 0.0 0.0 0.0 0.0 1.0 1.0 2.0 0.0 3.0 0.0 0.0 40.0 30.0 44.0 0.0 0.0 0.0 0.0 0.0 0.0 0.0 0.0 0.0 0.0 0.0 0.0 0.0 0.0 0.0 0.0 
0.0 0.0 0.0 0.0 0.0 0.0 0.0 0.0 0.0 0.0 0.0 0.0 0.0 102.0 5.0 3.0 0.0 3.0 2.0 1.0 1.0 1.0 3.0 1.0 3.0 4.0 4.0 4.0 2.0 2.0 1.0 4.0 0.0 0.0 1.0 2.0 2.0 1.0 0.0 2.0 4.0 1.0 0.0 0.0 0.0 0.0 0.0 4.0 4.0 1.0 2.0 3.0 0.0 6.0 1.0 0.0 1.0 2.0 1.0 1.0 6.0 0.0 2.0 2.0 2.0 5.0 2.0 3.0 6.0 2.0 4.0 2.0 1.0 0.0 0.0 4.0 0.0 4.0 0.0 1.0 6.0 1.0 55.0 30.0 46.0 0.0 0.0 0.0 0.0 0.0 0.0 0.0 0.0 0.0 0.0 0.0 0.0 0.0 0.0 0.0 
0.0 0.0 0.0 0.0 0.0 0.0 0.0 0.0 0.0 0.0 0.0 0.0 85.0 4.0 7.0 0.0 3.0 2.0 5.0 2.0 0.0 1.0 0.0 0.0 2.0 0.0 1.0 4.0 5.0 9.0 1.0 3.0 2.0 0.0 4.0 1.0 5.0 1.0 3.0 2.0 2.0 0.0 2.0 0.0 5.0 1.0 0.0 4.0 2.0 1.0 1.0 0.0 0.0 0.0 4.0 0.0 0.0 1.0 3.0 1.0 1.0 3.0 0.0 0.0 0.0 1.0 1.0 1.0 8.0 2.0 2.0 3.0 4.0 1.0 6.0 4.0 0.0 0.0 2.0 0.0 0.0 3.0 0.0 49.0 74.0 43.0 0.0 0.0 0.0 0.0 0.0 0.0 0.0 0.0 0.0 0.0 0.0 0.0 0.0 0.0 
0.0 0.0 0.0 0.0 0.0 0.0 0.0 0.0 0.0 0.0 0.0 82.0 1.0 4.0 4.0 2.0 0.0 0.0 0.0 2.0 0.0 2.0 7.0 0.0 4.0 4.0 4.0 6.0 2.0 0.0 1.0 3.0 0.0 2.0 8.0 4.0 0.0 1.0 0.0 4.0 1.0 0.0 4.0 3.0 0.0 0.0 3.0 2.0 1.0 1.0 0.0 5.0 0.0 3.0 0.0 6.0 2.0 0.0 0.0 2.0 0.0 0.0 1.0 0.0 1.0 1.0 2.0 4.0 2.0 1.0 0.0 1.0 1.0 1.0 0.0 0.0 3.0 0.0 3.0 0.0 0.0 5.0 0.0 0.0 39.0 31.0 16.0 0.0 0.0 0.0 0.0 0.0 0.0 0.0 0.0 0.0 0.0 0.0 0.0 0.0 
0.0 0.0 0.0 0.0 0.0 0.0 0.0 0.0 0.0 0.0 24.0 3.0 6.0 0.0 2.0 3.0 2.0 0.0 3.0 6.0 0.0 1.0 1.0 0.0 2.0 7.0 5.0 1.0 2.0 0.0 9.0 3.0 1.0 3.0 0.0 6.0 2.0 4.0 3.0 1.0 5.0 3.0 1.0 2.0 0.0 4.0 0.0 0.0 2.0 0.0 0.0 4.0 3.0 0.0 1.0 0.0 3.0 0.0 3.0 1.0 3.0 0.0 1.0 1.0 1.0 0.0 3.0 1.0 1.0 1.0 1.0 1.0 7.0 1.0 0.0 1.0 1.0 1.0 1.0 0.0 4.0 3.0 4.0 3.0 3.0 36.0 191.0 0.0 0.0 0.0 0.0 0.0 0.0 0.0 0.0 0.0 0.0 0.0 0.0 0.0 
0.0 0.0 0.0 0.0 0.0 0.0 0.0 0.0 0.0 0.0 154.0 7.0 0.0 1.0 1.0 2.0 3.0 1.0 3.0 0.0 2.0 3.0 3.0 2.0 0.0 3.0 1.0 3.0 0.0 1.0 7.0 6.0 2.0 3.0 3.0 0.0 1.0 4.0 3.0 2.0 2.0 5.0 0.0 8.0 3.0 1.0 5.0 4.0 7.0 3.0 0.0 1.0 0.0 0.0 4.0 0.0 0.0 4.0 1.0 4.0 3.0 6.0 2.0 2.0 4.0 1.0 1.0 4.0 2.0 4.0 4.0 4.0 0.0 0.0 1.0 0.0 0.0 1.0 4.0 1.0 2.0 0.0 1.0 3.0 3.0 0.0 0.0 156.0 0.0 0.0 0.0 0.0 0.0 0.0 0.0 0.0 0.0 0.0 0.0 0.0 
0.0 0.0 0.0 0.0 0.0 0.0 0.0 0.0 0.0 69.0 11.0 4.0 1.0 1.0 0.0 0.0 2.0 2.0 3.0 1.0 2.0 3.0 0.0 2.0 0.0 1.0 1.0 3.0 0.0 0.0 5.0 1.0 0.0 1.0 1.0 4.0 2.0 0.0 3.0 1.0 0.0 1.0 3.0 5.0 0.0 3.0 0.0 3.0 3.0 2.0 3.0 5.0 6.0 0.0 0.0 9.0 0.0 1.0 1.0 0.0 3.0 1.0 2.0 2.0 8.0 0.0 4.0 0.0 2.0 2.0 2.0 4.0 0.0 2.0 2.0 0.0 3.0 0.0 0.0 5.0 0.0 3.0 0.0 5.0 3.0 4.0 0.0 3.0 87.0 0.0 0.0 0.0 0.0 0.0 0.0 0.0 0.0 0.0 0.0 0.0 
0.0 0.0 0.0 0.0 0.0 0.0 0.0 0.0 22.0 9.0 8.0 1.0 7.0 1.0 3.0 0.0 0.0 2.0 1.0 0.0 2.0 2.0 2.0 0.0 3.0 1.0 0.0 0.0 6.0 3.0 6.0 1.0 0.0 1.0 1.0 1.0 1.0 1.0 0.0 3.0 0.0 0.0 2.0 3.0 6.0 0.0 2.0 2.0 1.0 1.0 2.0 0.0 0.0 1.0 1.0 4.0 7.0 0.0 1.0 0.0 4.0 6.0 1.0 0.0 3.0 7.0 1.0 3.0 4.0 5.0 0.0 0.0 9.0 1.0 3.0 5.0 0.0 2.0 0.0 0.0 6.0 0.0 2.0 2.0 6.0 0.0 2.0 19.0 38.0 52.0 0.0 0.0 0.0 0.0 0.0 0.0 0.0 0.0 0.0 0.0 
0.0 0.0 0.0 0.0 0.0 0.0 0.0 0.0 154.0 13.0 3.0 2.0 2.0 3.0 0.0 0.0 2.0 6.0 2.0 0.0 2.0 1.0 0.0 2.0 0.0 4.0 4.0 2.0 0.0 4.0 0.0 1.0 0.0 5.0 0.0 8.0 0.0 2.0 5.0 2.0 0.0 0.0 1.0 0.0 1.0 2.0 0.0 6.0 2.0 3.0 0.0 9.0 0.0 2.0 0.0 1.0 0.0 2.0 2.0 3.0 1.0 4.0 0.0 0.0 7.0 1.0 2.0 0.0 0.0 0.0 2.0 7.0 0.0 0.0 1.0 8.0 0.0 6.0 1.0 2.0 5.0 0.0 1.0 0.0 2.0 2.0 1.0 3.0 39.0 28.0 26.0 0.0 0.0 0.0 0.0 0.0 0.0 0.0 0.0 0.0 
0.0 0.0 0.0 0.0 0.0 0.0 0.0 55.0 0.0 1.0 3.0 6.0 0.0 1.0 1.0 1.0 0.0 1.0 2.0 2.0 0.0 8.0 0.0 2.0 2.0 2.0 1.0 2.0 6.0 9.0 0.0 8.0 4.0 2.0 4.0 0.0 0.0 0.0 0.0 1.0 0.0 0.0 7.0 2.0 2.0 0.0 0.0 0.0 1.0 1.0 2.0 0.0 1.0 1.0 0.0 0.0 2.0 2.0 1.0 0.0 3.0 1.0 1.0 1.0 0.0 5.0 1.0 3.0 0.0 1.0 0.0 8.0 6.0 0.0 4.0 2.0 0.0 0.0 0.0 1.0 2.0 0.0 8.0 5.0 7.0 0.0 0.0 11.0 1.0 29.0 136.0 0.0 0.0 0.0 0.0 0.0 0.0 0.0 0.0 0.0 
0.0 0.0 0.0 0.0 0.0 0.0 12.0 99.0 13.0 1.0 1.0 9.0 7.0 1.0 0.0 2.0 2.0 9.0 0.0 0.0 0.0 2.0 5.0 0.0 0.0 2.0 1.0 0.0 2.0 1.0 0.0 3.0 1.0 3.0 2.0 0.0 3.0 0.0 3.0 1.0 0.0 0.0 3.0 0.0 0.0 0.0 6.0 0.0 2.0 0.0 5.0 3.0 1.0 0.0 16.0 7.0 3.0 0.0 2.0 1.0 2.0 2.0 1.0 0.0 2.0 1.0 0.0 1.0 3.0 0.0 7.0 1.0 0.0 0.0 0.0 0.0 5.0 0.0 6.0 2.0 1.0 2.0 1.0 0.0 0.0 0.0 2.0 1.0 2.0 5.0 1.0 79.0 0.0 0.0 0.0 0.0 0.0 0.0 0.0 0.0 
0.0 0.0 0.0 0.0 0.0 0.0 49.0 14.0 3.0 6.0 1.0 7.0 3.0 1.0 0.0 0.0 11.0 1.0 2.0 1.0 2.0 0.0 3.0 2.0 4.0 5.0 1.0 4.0 2.0 7.0 13.0 2.0 3.0 1.0 0.0 4.0 2.0 1.0 0.0 4.0 0.0 0.0 2.0 0.0 3.0 3.0 4.0 2.0 1.0 0.0 2.0 4.0 4.0 3.0 5.0 0.0 2.0 3.0 1.0 1.0 0.0 0.0 3.0 0.0 6.0 1.0 6.0 2.0 1.0 4.0 0.0 0.0 0.0 0.0 0.0 0.0 0.0 0.0 3.0 0.0 0.0 1.0 0.0 2.0 0.0 0.0 5.0 2.0 0.0 4.0 13.0 17.0 27.0 0.0 0.0 0.0 0.0 0.0 0.0 0.0 
0.0 0.0 0.0 0.0 0.0 0.0 142.0 3.0 2.0 2.0 3.0 6.0 0.0 3.0 1.0 4.0 0.0 0.0 1.0 0.0 6.0 3.0 0.0 3.0 0.0 4.0 0.0 2.0 7.0 6.0 0.0 0.0 1.0 1.0 4.0 2.0 4.0 3.0 3.0 2.0 5.0 1.0 4.0 2.0 0.0 8.0 1.0 0.0 1.0 3.0 3.0 2.0 1.0 2.0 6.0 0.0 8.0 1.0 3.0 0.0 0.0 1.0 0.0 2.0 1.0 0.0 0.0 1.0 1.0 2.0 0.0 0.0 4.0 3.0 2.0 0.0 2.0 2.0 0.0 1.0 2.0 2.0 2.0 1.0 2.0 0.0 1.0 2.0 0.0 1.0 4.0 9.0 99.0 0.0 0.0 0.0 0.0 0.0 0.0 0.0 
0.0 0.0 0.0 0.0 0.0 21.0 10.0 7.0 2.0 2.0 4.0 1.0 0.0 2.0 0.0 1.0 2.0 2.0 0.0 7.0 3.0 8.0 14.0 8.0 15.0 3.0 6.0 1.0 4.0 1.0 4.0 0.0 2.0 5.0 3.0 4.0 2.0 1.0 6.0 2.0 7.0 1.0 1.0 0.0 2.0 9.0 0.0 3.0 3.0 1.0 4.0 1.0 5.0 0.0 1.0 2.0 2.0 1.0 0.0 10.0 3.0 11.0 1.0 5.0 1.0 0.0 0.0 3.0 2.0 0.0 5.0 0.0 3.0 2.0 3.0 5.0 0.0 2.0 8.0 5.0 1.0 1.0 0.0 1.0 2.0 2.0 1.0 1.0 1.0 1.0 3.0 2.0 8.0 52.0 0.0 0.0 0.0 0.0 0.0 0.0 
0.0 0.0 0.0 0.0 0.0 72.0 12.0 2.0 5.0 2.0 1.0 3.0 1.0 0.0 7.0 4.0 2.0 6.0 1.0 3.0 1.0 4.0 0.0 0.0 2.0 0.0 2.0 2.0 5.0 1.0 2.0 1.0 0.0 1.0 1.0 2.0 4.0 7.0 5.0 3.0 2.0 1.0 5.0 3.0 0.0 2.0 1.0 2.0 3.0 2.0 0.0 0.0 0.0 0.0 3.0 4.0 1.0 0.0 4.0 0.0 0.0 3.0 0.0 4.0 3.0 4.0 2.0 0.0 3.0 6.0 1.0 6.0 0.0 2.0 2.0 2.0 1.0 4.0 1.0 4.0 5.0 1.0 0.0 1.0 0.0 1.0 3.0 6.0 4.0 0.0 2.0 1.0 0.0 178.0 0.0 0.0 0.0 0.0 0.0 0.0 
0.0 0.0 0.0 0.0 0.0 188.0 1.0 2.0 1.0 3.0 1.0 8.0 11.0 1.0 3.0 1.0 2.0 6.0 2.0 0.0 4.0 2.0 2.0 2.0 2.0 1.0 4.0 0.0 4.0 12.0 0.0 5.0 2.0 0.0 3.0 1.0 0.0 0.0 3.0 4.0 1.0 0.0 3.0 3.0 4.0 1.0 2.0 1.0 0.0 0.0 0.0 2.0 1.0 2.0 1.0 1.0 0.0 2.0 0.0 0.0 2.0 0.0 1.0 5.0 2.0 0.0 2.0 0.0 2.0 0.0 0.0 2.0 1.0 4.0 1.0 7.0 0.0 0.0 1.0 1.0 0.0 0.0 3.0 1.0 1.0 8.0 1.0 2.0 1.0 0.0 2.0 0.0 12.0 18.0 22.0 0.0 0.0 0.0 0.0 0.0 
0.0 0.0 0.0 0.0 56.0 0.0 2.0 1.0 0.0 0.0 0.0 0.0 3.0 6.0 0.0 0.0 3.0 5.0 1.0 5.0 3.0 0.0 5.0 7.0 5.0 0.0 1.0 0.0 5.0 3.0 1.0 0.0 0.0 0.0 2.0 8.0 4.0 0.0 1.0 7.0 5.0 1.0 2.0 0.0 6.0 1.0 0.0 4.0 2.0 4.0 0.0 4.0 2.0 0.0 7.0 4.0 5.0 2.0 4.0 1.0 0.0 1.0 1.0 1.0 1.0 1.0 2.0 1.0 0.0 0.0 4.0 2.0 0.0 0.0 4.0 2.0 13.0 0.0 6.0 3.0 0.0 2.0 0.0 4.0 0.0 1.0 0.0 2.0 3.0 9.0 0.0 0.0 9.0 14.0 28.0 0.0 0.0 0.0 0.0 0.0 
0.0 0.0 0.0 0.0 169.0 1.0 0.0 0.0 0.0 0.0 0.0 0.0 1.0 2.0 0.0 4.0 0.0 0.0 3.0 2.0 0.0 1.0 2.0 0.0 1.0 0.0 3.0 1.0 4.0 2.0 3.0 2.0 7.0 7.0 4.0 0.0 3.0 1.0 1.0 3.0 2.0 4.0 5.0 8.0 0.0 9.0 0.0 1.0 3.0 3.0 6.0 1.0 0.0 8.0 1.0 0.0 0.0 0.0 1.0 4.0 3.0 5.0 0.0 7.0 0.0 1.0 1.0 0.0 0.0 0.0 1.0 2.0 1.0 2.0 3.0 6.0 0.0 2.0 1.0 4.0 3.0 3.0 2.0 2.0 4.0 1.0 0.0 0.0 2.0 5.0 1.0 2.0 7.0 6.0 116.0 0.0 0.0 0.0 0.0 0.0 
0.0 0.0 0.0 27.0 23.0 6.0 4.0 0.0 0.0 0.0 5.0 0.0 1.0 1.0 5.0 2.0 0.0 4.0 1.0 2.0 2.0 3.0 6.0 0.0 0.0 3.0 0.0 0.0 4.0 4.0 0.0 1.0 0.0 5.0 0.0 3.0 5.0 3.0 3.0 1.0 1.0 5.0 1.0 3.0 4.0 0.0 1.0 0.0 0.0 5.0 0.0 3.0 6.0 2.0 1.0 2.0 8.0 0.0 1.0 1.0 1.0 1.0 2.0 2.0 6.0 4.0 3.0 0.0 3.0 0.0 3.0 5.0 1.0 0.0 11.0 2.0 2.0 4.0 0.0 2.0 0.0 1.0 1.0 1.0 1.0 1.0 3.0 2.0 7.0 0.0 4.0 0.0 2.0 3.0 10.0 29.0 0.0 0.0 0.0 0.0 
0.0 0.0 0.0 51.0 12.0 2.0 0.0 4.0 9.0 1.0 0.0 0.0 10.0 2.0 5.0 3.0 0.0 7.0 0.0 2.0 6.0 0.0 1.0 0.0 5.0 7.0 0.0 6.0 0.0 0.0 4.0 1.0 0.0 0.0 1.0 4.0 0.0 4.0 2.0 0.0 0.0 2.0 4.0 2.0 0.0 1.0 0.0 3.0 2.0 3.0 0.0 0.0 1.0 1.0 1.0 0.0 2.0 4.0 1.0 1.0 1.0 1.0 0.0 0.0 0.0 1.0 2.0 1.0 1.0 0.0 7.0 3.0 6.0 3.0 1.0 2.0 6.0 2.0 4.0 1.0 0.0 1.0 4.0 1.0 5.0 0.0 4.0 2.0 0.0 0.0 0.0 2.0 0.0 0.0 6.0 108.0 0.0 0.0 0.0 0.0 
0.0 0.0 0.0 83.0 4.0 1.0 3.0 0.0 5.0 1.0 2.0 2.0 0.0 0.0 1.0 0.0 2.0 2.0 0.0 3.0 0.0 3.0 1.0 2.0 0.0 4.0 2.0 4.0 0.0 7.0 1.0 4.0 0.0 0.0 2.0 5.0 0.0 2.0 6.0 2.0 1.0 5.0 0.0 0.0 3.0 6.0 6.0 0.0 0.0 2.0 2.0 0.0 0.0 0.0 3.0 0.0 0.0 2.0 2.0 5.0 1.0 1.0 1.0 3.0 0.0 2.0 9.0 3.0 0.0 2.0 0.0 2.0 0.0 0.0 4.0 2.0 3.0 7.0 3.0 1.0 2.0 1.0 2.0 0.0 11.0 0.0 0.0 5.0 3.0 1.0 5.0 6.0 0.0 2.0 6.0 3.0 31.0 0.0 0.0 0.0 
0.0 0.0 6.0 177.0 12.0 1.0 1.0 0.0 1.0 3.0 0.0 4.0 0.0 0.0 0.0 0.0 2.0 3.0 0.0 0.0 1.0 2.0 3.0 5.0 0.0 8.0 2.0 3.0 4.0 2.0 1.0 2.0 1.0 4.0 1.0 2.0 2.0 2.0 0.0 0.0 0.0 0.0 3.0 0.0 2.0 1.0 3.0 4.0 1.0 0.0 0.0 0.0 2.0 1.0 0.0 0.0 3.0 3.0 2.0 1.0 2.0 2.0 0.0 0.0 2.0 2.0 3.0 2.0 0.0 2.0 1.0 1.0 0.0 1.0 0.0 1.0 3.0 2.0 0.0 5.0 0.0 5.0 0.0 4.0 0.0 10.0 1.0 1.0 0.0 5.0 0.0 4.0 7.0 0.0 3.0 9.0 40.0 0.0 0.0 0.0 
0.0 0.0 36.0 8.0 2.0 1.0 0.0 2.0 5.0 0.0 1.0 0.0 0.0 2.0 3.0 4.0 3.0 1.0 1.0 0.0 0.0 2.0 4.0 0.0 3.0 7.0 4.0 1.0 0.0 9.0 3.0 0.0 0.0 4.0 3.0 0.0 3.0 1.0 1.0 3.0 6.0 13.0 0.0 0.0 2.0 2.0 4.0 2.0 1.0 1.0 0.0 2.0 4.0 0.0 1.0 7.0 0.0 1.0 0.0 1.0 0.0 2.0 3.0 0.0 0.0 0.0 1.0 3.0 1.0 2.0 0.0 1.0 5.0 0.0 3.0 0.0 5.0 0.0 0.0 0.0 1.0 2.0 2.0 2.0 1.0 1.0 0.0 2.0 4.0 0.0 0.0 0.0 3.0 2.0 5.0 7.0 52.0 0.0 0.0 0.0 
0.0 1.0 153.0 7.0 1.0 10.0 3.0 4.0 4.0 3.0 4.0 13.0 0.0 3.0 1.0 2.0 1.0 0.0 4.0 3.0 4.0 6.0 1.0 0.0 0.0 0.0 0.0 0.0 0.0 13.0 4.0 5.0 0.0 0.0 2.0 2.0 1.0 2.0 0.0 0.0 9.0 9.0 0.0 5.0 0.0 3.0 0.0 5.0 3.0 4.0 2.0 2.0 0.0 1.0 3.0 1.0 2.0 4.0 1.0 1.0 0.0 4.0 0.0 7.0 0.0 0.0 0.0 1.0 1.0 1.0 2.0 0.0 0.0 2.0 0.0 4.0 0.0 2.0 0.0 2.0 1.0 4.0 1.0 0.0 0.0 0.0 3.0 0.0 0.0 6.0 5.0 2.0 0.0 2.0 2.0 0.0 100.0 0.0 0.0 0.0 
0.0 24.0 34.0 17.0 1.0 4.0 5.0 3.0 4.0 1.0 0.0 0.0 1.0 1.0 0.0 4.0 1.0 2.0 0.0 2.0 0.0 0.0 4.0 1.0 0.0 2.0 2.0 3.0 5.0 6.0 0.0 2.0 6.0 2.0 5.0 0.0 1.0 1.0 0.0 3.0 2.0 2.0 1.0 3.0 3.0 0.0 0.0 2.0 2.0 1.0 3.0 4.0 6.0 0.0 2.0 1.0 0.0 1.0 0.0 2.0 0.0 3.0 0.0 0.0 1.0 1.0 0.0 3.0 3.0 0.0 1.0 3.0 2.0 0.0 0.0 8.0 2.0 2.0 3.0 1.0 7.0 1.0 1.0 7.0 0.0 0.0 5.0 0.0 2.0 3.0 0.0 5.0 0.0 0.0 1.0 2.0 146.0 0.0 0.0 0.0 
0.0 6.0 149.0 5.0 1.0 2.0 1.0 1.0 0.0 1.0 2.0 2.0 0.0 0.0 1.0 2.0 3.0 1.0 2.0 4.0 0.0 0.0 0.0 2.0 7.0 0.0 9.0 2.0 0.0 1.0 9.0 2.0 0.0 1.0 1.0 2.0 4.0 5.0 5.0 0.0 5.0 2.0 2.0 9.0 1.0 0.0 4.0 0.0 1.0 5.0 1.0 3.0 1.0 2.0 2.0 5.0 2.0 0.0 0.0 0.0 6.0 5.0 3.0 0.0 4.0 2.0 2.0 5.0 2.0 4.0 6.0 4.0 3.0 0.0 3.0 0.0 9.0 1.0 7.0 1.0 3.0 1.0 2.0 1.0 0.0 11.0 0.0 0.0 14.0 1.0 0.0 9.0 2.0 0.0 4.0 0.0 177.0 0.0 0.0 0.0 
0.0 22.0 23.0 20.0 4.0 2.0 3.0 2.0 3.0 0.0 2.0 1.0 11.0 1.0 2.0 0.0 6.0 0.0 2.0 2.0 1.0 4.0 5.0 4.0 0.0 5.0 6.0 2.0 4.0 2.0 3.0 2.0 0.0 1.0 4.0 1.0 0.0 10.0 0.0 0.0 5.0 0.0 0.0 2.0 0.0 0.0 3.0 0.0 8.0 4.0 0.0 1.0 4.0 4.0 0.0 8.0 2.0 0.0 3.0 5.0 0.0 0.0 0.0 0.0 6.0 5.0 1.0 3.0 2.0 1.0 0.0 0.0 6.0 0.0 0.0 3.0 0.0 1.0 0.0 4.0 0.0 3.0 5.0 1.0 0.0 6.0 0.0 0.0 4.0 0.0 0.0 0.0 2.0 4.0 4.0 9.0 15.0 26.0 0.0 0.0 
0.0 0.0 192.0 0.0 1.0 1.0 1.0 0.0 12.0 0.0 4.0 2.0 3.0 0.0 0.0 2.0 3.0 1.0 1.0 9.0 0.0 0.0 3.0 2.0 0.0 0.0 2.0 2.0 1.0 1.0 1.0 1.0 6.0 4.0 5.0 0.0 6.0 3.0 0.0 2.0 2.0 0.0 4.0 2.0 3.0 0.0 0.0 1.0 0.0 3.0 0.0 3.0 6.0 1.0 1.0 2.0 2.0 0.0 7.0 2.0 4.0 2.0 0.0 0.0 2.0 1.0 0.0 1.0 4.0 2.0 2.0 1.0 2.0 0.0 2.0 2.0 0.0 4.0 0.0 3.0 0.0 4.0 1.0 1.0 0.0 0.0 0.0 1.0 8.0 0.0 4.0 5.0 0.0 0.0 0.0 6.0 15.0 36.0 0.0 0.0 
0.0 21.0 22.0 14.0 0.0 2.0 0.0 2.0 0.0 0.0 0.0 2.0 2.0 5.0 1.0 1.0 2.0 4.0 4.0 0.0 4.0 0.0 0.0 2.0 0.0 1.0 5.0 1.0 2.0 1.0 2.0 1.0 2.0 0.0 4.0 1.0 2.0 0.0 4.0 1.0 0.0 1.0 5.0 1.0 2.0 1.0 2.0 3.0 3.0 2.0 0.0 2.0 1.0 4.0 3.0 0.0 0.0 0.0 9.0 1.0 2.0 0.0 1.0 1.0 2.0 3.0 2.0 3.0 0.0 8.0 2.0 3.0 2.0 1.0 0.0 1.0 3.0 2.0 1.0 0.0 4.0 1.0 0.0 4.0 3.0 0.0 4.0 1.0 2.0 4.0 0.0 0.0 3.0 5.0 0.0 4.0 10.0 29.0 0.0 0.0 
0.0 41.0 15.0 3.0 0.0 5.0 7.0 1.0 1.0 3.0 3.0 0.0 0.0 0.0 5.0 14.0 0.0 5.0 1.0 1.0 2.0 0.0 4.0 2.0 8.0 3.0 0.0 6.0 6.0 1.0 1.0 0.0 1.0 8.0 4.0 2.0 0.0 2.0 0.0 2.0 3.0 0.0 1.0 3.0 8.0 0.0 1.0 0.0 2.0 0.0 6.0 2.0 0.0 2.0 2.0 3.0 3.0 2.0 0.0 0.0 1.0 1.0 2.0 6.0 0.0 5.0 0.0 0.0 0.0 4.0 2.0 3.0 2.0 3.0 2.0 1.0 0.0 0.0 3.0 3.0 2.0 2.0 2.0 0.0 2.0 0.0 0.0 0.0 0.0 2.0 2.0 3.0 2.0 5.0 0.0 0.0 4.0 81.0 0.0 0.0 
0.0 48.0 3.0 3.0 2.0 0.0 5.0 3.0 9.0 2.0 1.0 0.0 0.0 3.0 0.0 2.0 2.0 0.0 3.0 5.0 1.0 3.0 2.0 1.0 1.0 5.0 0.0 1.0 2.0 0.0 1.0 3.0 0.0 6.0 0.0 0.0 0.0 0.0 0.0 4.0 0.0 4.0 0.0 1.0 1.0 0.0 1.0 0.0 0.0 2.0 8.0 3.0 1.0 0.0 0.0 3.0 7.0 1.0 1.0 1.0 1.0 1.0 5.0 0.0 2.0 6.0 1.0 0.0 0.0 0.0 4.0 2.0 4.0 3.0 0.0 2.0 0.0 2.0 0.0 0.0 0.0 3.0 1.0 5.0 1.0 0.0 2.0 0.0 2.0 1.0 0.0 2.0 1.0 2.0 0.0 0.0 0.0 107.0 0.0 0.0 
0.0 24.0 5.0 0.0 0.0 2.0 1.0 1.0 2.0 0.0 0.0 2.0 3.0 1.0 2.0 0.0 1.0 2.0 2.0 0.0 0.0 0.0 2.0 2.0 2.0 9.0 0.0 1.0 1.0 1.0 4.0 1.0 0.0 0.0 1.0 5.0 0.0 2.0 1.0 0.0 4.0 1.0 0.0 0.0 0.0 0.0 4.0 2.0 0.0 1.0 3.0 0.0 9.0 0.0 5.0 3.0 2.0 1.0 0.0 3.0 0.0 2.0 4.0 1.0 0.0 0.0 0.0 4.0 1.0 0.0 0.0 3.0 1.0 0.0 1.0 6.0 3.0 4.0 2.0 5.0 5.0 0.0 4.0 5.0 1.0 3.0 8.0 4.0 1.0 1.0 7.0 4.0 3.0 0.0 1.0 0.0 2.0 118.0 0.0 0.0 
0.0 54.0 1.0 0.0 4.0 1.0 0.0 3.0 2.0 4.0 7.0 1.0 4.0 2.0 2.0 0.0 0.0 3.0 2.0 1.0 2.0 0.0 4.0 5.0 0.0 0.0 0.0 0.0 0.0 8.0 0.0 1.0 3.0 4.0 0.0 6.0 0.0 6.0 1.0 7.0 0.0 0.0 4.0 0.0 5.0 0.0 2.0 2.0 1.0 3.0 0.0 2.0 1.0 0.0 5.0 1.0 3.0 0.0 1.0 1.0 8.0 4.0 2.0 2.0 3.0 0.0 0.0 0.0 2.0 5.0 1.0 0.0 0.0 1.0 0.0 1.0 1.0 4.0 0.0 1.0 1.0 0.0 0.0 2.0 2.0 2.0 3.0 0.0 0.0 2.0 0.0 0.0 1.0 0.0 3.0 0.0 0.0 69.0 0.0 0.0 
0.0 37.0 0.0 1.0 1.0 0.0 0.0 0.0 0.0 0.0 1.0 5.0 4.0 1.0 10.0 0.0 5.0 0.0 3.0 0.0 0.0 4.0 0.0 2.0 5.0 2.0 0.0 2.0 9.0 2.0 2.0 2.0 3.0 6.0 0.0 1.0 0.0 0.0 0.0 1.0 4.0 3.0 3.0 0.0 4.0 4.0 4.0 4.0 3.0 0.0 1.0 3.0 0.0 2.0 0.0 1.0 1.0 3.0 3.0 2.0 5.0 1.0 1.0 2.0 2.0 0.0 3.0 4.0 0.0 2.0 2.0 4.0 0.0 1.0 2.0 7.0 3.0 8.0 1.0 0.0 4.0 0.0 2.0 1.0 6.0 1.0 2.0 0.0 6.0 3.0 6.0 2.0 0.0 2.0 0.0 7.0 3.0 72.0 0.0 0.0 
0.0 35.0 23.0 1.0 0.0 5.0 8.0 0.0 7.0 1.0 6.0 1.0 2.0 1.0 1.0 6.0 1.0 2.0 2.0 8.0 2.0 2.0 3.0 1.0 2.0 2.0 0.0 3.0 7.0 0.0 2.0 0.0 8.0 6.0 5.0 2.0 0.0 2.0 0.0 4.0 1.0 0.0 0.0 3.0 3.0 3.0 1.0 6.0 1.0 2.0 0.0 5.0 2.0 2.0 0.0 6.0 3.0 4.0 3.0 1.0 9.0 1.0 2.0 0.0 0.0 4.0 4.0 1.0 5.0 2.0 7.0 0.0 0.0 4.0 0.0 2.0 1.0 0.0 0.0 9.0 1.0 0.0 1.0 1.0 5.0 2.0 3.0 0.0 0.0 0.0 0.0 5.0 5.0 0.0 3.0 1.0 6.0 59.0 0.0 0.0 
0.0 14.0 101.0 15.0 0.0 1.0 0.0 1.0 6.0 4.0 4.0 0.0 1.0 0.0 2.0 0.0 3.0 2.0 0.0 0.0 1.0 2.0 0.0 0.0 3.0 2.0 0.0 0.0 2.0 2.0 7.0 1.0 1.0 1.0 0.0 7.0 3.0 0.0 0.0 1.0 4.0 2.0 1.0 4.0 6.0 2.0 1.0 3.0 0.0 5.0 0.0 0.0 7.0 2.0 10.0 0.0 1.0 0.0 5.0 0.0 0.0 0.0 0.0 0.0 3.0 0.0 1.0 0.0 1.0 0.0 2.0 1.0 0.0 0.0 5.0 6.0 2.0 7.0 1.0 1.0 1.0 2.0 1.0 0.0 2.0 0.0 6.0 0.0 4.0 0.0 3.0 1.0 1.0 0.0 1.0 7.0 3.0 38.0 0.0 0.0 
0.0 0.0 138.0 3.0 2.0 5.0 0.0 2.0 5.0 2.0 0.0 2.0 2.0 6.0 0.0 1.0 2.0 4.0 1.0 1.0 1.0 2.0 3.0 2.0 4.0 3.0 2.0 3.0 1.0 3.0 2.0 6.0 2.0 0.0 0.0 2.0 7.0 0.0 0.0 2.0 2.0 2.0 0.0 2.0 1.0 1.0 5.0 0.0 4.0 0.0 0.0 0.0 2.0 1.0 5.0 1.0 1.0 2.0 1.0 0.0 1.0 0.0 0.0 1.0 0.0 2.0 1.0 2.0 1.0 4.0 0.0 1.0 1.0 1.0 1.0 2.0 1.0 5.0 0.0 3.0 1.0 1.0 2.0 2.0 1.0 3.0 2.0 4.0 0.0 0.0 5.0 0.0 0.0 1.0 0.0 1.0 9.0 60.0 0.0 0.0 
0.0 4.0 136.0 7.0 0.0 6.0 0.0 6.0 0.0 5.0 2.0 3.0 4.0 1.0 4.0 1.0 0.0 1.0 0.0 3.0 9.0 1.0 0.0 0.0 4.0 1.0 6.0 5.0 3.0 0.0 0.0 2.0 3.0 0.0 2.0 2.0 6.0 0.0 2.0 6.0 1.0 4.0 5.0 0.0 2.0 2.0 5.0 5.0 1.0 2.0 0.0 0.0 2.0 0.0 0.0 3.0 2.0 0.0 0.0 6.0 1.0 4.0 0.0 1.0 1.0 2.0 3.0 4.0 0.0 0.0 2.0 4.0 6.0 2.0 0.0 2.0 0.0 0.0 0.0 4.0 1.0 1.0 3.0 0.0 1.0 0.0 3.0 4.0 5.0 0.0 1.0 2.0 0.0 3.0 2.0 1.0 6.0 53.0 0.0 0.0 
0.0 0.0 160.0 0.0 1.0 4.0 4.0 0.0 0.0 0.0 4.0 0.0 0.0 1.0 8.0 3.0 3.0 7.0 0.0 3.0 0.0 3.0 2.0 13.0 1.0 0.0 0.0 0.0 1.0 7.0 0.0 0.0 2.0 2.0 2.0 4.0 8.0 2.0 0.0 1.0 0.0 4.0 2.0 3.0 0.0 4.0 5.0 2.0 0.0 0.0 2.0 1.0 1.0 1.0 1.0 0.0 2.0 1.0 2.0 2.0 0.0 0.0 3.0 8.0 0.0 7.0 1.0 2.0 2.0 2.0 3.0 2.0 0.0 0.0 1.0 0.0 2.0 2.0 4.0 5.0 0.0 4.0 3.0 3.0 0.0 3.0 1.0 0.0 2.0 0.0 3.0 5.0 5.0 0.0 1.0 0.0 36.0 48.0 0.0 0.0 
0.0 0.0 102.0 2.0 7.0 1.0 4.0 1.0 0.0 0.0 2.0 0.0 6.0 0.0 3.0 1.0 1.0 0.0 0.0 2.0 3.0 0.0 5.0 2.0 2.0 0.0 9.0 0.0 0.0 1.0 0.0 2.0 0.0 3.0 1.0 0.0 6.0 0.0 3.0 0.0 3.0 1.0 0.0 7.0 2.0 1.0 1.0 2.0 2.0 6.0 2.0 1.0 3.0 0.0 0.0 0.0 0.0 1.0 1.0 3.0 3.0 1.0 1.0 0.0 2.0 1.0 1.0 8.0 0.0 0.0 2.0 1.0 5.0 2.0 5.0 1.0 0.0 5.0 0.0 2.0 0.0 0.0 0.0 0.0 0.0 8.0 0.0 1.0 0.0 1.0 0.0 0.0 3.0 5.0 1.0 20.0 46.0 16.0 0.0 0.0 
0.0 0.0 57.0 4.0 3.0 0.0 0.0 3.0 1.0 1.0 3.0 3.0 3.0 2.0 1.0 3.0 8.0 1.0 1.0 2.0 8.0 1.0 1.0 0.0 1.0 2.0 0.0 0.0 0.0 4.0 3.0 6.0 5.0 0.0 1.0 1.0 1.0 3.0 0.0 6.0 1.0 3.0 7.0 1.0 0.0 1.0 5.0 5.0 4.0 1.0 0.0 3.0 1.0 0.0 4.0 0.0 4.0 2.0 0.0 2.0 0.0 1.0 4.0 0.0 6.0 0.0 0.0 0.0 1.0 0.0 5.0 0.0 2.0 7.0 6.0 6.0 0.0 0.0 1.0 0.0 2.0 1.0 3.0 4.0 0.0 0.0 2.0 2.0 1.0 1.0 0.0 4.0 1.0 1.0 1.0 1.0 103.0 0.0 0.0 0.0 
0.0 0.0 44.0 11.0 7.0 2.0 0.0 0.0 4.0 3.0 1.0 0.0 0.0 5.0 1.0 2.0 0.0 0.0 0.0 3.0 0.0 1.0 0.0 4.0 2.0 1.0 4.0 0.0 2.0 1.0 5.0 1.0 0.0 2.0 0.0 0.0 1.0 0.0 1.0 0.0 3.0 3.0 3.0 1.0 0.0 4.0 0.0 0.0 2.0 1.0 0.0 6.0 0.0 5.0 0.0 5.0 2.0 0.0 0.0 2.0 2.0 1.0 3.0 5.0 0.0 2.0 2.0 0.0 8.0 4.0 0.0 0.0 5.0 1.0 0.0 5.0 1.0 1.0 1.0 1.0 0.0 0.0 0.0 6.0 0.0 3.0 1.0 4.0 1.0 2.0 1.0 1.0 3.0 0.0 5.0 23.0 36.0 0.0 0.0 0.0 
0.0 0.0 36.0 16.0 4.0 0.0 0.0 5.0 0.0 0.0 2.0 0.0 2.0 1.0 2.0 4.0 0.0 1.0 0.0 5.0 8.0 0.0 1.0 0.0 0.0 3.0 4.0 3.0 0.0 0.0 3.0 0.0 1.0 2.0 1.0 0.0 1.0 0.0 6.0 1.0 4.0 1.0 1.0 0.0 3.0 1.0 0.0 3.0 1.0 4.0 5.0 0.0 4.0 1.0 3.0 1.0 4.0 2.0 3.0 4.0 6.0 0.0 11.0 3.0 0.0 1.0 1.0 0.0 6.0 1.0 0.0 2.0 0.0 4.0 0.0 3.0 1.0 0.0 2.0 5.0 2.0 5.0 3.0 0.0 0.0 2.0 3.0 1.0 4.0 0.0 0.0 4.0 5.0 0.0 15.0 44.0 25.0 0.0 0.0 0.0 
0.0 0.0 6.0 165.0 9.0 2.0 0.0 1.0 0.0 4.0 0.0 0.0 1.0 4.0 0.0 2.0 0.0 0.0 1.0 0.0 6.0 1.0 4.0 0.0 1.0 0.0 3.0 1.0 4.0 0.0 2.0 0.0 0.0 0.0 4.0 0.0 2.0 3.0 1.0 2.0 0.0 0.0 1.0 2.0 2.0 2.0 1.0 2.0 0.0 2.0 0.0 2.0 0.0 2.0 0.0 0.0 1.0 0.0 3.0 1.0 0.0 1.0 2.0 4.0 1.0 1.0 2.0 6.0 0.0 0.0 7.0 14.0 1.0 0.0 0.0 1.0 0.0 1.0 2.0 4.0 0.0 4.0 4.0 1.0 1.0 5.0 1.0 0.0 1.0 0.0 1.0 4.0 0.0 1.0 25.0 46.0 21.0 0.0 0.0 0.0 
0.0 0.0 0.0 90.0 0.0 4.0 4.0 1.0 0.0 6.0 1.0 0.0 3.0 2.0 0.0 0.0 5.0 0.0 1.0 0.0 1.0 4.0 1.0 7.0 0.0 2.0 0.0 3.0 1.0 2.0 0.0 2.0 1.0 1.0 4.0 2.0 0.0 4.0 1.0 1.0 0.0 2.0 7.0 1.0 7.0 0.0 8.0 0.0 2.0 1.0 2.0 8.0 0.0 3.0 3.0 0.0 7.0 0.0 1.0 0.0 2.0 1.0 5.0 0.0 1.0 2.0 0.0 2.0 0.0 0.0 5.0 1.0 3.0 0.0 7.0 0.0 2.0 4.0 3.0 0.0 2.0 0.0 1.0 4.0 2.0 2.0 2.0 7.0 2.0 4.0 0.0 2.0 2.0 0.0 2.0 132.0 0.0 0.0 0.0 0.0 
0.0 0.0 0.0 36.0 29.0 1.0 0.0 3.0 3.0 1.0 6.0 0.0 6.0 1.0 0.0 1.0 6.0 7.0 4.0 2.0 1.0 2.0 0.0 1.0 3.0 0.0 2.0 3.0 7.0 0.0 1.0 2.0 2.0 7.0 0.0 4.0 1.0 4.0 2.0 2.0 3.0 0.0 2.0 1.0 0.0 3.0 0.0 4.0 2.0 0.0 7.0 0.0 2.0 1.0 3.0 3.0 0.0 0.0 0.0 1.0 3.0 1.0 3.0 1.0 0.0 2.0 11.0 1.0 4.0 0.0 5.0 3.0 2.0 0.0 2.0 3.0 6.0 2.0 10.0 5.0 1.0 4.0 2.0 4.0 0.0 0.0 0.0 1.0 2.0 3.0 0.0 5.0 1.0 6.0 22.0 30.0 0.0 0.0 0.0 0.0 
0.0 0.0 0.0 27.0 35.0 25.0 0.0 1.0 1.0 6.0 4.0 3.0 3.0 3.0 0.0 1.0 1.0 5.0 0.0 4.0 0.0 0.0 2.0 0.0 0.0 0.0 6.0 0.0 0.0 1.0 0.0 3.0 2.0 1.0 0.0 3.0 0.0 0.0 5.0 2.0 3.0 1.0 4.0 2.0 0.0 1.0 11.0 0.0 2.0 7.0 0.0 2.0 1.0 0.0 2.0 0.0 1.0 2.0 0.0 2.0 0.0 0.0 5.0 3.0 2.0 2.0 10.0 5.0 2.0 1.0 0.0 1.0 0.0 8.0 2.0 1.0 1.0 5.0 0.0 2.0 2.0 0.0 0.0 0.0 0.0 1.0 5.0 2.0 1.0 0.0 1.0 3.0 0.0 30.0 41.0 32.0 0.0 0.0 0.0 0.0 
0.0 0.0 0.0 0.0 138.0 0.0 0.0 2.0 1.0 0.0 1.0 0.0 1.0 9.0 1.0 1.0 6.0 2.0 0.0 1.0 1.0 0.0 1.0 0.0 3.0 4.0 0.0 0.0 2.0 0.0 4.0 10.0 0.0 5.0 1.0 2.0 1.0 2.0 4.0 6.0 0.0 0.0 2.0 4.0 0.0 3.0 3.0 0.0 0.0 1.0 0.0 5.0 1.0 1.0 5.0 0.0 0.0 2.0 3.0 0.0 0.0 0.0 6.0 0.0 0.0 4.0 4.0 0.0 0.0 7.0 0.0 4.0 3.0 2.0 0.0 2.0 1.0 0.0 4.0 0.0 1.0 0.0 0.0 6.0 5.0 1.0 0.0 1.0 1.0 0.0 3.0 2.0 7.0 4.0 81.0 0.0 0.0 0.0 0.0 0.0 
0.0 0.0 0.0 0.0 68.0 3.0 6.0 1.0 0.0 2.0 0.0 3.0 1.0 0.0 1.0 0.0 1.0 0.0 2.0 3.0 0.0 1.0 0.0 4.0 0.0 1.0 1.0 0.0 0.0 0.0 1.0 1.0 0.0 0.0 6.0 9.0 1.0 3.0 0.0 0.0 0.0 0.0 4.0 0.0 0.0 6.0 5.0 0.0 0.0 1.0 0.0 2.0 0.0 1.0 3.0 2.0 3.0 0.0 4.0 0.0 1.0 8.0 7.0 0.0 6.0 3.0 6.0 2.0 0.0 8.0 2.0 3.0 1.0 1.0 1.0 2.0 0.0 3.0 6.0 1.0 1.0 1.0 3.0 1.0 2.0 3.0 0.0 4.0 1.0 3.0 2.0 2.0 4.0 164.0 0.0 0.0 0.0 0.0 0.0 0.0 
0.0 0.0 0.0 0.0 0.0 175.0 22.0 0.0 2.0 9.0 4.0 2.0 1.0 6.0 0.0 0.0 4.0 4.0 1.0 4.0 13.0 1.0 4.0 4.0 0.0 2.0 5.0 1.0 5.0 1.0 1.0 0.0 1.0 3.0 0.0 0.0 0.0 1.0 0.0 4.0 1.0 0.0 1.0 1.0 2.0 1.0 1.0 1.0 6.0 8.0 5.0 6.0 0.0 0.0 0.0 10.0 4.0 2.0 9.0 3.0 4.0 0.0 0.0 8.0 0.0 0.0 0.0 1.0 0.0 2.0 1.0 1.0 3.0 2.0 4.0 3.0 0.0 1.0 0.0 2.0 0.0 6.0 0.0 7.0 2.0 8.0 7.0 0.0 8.0 3.0 2.0 3.0 3.0 52.0 0.0 0.0 0.0 0.0 0.0 0.0 
0.0 0.0 0.0 0.0 0.0 27.0 39.0 39.0 4.0 0.0 0.0 1.0 2.0 1.0 2.0 0.0 0.0 3.0 1.0 0.0 0.0 0.0 6.0 6.0 3.0 3.0 0.0 5.0 0.0 5.0 0.0 1.0 0.0 1.0 1.0 2.0 5.0 0.0 0.0 0.0 0.0 0.0 7.0 3.0 0.0 2.0 5.0 0.0 2.0 10.0 0.0 1.0 7.0 2.0 0.0 2.0 3.0 3.0 2.0 1.0 0.0 1.0 1.0 1.0 10.0 3.0 3.0 4.0 1.0 0.0 1.0 0.0 0.0 0.0 3.0 3.0 4.0 0.0 0.0 0.0 2.0 2.0 0.0 5.0 1.0 3.0 0.0 0.0 13.0 2.0 2.0 0.0 200.0 0.0 0.0 0.0 0.0 0.0 0.0 0.0 
0.0 0.0 0.0 0.0 0.0 0.0 130.0 16.0 1.0 4.0 0.0 0.0 0.0 0.0 0.0 6.0 0.0 4.0 0.0 0.0 1.0 1.0 0.0 4.0 1.0 2.0 0.0 0.0 1.0 0.0 2.0 5.0 10.0 0.0 0.0 0.0 3.0 0.0 6.0 1.0 0.0 7.0 1.0 0.0 0.0 1.0 0.0 0.0 5.0 0.0 3.0 1.0 2.0 6.0 0.0 3.0 7.0 2.0 3.0 1.0 1.0 1.0 0.0 3.0 0.0 1.0 0.0 1.0 0.0 1.0 0.0 2.0 0.0 0.0 0.0 1.0 0.0 0.0 0.0 0.0 0.0 2.0 0.0 0.0 2.0 0.0 0.0 0.0 1.0 0.0 0.0 16.0 54.0 0.0 0.0 0.0 0.0 0.0 0.0 0.0 
0.0 0.0 0.0 0.0 0.0 0.0 24.0 3.0 10.0 0.0 1.0 2.0 0.0 0.0 0.0 0.0 2.0 5.0 0.0 1.0 1.0 1.0 0.0 0.0 2.0 0.0 0.0 3.0 3.0 6.0 0.0 3.0 1.0 0.0 0.0 0.0 9.0 1.0 0.0 1.0 5.0 3.0 1.0 0.0 0.0 5.0 0.0 1.0 0.0 0.0 0.0 4.0 5.0 0.0 2.0 0.0 11.0 1.0 1.0 4.0 2.0 4.0 2.0 0.0 4.0 1.0 2.0 0.0 0.0 1.0 3.0 0.0 6.0 7.0 0.0 1.0 7.0 0.0 3.0 0.0 1.0 0.0 0.0 2.0 1.0 4.0 1.0 0.0 3.0 2.0 24.0 96.0 12.0 0.0 0.0 0.0 0.0 0.0 0.0 0.0 
0.0 0.0 0.0 0.0 0.0 0.0 0.0 76.0 1.0 2.0 2.0 3.0 1.0 4.0 3.0 0.0 1.0 1.0 2.0 0.0 3.0 0.0 3.0 1.0 4.0 2.0 4.0 2.0 4.0 1.0 2.0 3.0 8.0 0.0 5.0 2.0 1.0 2.0 2.0 0.0 3.0 0.0 1.0 2.0 1.0 0.0 3.0 1.0 1.0 0.0 0.0 3.0 2.0 3.0 1.0 5.0 0.0 3.0 7.0 7.0 1.0 1.0 2.0 4.0 6.0 0.0 5.0 4.0 0.0 4.0 0.0 5.0 1.0 3.0 5.0 0.0 0.0 2.0 0.0 7.0 0.0 0.0 4.0 0.0 3.0 0.0 0.0 5.0 2.0 11.0 7.0 40.0 0.0 0.0 0.0 0.0 0.0 0.0 0.0 0.0 
0.0 0.0 0.0 0.0 0.0 0.0 0.0 0.0 189.0 29.0 2.0 2.0 1.0 4.0 0.0 1.0 1.0 2.0 0.0 0.0 9.0 2.0 1.0 1.0 0.0 4.0 1.0 1.0 0.0 0.0 0.0 0.0 0.0 2.0 6.0 0.0 0.0 9.0 2.0 0.0 4.0 1.0 2.0 0.0 2.0 1.0 0.0 3.0 0.0 0.0 2.0 0.0 4.0 1.0 0.0 2.0 7.0 0.0 4.0 3.0 4.0 0.0 1.0 9.0 0.0 2.0 3.0 0.0 11.0 0.0 0.0 3.0 0.0 1.0 0.0 6.0 2.0 0.0 1.0 1.0 1.0 2.0 2.0 3.0 3.0 0.0 1.0 5.0 2.0 23.0 123.0 0.0 0.0 0.0 0.0 0.0 0.0 0.0 0.0 0.0 
0.0 0.0 0.0 0.0 0.0 0.0 0.0 0.0 17.0 28.0 16.0 0.0 0.0 3.0 0.0 4.0 0.0 4.0 0.0 3.0 3.0 0.0 5.0 3.0 0.0 0.0 0.0 0.0 1.0 0.0 2.0 3.0 0.0 0.0 0.0 1.0 2.0 1.0 2.0 4.0 2.0 0.0 1.0 0.0 1.0 0.0 0.0 0.0 2.0 1.0 3.0 2.0 1.0 1.0 0.0 3.0 0.0 4.0 2.0 0.0 0.0 1.0 1.0 0.0 2.0 0.0 1.0 1.0 1.0 1.0 6.0 4.0 0.0 0.0 0.0 1.0 0.0 0.0 0.0 4.0 2.0 0.0 1.0 1.0 2.0 0.0 3.0 1.0 24.0 44.0 35.0 0.0 0.0 0.0 0.0 0.0 0.0 0.0 0.0 0.0 
0.0 0.0 0.0 0.0 0.0 0.0 0.0 0.0 0.0 58.0 1.0 3.0 4.0 3.0 4.0 0.0 0.0 3.0 0.0 0.0 0.0 1.0 0.0 0.0 2.0 2.0 4.0 1.0 1.0 7.0 5.0 7.0 8.0 2.0 6.0 1.0 4.0 1.0 1.0 0.0 0.0 2.0 0.0 0.0 0.0 4.0 3.0 2.0 3.0 3.0 2.0 0.0 1.0 0.0 5.0 0.0 1.0 2.0 1.0 1.0 2.0 9.0 0.0 1.0 0.0 2.0 5.0 3.0 4.0 0.0 7.0 5.0 1.0 1.0 0.0 5.0 0.0 2.0 1.0 2.0 3.0 7.0 0.0 3.0 0.0 1.0 3.0 5.0 9.0 59.0 0.0 0.0 0.0 0.0 0.0 0.0 0.0 0.0 0.0 0.0 
0.0 0.0 0.0 0.0 0.0 0.0 0.0 0.0 0.0 0.0 144.0 2.0 0.0 0.0 0.0 0.0 3.0 2.0 2.0 4.0 2.0 5.0 3.0 1.0 2.0 2.0 2.0 0.0 1.0 3.0 0.0 0.0 1.0 1.0 2.0 2.0 0.0 7.0 2.0 0.0 4.0 0.0 0.0 8.0 0.0 0.0 0.0 8.0 3.0 2.0 1.0 0.0 4.0 4.0 0.0 0.0 3.0 4.0 6.0 0.0 10.0 1.0 5.0 3.0 1.0 1.0 1.0 0.0 5.0 1.0 0.0 2.0 0.0 2.0 0.0 2.0 0.0 5.0 6.0 4.0 0.0 4.0 1.0 1.0 1.0 0.0 2.0 2.0 81.0 0.0 0.0 0.0 0.0 0.0 0.0 0.0 0.0 0.0 0.0 0.0 
0.0 0.0 0.0 0.0 0.0 0.0 0.0 0.0 0.0 0.0 0.0 145.0 1.0 0.0 5.0 0.0 0.0 1.0 0.0 0.0 8.0 1.0 3.0 3.0 2.0 3.0 0.0 6.0 0.0 6.0 0.0 2.0 0.0 0.0 0.0 3.0 2.0 0.0 0.0 1.0 0.0 0.0 6.0 0.0 0.0 0.0 0.0 0.0 5.0 3.0 3.0 1.0 0.0 1.0 2.0 1.0 0.0 8.0 2.0 8.0 0.0 1.0 6.0 2.0 2.0 2.0 0.0 2.0 3.0 1.0 1.0 0.0 1.0 5.0 0.0 5.0 0.0 0.0 0.0 7.0 0.0 1.0 0.0 3.0 2.0 0.0 28.0 157.0 0.0 0.0 0.0 0.0 0.0 0.0 0.0 0.0 0.0 0.0 0.0 0.0 
0.0 0.0 0.0 0.0 0.0 0.0 0.0 0.0 0.0 0.0 0.0 0.0 113.0 2.0 4.0 1.0 0.0 0.0 0.0 7.0 3.0 1.0 1.0 2.0 5.0 2.0 1.0 1.0 3.0 0.0 0.0 3.0 3.0 6.0 3.0 0.0 4.0 1.0 5.0 2.0 0.0 0.0 2.0 6.0 0.0 2.0 2.0 0.0 6.0 2.0 1.0 1.0 2.0 5.0 4.0 2.0 3.0 4.0 0.0 2.0 0.0 5.0 0.0 3.0 0.0 9.0 1.0 1.0 8.0 7.0 2.0 0.0 0.0 1.0 2.0 0.0 2.0 2.0 4.0 6.0 0.0 0.0 1.0 4.0 3.0 26.0 15.0 20.0 0.0 0.0 0.0 0.0 0.0 0.0 0.0 0.0 0.0 0.0 0.0 0.0 
0.0 0.0 0.0 0.0 0.0 0.0 0.0 0.0 0.0 0.0 0.0 0.0 0.0 181.0 12.0 7.0 2.0 2.0 6.0 2.0 2.0 0.0 6.0 1.0 2.0 0.0 0.0 0.0 3.0 0.0 1.0 1.0 9.0 0.0 1.0 0.0 2.0 2.0 0.0 0.0 0.0 1.0 6.0 1.0 2.0 3.0 0.0 1.0 5.0 0.0 4.0 0.0 0.0 3.0 4.0 3.0 5.0 4.0 0.0 6.0 3.0 0.0 4.0 1.0 0.0 0.0 0.0 0.0 3.0 4.0 2.0 6.0 0.0 1.0 0.0 5.0 1.0 0.0 2.0 1.0 2.0 3.0 4.0 0.0 12.0 3.0 83.0 0.0 0.0 0.0 0.0 0.0 0.0 0.0 0.0 0.0 0.0 0.0 0.0 0.0 
0.0 0.0 0.0 0.0 0.0 0.0 0.0 0.0 0.0 0.0 0.0 0.0 0.0 20.0 105.0 33.0 1.0 1.0 1.0 1.0 0.0 5.0 3.0 0.0 1.0 0.0 3.0 0.0 0.0 2.0 0.0 3.0 0.0 0.0 3.0 0.0 0.0 8.0 0.0 0.0 0.0 1.0 1.0 0.0 1.0 3.0 0.0 6.0 2.0 1.0 8.0 2.0 0.0 4.0 0.0 6.0 2.0 2.0 0.0 1.0 1.0 0.0 12.0 1.0 1.0 0.0 3.0 0.0 1.0 7.0 3.0 4.0 0.0 1.0 3.0 1.0 4.0 0.0 2.0 2.0 2.0 2.0 2.0 5.0 12.0 77.0 0.0 0.0 0.0 0.0 0.0 0.0 0.0 0.0 0.0 0.0 0.0 0.0 0.0 0.0 
0.0 0.0 0.0 0.0 0.0 0.0 0.0 0.0 0.0 0.0 0.0 0.0 0.0 0.0 28.0 35.0 22.0 0.0 2.0 0.0 0.0 7.0 0.0 17.0 10.0 1.0 4.0 0.0 3.0 0.0 0.0 5.0 5.0 0.0 2.0 1.0 2.0 0.0 0.0 0.0 2.0 3.0 1.0 7.0 1.0 0.0 2.0 1.0 0.0 3.0 0.0 0.0 2.0 4.0 3.0 4.0 5.0 9.0 1.0 3.0 2.0 2.0 1.0 1.0 2.0 0.0 3.0 2.0 1.0 1.0 0.0 2.0 1.0 6.0 1.0 2.0 3.0 3.0 1.0 2.0 0.0 1.0 4.0 0.0 85.0 0.0 0.0 0.0 0.0 0.0 0.0 0.0 0.0 0.0 0.0 0.0 0.0 0.0 0.0 0.0 
0.0 0.0 0.0 0.0 0.0 0.0 0.0 0.0 0.0 0.0 0.0 0.0 0.0 0.0 0.0 38.0 122.0 22.0 0.0 6.0 4.0 1.0 2.0 5.0 1.0 4.0 8.0 3.0 7.0 4.0 2.0 0.0 6.0 1.0 2.0 0.0 1.0 0.0 1.0 1.0 7.0 3.0 10.0 5.0 0.0 1.0 0.0 2.0 3.0 3.0 4.0 4.0 0.0 2.0 0.0 1.0 3.0 4.0 2.0 1.0 0.0 0.0 0.0 0.0 0.0 3.0 2.0 1.0 2.0 4.0 2.0 0.0 2.0 0.0 0.0 1.0 5.0 1.0 0.0 3.0 0.0 1.0 1.0 135.0 0.0 0.0 0.0 0.0 0.0 0.0 0.0 0.0 0.0 0.0 0.0 0.0 0.0 0.0 0.0 0.0 
0.0 0.0 0.0 0.0 0.0 0.0 0.0 0.0 0.0 0.0 0.0 0.0 0.0 0.0 0.0 0.0 15.0 111.0 3.0 4.0 1.0 4.0 0.0 1.0 1.0 6.0 0.0 4.0 1.0 1.0 4.0 0.0 2.0 1.0 0.0 1.0 2.0 0.0 1.0 1.0 2.0 12.0 0.0 0.0 2.0 1.0 1.0 4.0 8.0 0.0 1.0 0.0 0.0 5.0 0.0 1.0 1.0 0.0 0.0 1.0 2.0 0.0 5.0 4.0 3.0 4.0 3.0 0.0 2.0 2.0 5.0 1.0 0.0 5.0 2.0 1.0 0.0 2.0 2.0 6.0 4.0 1.0 130.0 0.0 0.0 0.0 0.0 0.0 0.0 0.0 0.0 0.0 0.0 0.0 0.0 0.0 0.0 0.0 0.0 0.0 
0.0 0.0 0.0 0.0 0.0 0.0 0.0 0.0 0.0 0.0 0.0 0.0 0.0 0.0 0.0 0.0 0.0 7.0 193.0 0.0 2.0 1.0 1.0 0.0 0.0 0.0 1.0 0.0 1.0 4.0 4.0 4.0 6.0 4.0 5.0 5.0 0.0 3.0 1.0 3.0 0.0 3.0 2.0 2.0 1.0 7.0 3.0 1.0 6.0 2.0 0.0 1.0 1.0 2.0 7.0 1.0 2.0 1.0 6.0 6.0 10.0 2.0 0.0 2.0 6.0 0.0 1.0 1.0 3.0 0.0 3.0 4.0 0.0 4.0 1.0 2.0 0.0 7.0 3.0 6.0 1.0 110.0 0.0 0.0 0.0 0.0 0.0 0.0 0.0 0.0 0.0 0.0 0.0 0.0 0.0 0.0 0.0 0.0 0.0 0.0 
0.0 0.0 0.0 0.0 0.0 0.0 0.0 0.0 0.0 0.0 0.0 0.0 0.0 0.0 0.0 0.0 0.0 0.0 0.0 203.0 0.0 1.0 4.0 1.0 1.0 0.0 7.0 0.0 1.0 2.0 1.0 4.0 0.0 2.0 4.0 4.0 1.0 2.0 0.0 7.0 0.0 2.0 2.0 4.0 0.0 0.0 1.0 6.0 0.0 3.0 3.0 3.0 3.0 4.0 6.0 2.0 0.0 0.0 7.0 4.0 4.0 1.0 6.0 10.0 1.0 1.0 6.0 1.0 0.0 0.0 0.0 4.0 1.0 1.0 3.0 2.0 1.0 2.0 13.0 5.0 94.0 0.0 0.0 0.0 0.0 0.0 0.0 0.0 0.0 0.0 0.0 0.0 0.0 0.0 0.0 0.0 0.0 0.0 0.0 0.0 
0.0 0.0 0.0 0.0 0.0 0.0 0.0 0.0 0.0 0.0 0.0 0.0 0.0 0.0 0.0 0.0 0.0 0.0 0.0 0.0 154.0 2.0 2.0 0.0 3.0 1.0 4.0 1.0 2.0 0.0 3.0 0.0 2.0 5.0 2.0 4.0 0.0 6.0 0.0 5.0 0.0 5.0 2.0 2.0 2.0 1.0 3.0 9.0 4.0 5.0 1.0 0.0 4.0 0.0 4.0 0.0 0.0 2.0 1.0 0.0 7.0 0.0 1.0 0.0 1.0 5.0 4.0 0.0 4.0 4.0 0.0 3.0 5.0 1.0 1.0 3.0 2.0 17.0 8.0 68.0 0.0 0.0 0.0 0.0 0.0 0.0 0.0 0.0 0.0 0.0 0.0 0.0 0.0 0.0 0.0 0.0 0.0 0.0 0.0 0.0 
0.0 0.0 0.0 0.0 0.0 0.0 0.0 0.0 0.0 0.0 0.0 0.0 0.0 0.0 0.0 0.0 0.0 0.0 0.0 0.0 0.0 107.0 2.0 7.0 0.0 2.0 2.0 1.0 1.0 5.0 0.0 1.0 1.0 0.0 10.0 1.0 2.0 1.0 2.0 2.0 0.0 0.0 2.0 1.0 3.0 1.0 3.0 4.0 1.0 3.0 2.0 1.0 1.0 1.0 0.0 1.0 0.0 1.0 1.0 4.0 2.0 2.0 6.0 1.0 4.0 2.0 0.0 3.0 0.0 0.0 1.0 0.0 3.0 4.0 2.0 0.0 10.0 121.0 30.0 0.0 0.0 0.0 0.0 0.0 0.0 0.0 0.0 0.0 0.0 0.0 0.0 0.0 0.0 0.0 0.0 0.0 0.0 0.0 0.0 0.0 
0.0 0.0 0.0 0.0 0.0 0.0 0.0 0.0 0.0 0.0 0.0 0.0 0.0 0.0 0.0 0.0 0.0 0.0 0.0 0.0 0.0 0.0 72.0 104.0 41.0 0.0 1.0 2.0 4.0 1.0 2.0 1.0 4.0 4.0 0.0 0.0 0.0 0.0 1.0 0.0 1.0 1.0 3.0 0.0 8.0 3.0 1.0 1.0 0.0 0.0 5.0 3.0 3.0 2.0 3.0 1.0 0.0 1.0 5.0 0.0 5.0 2.0 1.0 0.0 5.0 3.0 0.0 0.0 0.0 8.0 2.0 1.0 1.0 2.0 3.0 2.0 187.0 11.0 0.0 0.0 0.0 0.0 0.0 0.0 0.0 0.0 0.0 0.0 0.0 0.0 0.0 0.0 0.0 0.0 0.0 0.0 0.0 0.0 0.0 0.0 
0.0 0.0 0.0 0.0 0.0 0.0 0.0 0.0 0.0 0.0 0.0 0.0 0.0 0.0 0.0 0.0 0.0 0.0 0.0 0.0 0.0 0.0 0.0 41.0 45.0 33.0 2.0 1.0 0.0 0.0 2.0 7.0 0.0 1.0 0.0 2.0 2.0 1.0 0.0 5.0 4.0 6.0 0.0 2.0 3.0 1.0 2.0 4.0 3.0 1.0 4.0 1.0 0.0 8.0 0.0 2.0 4.0 4.0 1.0 0.0 10.0 0.0 7.0 0.0 1.0 6.0 0.0 0.0 0.0 0.0 1.0 0.0 1.0 6.0 1.0 149.0 0.0 0.0 0.0 0.0 0.0 0.0 0.0 0.0 0.0 0.0 0.0 0.0 0.0 0.0 0.0 0.0 0.0 0.0 0.0 0.0 0.0 0.0 0.0 0.0 
0.0 0.0 0.0 0.0 0.0 0.0 0.0 0.0 0.0 0.0 0.0 0.0 0.0 0.0 0.0 0.0 0.0 0.0 0.0 0.0 0.0 0.0 0.0 0.0 28.0 119.0 3.0 2.0 1.0 1.0 0.0 0.0 0.0 1.0 7.0 1.0 0.0 2.0 8.0 2.0 1.0 4.0 4.0 1.0 1.0 4.0 3.0 1.0 1.0 3.0 8.0 6.0 2.0 0.0 8.0 1.0 5.0 3.0 3.0 0.0 0.0 1.0 3.0 6.0 1.0 0.0 1.0 1.0 3.0 5.0 1.0 4.0 31.0 6.0 114.0 0.0 0.0 0.0 0.0 0.0 0.0 0.0 0.0 0.0 0.0 0.0 0.0 0.0 0.0 0.0 0.0 0.0 0.0 0.0 0.0 0.0 0.0 0.0 0.0 0.0 
0.0 0.0 0.0 0.0 0.0 0.0 0.0 0.0 0.0 0.0 0.0 0.0 0.0 0.0 0.0 0.0 0.0 0.0 0.0 0.0 0.0 0.0 0.0 0.0 0.0 0.0 53.0 188.0 0.0 8.0 1.0 2.0 5.0 0.0 0.0 2.0 1.0 4.0 4.0 2.0 3.0 0.0 0.0 1.0 2.0 2.0 1.0 4.0 5.0 6.0 7.0 2.0 0.0 4.0 0.0 2.0 1.0 5.0 3.0 7.0 5.0 1.0 2.0 1.0 2.0 8.0 3.0 0.0 4.0 1.0 0.0 32.0 70.0 49.0 0.0 0.0 0.0 0.0 0.0 0.0 0.0 0.0 0.0 0.0 0.0 0.0 0.0 0.0 0.0 0.0 0.0 0.0 0.0 0.0 0.0 0.0 0.0 0.0 0.0 0.0 
0.0 0.0 0.0 0.0 0.0 0.0 0.0 0.0 0.0 0.0 0.0 0.0 0.0 0.0 0.0 0.0 0.0 0.0 0.0 0.0 0.0 0.0 0.0 0.0 0.0 0.0 0.0 0.0 107.0 12.0 6.0 7.0 0.0 4.0 1.0 0.0 3.0 4.0 3.0 0.0 7.0 3.0 0.0 0.0 1.0 4.0 1.0 3.0 4.0 5.0 0.0 0.0 1.0 3.0 3.0 7.0 0.0 7.0 0.0 1.0 2.0 2.0 4.0 2.0 0.0 5.0 2.0 0.0 25.0 6.0 178.0 51.0 22.0 0.0 0.0 0.0 0.0 0.0 0.0 0.0 0.0 0.0 0.0 0.0 0.0 0.0 0.0 0.0 0.0 0.0 0.0 0.0 0.0 0.0 0.0 0.0 0.0 0.0 0.0 0.0 
0.0 0.0 0.0 0.0 0.0 0.0 0.0 0.0 0.0 0.0 0.0 0.0 0.0 0.0 0.0 0.0 0.0 0.0 0.0 0.0 0.0 0.0 0.0 0.0 0.0 0.0 0.0 0.0 0.0 36.0 160.0 5.0 2.0 1.0 3.0 2.0 2.0 0.0 2.0 0.0 4.0 3.0 4.0 1.0 4.0 3.0 2.0 0.0 2.0 0.0 6.0 3.0 1.0 4.0 0.0 0.0 2.0 2.0 2.0 2.0 6.0 0.0 2.0 0.0 1.0 3.0 3.0 23.0 73.0 63.0 0.0 0.0 0.0 0.0 0.0 0.0 0.0 0.0 0.0 0.0 0.0 0.0 0.0 0.0 0.0 0.0 0.0 0.0 0.0 0.0 0.0 0.0 0.0 0.0 0.0 0.0 0.0 0.0 0.0 0.0 
0.0 0.0 0.0 0.0 0.0 0.0 0.0 0.0 0.0 0.0 0.0 0.0 0.0 0.0 0.0 0.0 0.0 0.0 0.0 0.0 0.0 0.0 0.0 0.0 0.0 0.0 0.0 0.0 0.0 0.0 0.0 45.0 102.0 169.0 2.0 0.0 2.0 2.0 11.0 9.0 6.0 2.0 3.0 1.0 0.0 1.0 1.0 6.0 2.0 3.0 0.0 0.0 1.0 5.0 1.0 0.0 1.0 1.0 1.0 1.0 1.0 2.0 1.0 6.0 2.0 1.0 181.0 67.0 30.0 0.0 0.0 0.0 0.0 0.0 0.0 0.0 0.0 0.0 0.0 0.0 0.0 0.0 0.0 0.0 0.0 0.0 0.0 0.0 0.0 0.0 0.0 0.0 0.0 0.0 0.0 0.0 0.0 0.0 0.0 0.0 
0.0 0.0 0.0 0.0 0.0 0.0 0.0 0.0 0.0 0.0 0.0 0.0 0.0 0.0 0.0 0.0 0.0 0.0 0.0 0.0 0.0 0.0 0.0 0.0 0.0 0.0 0.0 0.0 0.0 0.0 0.0 0.0 0.0 0.0 49.0 110.0 144.0 170.0 32.0 18.0 11.0 0.0 1.0 27.0 23.0 5.0 0.0 1.0 2.0 0.0 0.0 1.0 8.0 6.0 1.0 1.0 1.0 2.0 1.0 8.0 6.0 14.0 2.0 2.0 184.0 55.0 0.0 0.0 0.0 0.0 0.0 0.0 0.0 0.0 0.0 0.0 0.0 0.0 0.0 0.0 0.0 0.0 0.0 0.0 0.0 0.0 0.0 0.0 0.0 0.0 0.0 0.0 0.0 0.0 0.0 0.0 0.0 0.0 0.0 0.0 
0.0 0.0 0.0 0.0 0.0 0.0 0.0 0.0 0.0 0.0 0.0 0.0 0.0 0.0 0.0 0.0 0.0 0.0 0.0 0.0 0.0 0.0 0.0 0.0 0.0 0.0 0.0 0.0 0.0 0.0 0.0 0.0 0.0 0.0 0.0 0.0 0.0 0.0 18.0 36.0 101.0 165.0 115.0 63.0 59.0 34.0 1.0 1.0 10.0 0.0 2.0 21.0 4.0 5.0 17.0 6.0 20.0 1.0 6.0 15.0 30.0 104.0 126.0 30.0 0.0 0.0 0.0 0.0 0.0 0.0 0.0 0.0 0.0 0.0 0.0 0.0 0.0 0.0 0.0 0.0 0.0 0.0 0.0 0.0 0.0 0.0 0.0 0.0 0.0 0.0 0.0 0.0 0.0 0.0 0.0 0.0 0.0 0.0 0.0 0.0 
0.0 0.0 0.0 0.0 0.0 0.0 0.0 0.0 0.0 0.0 0.0 0.0 0.0 0.0 0.0 0.0 0.0 0.0 0.0 0.0 0.0 0.0 0.0 0.0 0.0 0.0 0.0 0.0 0.0 0.0 0.0 0.0 0.0 0.0 0.0 0.0 0.0 0.0 0.0 0.0 0.0 0.0 0.0 21.0 28.0 52.0 113.0 117.0 82.0 139.0 184.0 115.0 20.0 22.0 31.0 42.0 69.0 182.0 126.0 30.0 23.0 5.0 0.0 0.0 0.0 0.0 0.0 0.0 0.0 0.0 0.0 0.0 0.0 0.0 0.0 0.0 0.0 0.0 0.0 0.0 0.0 0.0 0.0 0.0 0.0 0.0 0.0 0.0 0.0 0.0 0.0 0.0 0.0 0.0 0.0 0.0 0.0 0.0 0.0 0.0 
0.0 0.0 0.0 0.0 0.0 0.0 0.0 0.0 0.0 0.0 0.0 0.0 0.0 0.0 0.0 0.0 0.0 0.0 0.0 0.0 0.0 0.0 0.0 0.0 0.0 0.0 0.0 0.0 0.0 0.0 0.0 0.0 0.0 0.0 0.0 0.0 0.0 0.0 0.0 0.0 0.0 0.0 0.0 0.0 0.0 0.0 0.0 0.0 18.0 0.0 0.0 10.0 30.0 35.0 30.0 44.0 10.0 0.0 0.0 0.0 0.0 0.0 0.0 0.0 0.0 0.0 0.0 0.0 0.0 0.0 0.0 0.0 0.0 0.0 0.0 0.0 0.0 0.0 0.0 0.0 0.0 0.0 0.0 0.0 0.0 0.0 0.0 0.0 0.0 0.0 0.0 0.0 0.0 0.0 0.0 0.0 0.0 0.0 0.0 0.0 
0.0 0.0 0.0 0.0 0.0 0.0 0.0 0.0 0.0 0.0 0.0 0.0 0.0 0.0 0.0 0.0 0.0 0.0 0.0 0.0 0.0 0.0 0.0 0.0 0.0 0.0 0.0 0.0 0.0 0.0 0.0 0.0 0.0 0.0 0.0 0.0 0.0 0.0 0.0 0.0 0.0 0.0 0.0 0.0 0.0 0.0 0.0 0.0 0.0 0.0 0.0 0.0 0.0 0.0 0.0 0.0 0.0 0.0 0.0 0.0 0.0 0.0 0.0 0.0 0.0 0.0 0.0 0.0 0.0 0.0 0.0 0.0 0.0 0.0 0.0 0.0 0.0 0.0 0.0 0.0 0.0 0.0 0.0 0.0 0.0 0.0 0.0 0.0 0.0 0.0 0.0 0.0 0.0 0.0 0.0 0.0 0.0 0.0 0.0 0.0 
