1 1 14878.0
2 1 20565.0
3 1 25866.0
4 2 31205.0
5 2 36548.0
6 4 41722.0
7 4 46834.0
8 8 51936.0
9 6 57001.0
10 11 62146.0
11 8 67171.0
12 7 72101.0
13 9 77265.0
14 11 82310.0
15 15 87207.0
16 19 92263.0
17 24 97358.0
18 32 102355.0
19 31 107452.0
20 42 112529.0
21 39 117362.0
22 66 122223.0
23 54 127075.0
24 64 132091.0
25 74 137133.0
26 71 142282.0
27 75 147173.0
28 78 151969.0
29 79 156840.0
30 80 161898.0
31 71 166882.0
32 88 171840.0
33 102 176802.0
34 128 181847.0
35 142 186799.0
36 153 191661.0
37 171 196678.0
38 186 201592.0
39 192 206308.0
40 180 211197.0
41 178 216061.0
42 202 221134.0
43 234 225948.0
44 297 230717.0
45 294 235558.0
46 322 240392.0
47 334 245247.0
48 358 250064.0
49 392 254916.0
50 387 259747.0
51 387 264598.0
52 377 269514.0
53 386 274368.0
54 425 279207.0
55 458 284096.0
56 476 289105.0
57 507 294012.0
58 592 298755.0
59 604 303520.0
60 637 308512.0
61 637 313313.0
62 697 317929.0
63 754 322706.0
64 728 327532.0
65 726 332421.0
66 715 337124.0
67 719 341872.0
68 778 346801.0
69 787 351611.0
70 817 356493.0
71 848 361344.0
72 981 366056.0
73 976 370693.0
74 1033 375470.0
75 1006 380120.0
76 977 384635.0
77 1054 389509.0
78 1099 394268.0
79 1180 399069.0
80 1199 403619.0
81 1279 408350.0
82 1251 413158.0
83 1258 417978.0
84 1261 422569.0
85 1332 427126.0
86 1420 431665.0
87 1452 436268.0
88 1457 440887.0
89 1529 445248.0
90 1528 449644.0
91 1568 454387.0
92 1592 458838.0
93 1731 463327.0
94 1830 467657.0
95 1890 471971.0
96 1919 476468.0
97 1952 480792.0
98 1921 485262.0
99 1854 489658.0
100 1805 494166.0
101 1897 498827.0
102 2064 503271.0
103 2214 507668.0
104 2248 512201.0
105 2231 516656.0
106 2159 520935.0
107 2133 525535.0
108 2191 529862.0
109 2295 534182.0
110 2420 538340.0
111 2542 542508.0
112 2575 546622.0
113 2584 550904.0
114 2599 554897.0
115 2660 559329.0
116 2629 563408.0
117 2694 567592.0
118 2753 571943.0
119 2915 575960.0
120 3074 579942.0
121 3112 584059.0
122 3083 588146.0
123 2937 592518.0
124 3105 596641.0
125 3258 600650.0
126 3330 604581.0
127 3360 608494.0
128 3440 612607.0
129 3688 616527.0
130 3614 620461.0
131 3542 624581.0
132 3585 628574.0
133 3707 632636.0
134 3846 636273.0
135 4068 640176.0
136 4058 644253.0
137 4106 648037.0
138 4124 651906.0
139 4137 655653.0
140 4432 659469.0
141 4364 663218.0
142 4255 667108.0
143 4426 670940.0
144 4618 674567.0
145 4737 678266.0
146 4760 682165.0
147 4763 685749.0
148 4715 689422.0
149 4644 693276.0
150 4762 697207.0
151 5024 700757.0
152 5173 704555.0
153 5130 707911.0
154 5143 711780.0
155 5102 715116.0
156 5372 718675.0
157 5554 722100.0
158 5615 725659.0
159 5427 729143.0
160 5461 732787.0
161 5660 736049.0
162 5954 739239.0
163 6111 742645.0
164 6095 745953.0
165 5870 749523.0
166 5776 752673.0
167 6165 755957.0
168 6480 759344.0
169 6494 762399.0
170 6495 765767.0
171 6474 769344.0
172 6401 772754.0
173 6446 776075.0
174 6688 779164.0
175 6950 782092.0
176 6948 785198.0
177 6901 788430.0
178 7001 791526.0
179 7274 794539.0
180 7477 797172.0
181 7523 800195.0
182 7338 803006.0
183 7256 806111.0
184 7405 808969.0
185 7769 811993.0
186 8053 814623.0
187 8208 817519.0
188 8042 820402.0
189 8036 823361.0
190 8051 826010.0
191 8446 828748.0
192 8541 831577.0
193 8422 834329.0
194 8629 837141.0
195 8763 839841.0
196 8589 842533.0
197 8506 844968.0
198 9052 847770.0
199 9266 850130.0
200 9420 847365.0
201 9003 840896.0
202 8258 834574.0
203 7880 828607.0
204 7649 822458.0
205 7585 816602.0
206 7281 810394.0
207 7108 804765.0
208 6931 798597.0
209 6927 792783.0
210 6684 786760.0
211 6781 780965.0
212 6699 775105.0
213 6796 769247.0
214 6718 763484.0
215 6666 757536.0
216 6820 751539.0
217 6713 745682.0
218 6431 739844.0
219 6325 734067.0
220 6534 728126.0
221 6883 722270.0
222 6843 716525.0
223 6698 711030.0
224 6475 704980.0
225 6597 699233.0
226 6549 693348.0
227 6441 687502.0
228 6502 681916.0
229 6514 676070.0
230 6543 670482.0
231 6460 664904.0
232 6567 659298.0
233 6573 653697.0
234 6526 647861.0
235 6597 642159.0
236 6621 636526.0
237 6528 631020.0
238 6388 625362.0
239 6503 619978.0
240 6520 614482.0
241 6533 608648.0
242 6626 603059.0
243 6466 597474.0
244 6439 591956.0
245 6398 586589.0
246 6362 581079.0
247 6269 575781.0
248 6235 570253.0
249 6462 564709.0
250 6462 559289.0
251 6330 554007.0
252 6516 548567.0
253 6536 543308.0
254 6376 537868.0
255 6302 532624.0
256 6034 527174.0
257 6077 521874.0
258 6229 516477.0
259 6321 511004.0
260 6242 505712.0
261 6079 500799.0
262 5967 495511.0
263 5961 490350.0
264 5942 485123.0
265 6018 479839.0
266 6133 474809.0
267 5969 469739.0
268 6079 464834.0
269 6006 459846.0
270 5887 454917.0
271 5637 449711.0
272 5878 444515.0
273 6012 439368.0
274 5806 434484.0
275 5536 429610.0
276 5598 424987.0
277 5412 419980.0
278 5543 415030.0
279 5554 410094.0
280 5670 405231.0
281 5898 400127.0
282 6102 395131.0
283 5899 390298.0
284 5811 385374.0
285 5809 380698.0
286 5700 375863.0
287 5564 371092.0
288 5575 366501.0
289 5618 361748.0
290 5510 357122.0
291 5345 352171.0
292 5598 347340.0
293 5713 342414.0
294 5705 337894.0
295 5317 333328.0
296 5175 328970.0
297 5091 324379.0
298 5193 320025.0
299 5264 315277.0
300 5261 310747.0
301 5258 306230.0
302 5109 301981.0
303 4968 297607.0
304 4965 293332.0
305 5127 288965.0
306 5271 284563.0
307 5320 280242.0
308 5135 276024.0
309 4919 271922.0
310 4877 267857.0
311 4893 263894.0
312 4724 259762.0
313 4702 255779.0
314 4628 251801.0
315 4740 247619.0
316 4987 243400.0
317 4987 239281.0
318 4885 235289.0
319 4500 231451.0
320 4382 227800.0
321 4264 224052.0
322 4232 220420.0
323 4248 216499.0
324 4349 212706.0
325 4235 208931.0
326 4164 205337.0
327 4122 201684.0
328 4223 197900.0
329 4157 194391.0
330 4143 190764.0
331 4112 187331.0
332 3976 183895.0
333 3779 180695.0
334 3711 177105.0
335 3845 173967.0
336 3699 170581.0
337 3639 167350.0
338 3552 163914.0
339 3605 160780.0
340 3643 157471.0
341 3695 154129.0
342 3654 151085.0
343 3497 148195.0
344 3357 145257.0
345 3281 142403.0
346 3109 139448.0
347 3107 136575.0
348 3161 133632.0
349 3158 130724.0
350 3263 127793.0
351 3235 125042.0
352 3126 122363.0
353 3127 119665.0
354 3040 117029.0
355 2959 114512.0
356 2928 111836.0
357 2955 109200.0
358 2920 106739.0
359 2869 103962.0
360 2893 101528.0
361 2903 98930.0
362 2865 96641.0
363 2550 94308.0
364 2419 92237.0
365 2272 90025.0
366 2284 87814.0
367 2349 85589.0
368 2277 83578.0
369 2263 81422.0
370 2261 79557.0
371 2331 77532.0
372 2369 75662.0
373 2318 73705.0
374 2288 71837.0
375 2269 69860.0
376 2164 68028.0
377 2096 66238.0
378 2008 64465.0
379 2013 62671.0
380 1987 60893.0
381 1967 59253.0
382 1866 57651.0
383 1737 56200.0
384 1658 54741.0
385 1693 53105.0
386 1677 51525.0
387 1753 50064.0
388 1700 48661.0
389 1593 47358.0
390 1554 45876.0
391 1519 44761.0
392 1348 43500.0
393 1314 42139.0
394 1305 41031.0
395 1325 39760.0
396 1398 38707.0
397 1284 37603.0
398 1249 36583.0
399 1186 35560.0
400 1090 35308.0
401 970 35082.0
402 915 34801.0
403 910 34577.0
404 879 34314.0
405 899 34065.0
406 878 33822.0
407 829 33613.0
408 791 33384.0
409 834 33127.0
410 834 32895.0
411 839 32638.0
412 837 32423.0
413 774 32220.0
414 723 32047.0
415 664 31873.0
416 615 31714.0
417 601 31544.0
418 623 31368.0
419 613 31218.0
420 553 31064.0
421 548 30924.0
422 561 30756.0
423 558 30624.0
424 515 30477.0
425 505 30356.0
426 451 30256.0
427 414 30128.0
428 444 30011.0
429 428 29903.0
430 416 29783.0
431 438 29655.0
432 442 29529.0
433 412 29423.0
434 385 29347.0
435 311 29281.0
436 236 29249.0
437 197 29197.0
438 191 29143.0
439 202 29082.0
440 192 29045.0
441 188 28973.0
442 224 28908.0
443 241 28820.0
444 266 28749.0
445 252 28681.0
446 232 28617.0
447 208 28575.0
448 182 28529.0
449 174 28465.0
450 207 28414.0
451 200 28358.0
452 194 28298.0
453 225 28223.0
454 244 28146.0
455 229 28083.0
456 195 28048.0
457 181 27988.0
458 200 27932.0
459 206 27868.0
460 227 27802.0
461 230 27748.0
462 221 27680.0
463 223 27627.0
464 218 27551.0
465 236 27482.0
466 246 27397.0
467 265 27321.0
468 260 27256.0
469 220 27211.0
470 190 27161.0
471 172 27123.0
472 169 27064.0
473 179 27031.0
474 159 26975.0
475 159 26939.0
476 168 26873.0
477 187 26824.0
478 177 26771.0
479 174 26710.0
480 187 26670.0
481 162 26629.0
482 139 26586.0
483 133 26556.0
484 119 26529.0
485 112 26498.0
486 119 26464.0
487 120 26433.0
488 105 26399.0
489 120 26365.0
490 146 26306.0
491 179 26246.0
492 181 26206.0
493 150 26173.0
494 116 26152.0
495 100 26127.0
496 92 26109.0
497 77 26079.0
498 93 26060.0
499 96 26019.0
500 123 25981.0
501 142 25929.0
502 151 25885.0
503 154 25854.0
504 139 25803.0
505 124 25786.0
506 106 25756.0
507 106 25724.0
508 123 25686.0
509 133 25645.0
510 124 25603.0
511 137 25572.0
512 110 25560.0
513 84 25531.0
514 91 25512.0
515 92 25483.0
516 97 25454.0
517 93 25434.0
518 75 25419.0
519 59 25408.0
520 46 25402.0
521 41 25392.0
522 44 25373.0
523 65 25353.0
524 68 25329.0
525 71 25307.0
526 82 25278.0
527 100 25242.0
528 103 25221.0
529 85 25206.0
530 76 25181.0
531 89 25158.0
532 91 25118.0
533 97 25100.0
534 75 25089.0
535 69 25065.0
536 71 25048.0
537 74 25012.0
538 85 24989.0
539 86 24961.0
540 88 24938.0
541 77 24918.0
542 79 24904.0
543 66 24890.0
544 55 24876.0
545 51 24859.0
546 67 24838.0
547 75 24805.0
548 95 24777.0
549 106 24736.0
550 127 24691.0
551 136 24666.0
552 120 24619.0
553 125 24592.0
554 110 24560.0
555 88 24541.0
556 103 24516.0
557 113 24468.0
558 134 24434.0
559 123 24393.0
560 126 24367.0
561 111 24339.0
562 111 24304.0
563 117 24264.0
564 128 24231.0
565 124 24194.0
566 132 24155.0
567 154 24099.0
568 159 24051.0
569 146 24020.0
570 115 23985.0
571 104 23970.0
572 81 23949.0
573 60 23944.0
574 39 23933.0
575 34 23929.0
576 31 23921.0
577 32 23910.0
578 37 23902.0
579 33 23890.0
580 27 23885.0
581 26 23878.0
582 28 23867.0
583 39 23853.0
584 52 23830.0
585 65 23807.0
586 66 23798.0
587 47 23786.0
588 34 23785.0
589 18 23783.0
590 14 23781.0
591 11 23780.0
592 7 23777.0
593 7 23776.0
594 10 23772.0
595 8 23771.0
596 7 23768.0
597 9 23766.0
598 11 23759.0
599 18 23755.0
600 22 23741.0
601 35 23735.0
602 30 23720.0
603 20 23720.0
604 13 23716.0
605 11 23715.0
606 10 23712.0
607 13 23708.0
608 17 23699.0
609 23 23694.0
610 18 23686.0
611 14 23683.0
612 15 23682.0
613 12 23673.0
614 20 23671.0
615 19 23657.0
616 29 23654.0
617 26 23644.0
618 17 23644.0
619 18 23640.0
620 16 23640.0
621 12 23633.0
622 9 23633.0
623 6 23632.0
624 3 23631.0
625 2 23631.0
626 1 23631.0
627 1 23631.0
628 1 23630.0
629 2 23630.0
630 2 23628.0
631 4 23628.0
632 4 23624.0
633 8 23624.0
634 7 23617.0
635 7 23617.0
636 4 23616.0
637 2 23616.0
638 1 23615.0
639 2 23615.0
640 2 23613.0
641 4 23613.0
642 4 23609.0
643 8 23609.0
644 8 23601.0
645 16 23601.0
646 12 23595.0
647 9 23594.0
648 6 23594.0
649 4 23592.0
650 2 23592.0
651 2 23592.0
652 2 23590.0
653 4 23590.0
654 4 23586.0
655 8 23586.0
656 8 23578.0
657 16 23578.0
658 16 23562.0
659 32 23562.0
660 24 23557.0
661 18 23550.0
662 20 23547.0
663 20 23536.0
664 28 23530.0
665 29 23517.0
666 29 23513.0
667 18 23513.0
668 10 23512.0
669 6 23512.0
670 4 23511.0
671 2 23511.0
672 1 23511.0
673 1 23511.0
674 1 23510.0
675 2 23510.0
676 2 23508.0
677 4 23508.0
678 4 23504.0
679 8 23504.0
680 8 23496.0
681 16 23496.0
682 12 23495.0
683 7 23493.0
684 4 23492.0
685 6 23492.0
686 6 23486.0
687 12 23486.0
688 12 23474.0
689 24 23474.0
690 18 23471.0
691 11 23469.0
692 9 23466.0
693 10 23464.0
694 8 23463.0
695 5 23463.0
696 3 23462.0
697 2 23461.0
698 1 23461.0
699 2 23461.0
700 2 23459.0
701 4 23459.0
702 4 23455.0
703 8 23455.0
704 7 23448.0
705 7 23448.0
706 4 23446.0
707 3 23446.0
708 1 23446.0
709 0 23446.0
710 0 23446.0
711 0 23446.0
712 0 23446.0
713 0 23446.0
714 0 23446.0
715 0 23446.0
716 0 23446.0
717 0 23446.0
718 0 23446.0
719 0 23446.0
720 0 23446.0
721 0 23446.0
722 0 23446.0
723 0 23446.0
724 0 23446.0
725 0 23446.0
726 0 23446.0
727 0 23446.0
728 0 23446.0
729 0 23446.0
730 0 23446.0
731 0 23446.0
732 0 23446.0
733 0 23446.0
734 0 23446.0
735 0 23446.0
736 0 23446.0
737 0 23446.0
738 0 23446.0
739 0 23446.0
740 0 23446.0
741 0 23446.0
742 0 23446.0
743 0 23446.0
744 0 23446.0
745 0 23446.0
746 0 23446.0
747 0 23446.0
748 0 23446.0
749 0 23446.0
750 0 23446.0
751 0 23446.0
752 0 23446.0
753 0 23446.0
754 0 23446.0
755 0 23446.0
756 0 23446.0
757 0 23446.0
758 0 23446.0
759 0 23446.0
760 0 23446.0
761 0 23446.0
762 0 23446.0
763 0 23446.0
764 0 23446.0
765 0 23446.0
766 0 23446.0
767 0 23446.0
768 0 23446.0
769 0 23446.0
770 0 23446.0
771 0 23446.0
772 0 23446.0
773 0 23446.0
774 0 23446.0
775 0 23446.0
776 0 23446.0
777 0 23446.0
778 0 23446.0
779 0 23446.0
780 0 23446.0
781 0 23446.0
782 0 23446.0
783 0 23446.0
784 0 23446.0
785 0 23446.0
786 0 23446.0
787 0 23446.0
788 0 23446.0
789 0 23446.0
790 0 23446.0
791 0 23446.0
792 0 23446.0
793 0 23446.0
794 0 23446.0
795 0 23446.0
796 0 23446.0
797 0 23446.0
798 0 23446.0
799 0 23446.0
800 0 23446.0
801 0 23446.0
802 0 23446.0
803 0 23446.0
804 0 23446.0
805 0 23446.0
806 0 23446.0
807 0 23446.0
808 0 23446.0
809 0 23446.0
810 0 23446.0
811 0 23446.0
812 0 23446.0
813 0 23446.0
814 0 23446.0
815 0 23446.0
816 0 23446.0
817 0 23446.0
818 0 23446.0
819 0 23446.0
820 0 23446.0
821 0 23446.0
822 0 23446.0
823 0 23446.0
824 0 23446.0
825 0 23446.0
826 0 23446.0
827 0 23446.0
828 0 23446.0
829 0 23446.0
830 0 23446.0
831 0 23446.0
832 0 23446.0
833 0 23446.0
834 0 23446.0
835 0 23446.0
836 0 23446.0
837 0 23446.0
838 0 23446.0
839 0 23446.0
840 0 23446.0
841 0 23446.0
842 0 23446.0
843 0 23446.0
844 0 23446.0
845 0 23446.0
846 0 23446.0
847 0 23446.0
848 0 23446.0
849 0 23446.0
850 0 23446.0
851 0 23446.0
852 0 23446.0
853 0 23446.0
854 0 23446.0
855 0 23446.0
856 0 23446.0
857 0 23446.0
858 0 23446.0
859 0 23446.0
860 0 23446.0
861 0 23446.0
862 0 23446.0
863 0 23446.0
864 0 23446.0
865 0 23446.0
866 0 23446.0
867 0 23446.0
868 0 23446.0
869 0 23446.0
870 0 23446.0
871 0 23446.0
872 0 23446.0
873 0 23446.0
874 0 23446.0
875 0 23446.0
876 0 23446.0
877 0 23446.0
878 0 23446.0
879 0 23446.0
880 0 23446.0
881 0 23446.0
882 0 23446.0
883 0 23446.0
884 0 23446.0
885 0 23446.0
886 0 23446.0
887 0 23446.0
888 0 23446.0
889 0 23446.0
890 0 23446.0
891 0 23446.0
892 0 23446.0
893 0 23446.0
894 0 23446.0
895 0 23446.0
896 0 23446.0
897 0 23446.0
898 0 23446.0
899 0 23446.0
900 0 23446.0
901 0 23446.0
902 0 23446.0
903 0 23446.0
904 0 23446.0
905 0 23446.0
906 0 23446.0
907 0 23446.0
908 0 23446.0
909 0 23446.0
910 0 23446.0
911 0 23446.0
912 0 23446.0
913 0 23446.0
914 0 23446.0
915 0 23446.0
916 0 23446.0
917 0 23446.0
918 0 23446.0
919 0 23446.0
920 0 23446.0
921 0 23446.0
922 0 23446.0
923 0 23446.0
924 0 23446.0
925 0 23446.0
926 0 23446.0
927 0 23446.0
928 0 23446.0
929 0 23446.0
930 0 23446.0
931 0 23446.0
932 0 23446.0
933 0 23446.0
934 0 23446.0
935 0 23446.0
936 0 23446.0
937 0 23446.0
938 0 23446.0
939 0 23446.0
940 0 23446.0
941 0 23446.0
942 0 23446.0
943 0 23446.0
944 0 23446.0
945 0 23446.0
946 0 23446.0
947 0 23446.0
948 0 23446.0
949 0 23446.0
950 0 23446.0
951 0 23446.0
952 0 23446.0
953 0 23446.0
954 0 23446.0
955 0 23446.0
956 0 23446.0
957 0 23446.0
958 0 23446.0
959 0 23446.0
960 0 23446.0
961 0 23446.0
962 0 23446.0
963 0 23446.0
964 0 23446.0
965 0 23446.0
966 0 23446.0
967 0 23446.0
968 0 23446.0
969 0 23446.0
970 0 23446.0
971 0 23446.0
972 0 23446.0
973 0 23446.0
974 0 23446.0
975 0 23446.0
976 0 23446.0
977 0 23446.0
978 0 23446.0
979 0 23446.0
980 0 23446.0
981 0 23446.0
982 0 23446.0
983 0 23446.0
984 0 23446.0
985 0 23446.0
986 0 23446.0
987 0 23446.0
988 0 23446.0
989 0 23446.0
990 0 23446.0
991 0 23446.0
992 0 23446.0
993 0 23446.0
994 0 23446.0
995 0 23446.0
996 0 23446.0
997 0 23446.0
998 0 23446.0
999 0 23446.0
1000 0 23446.0
