1 1 14955.0
2 2 20421.0
3 1 25910.0
4 2 31326.0
5 2 36512.0
6 4 41845.0
7 3 47061.0
8 2 52312.0
9 2 57461.0
10 4 62513.0
11 4 67526.0
12 6 72634.0
13 6 77668.0
14 12 82810.0
15 10 87716.0
16 15 92645.0
17 10 97872.0
18 11 102693.0
19 11 107482.0
20 16 112685.0
21 18 117733.0
22 32 122642.0
23 30 127605.0
24 30 132602.0
25 30 137669.0
26 45 142770.0
27 47 147938.0
28 62 152813.0
29 73 157707.0
30 74 162658.0
31 70 167810.0
32 73 172693.0
33 73 177491.0
34 86 182490.0
35 89 187592.0
36 109 192491.0
37 120 197324.0
38 124 202354.0
39 134 207157.0
40 163 212169.0
41 189 217111.0
42 196 222072.0
43 188 227002.0
44 220 232045.0
45 229 236995.0
46 252 241773.0
47 252 246577.0
48 299 251429.0
49 315 256508.0
50 294 261586.0
51 298 266352.0
52 293 271326.0
53 312 276220.0
54 341 281133.0
55 364 285854.0
56 360 290545.0
57 378 295422.0
58 415 300211.0
59 437 305121.0
60 527 310253.0
61 537 315182.0
62 544 319999.0
63 591 324941.0
64 609 329698.0
65 648 334553.0
66 703 339413.0
67 677 344195.0
68 719 349042.0
69 721 353914.0
70 722 358626.0
71 763 363422.0
72 806 368255.0
73 838 372809.0
74 942 377496.0
75 1006 382294.0
76 951 387067.0
77 948 391820.0
78 895 396492.0
79 954 401140.0
80 1013 405927.0
81 1019 410550.0
82 1080 415326.0
83 1102 420071.0
84 1137 424782.0
85 1168 429503.0
86 1209 434172.0
87 1241 438850.0
88 1314 443596.0
89 1305 448333.0
90 1351 452969.0
91 1398 457636.0
92 1434 462159.0
93 1515 466756.0
94 1581 471306.0
95 1653 475940.0
96 1681 480483.0
97 1652 484855.0
98 1734 489267.0
99 1780 493670.0
100 1901 498245.0
101 1893 502668.0
102 1911 507286.0
103 1917 511719.0
104 1913 516136.0
105 1894 520587.0
106 1961 525201.0
107 2049 529660.0
108 2164 534039.0
109 2216 538435.0
110 2241 542874.0
111 2221 547121.0
112 2227 551565.0
113 2254 555839.0
114 2425 560097.0
115 2621 564467.0
116 2703 568560.0
117 2776 572682.0
118 2828 577026.0
119 2835 581356.0
120 2941 585591.0
121 3009 589703.0
122 3027 593845.0
123 3114 598190.0
124 2979 602191.0
125 3068 606140.0
126 3226 610364.0
127 3205 614573.0
128 3210 618707.0
129 3362 622440.0
130 3394 626614.0
131 3492 630519.0
132 3590 634626.0
133 3618 638227.0
134 3778 642169.0
135 3718 646333.0
136 3753 650622.0
137 3819 654434.0
138 4047 658498.0
139 3991 662522.0
140 4068 666316.0
141 4173 670341.0
142 4102 674293.0
143 4146 678377.0
144 4256 682222.0
145 4483 685979.0
146 4581 689656.0
147 4735 693250.0
148 4719 696997.0
149 4593 700760.0
150 4770 704254.0
151 4987 707693.0
152 5117 711296.0
153 5118 714809.0
154 5094 718310.0
155 5093 721819.0
156 5121 725467.0
157 5184 728938.0
158 5288 732375.0
159 5464 736050.0
160 5392 739578.0
161 5177 743213.0
162 5421 746557.0
163 5823 749946.0
164 5986 753422.0
165 5992 756674.0
166 5936 760277.0
167 5774 763742.0
168 5964 767310.0
169 6009 770761.0
170 6136 774246.0
171 6217 777449.0
172 6464 780807.0
173 6334 783869.0
174 6579 787248.0
175 6658 790529.0
176 6773 793867.0
177 6819 797027.0
178 6911 799975.0
179 6919 803377.0
180 6934 806304.0
181 7141 809405.0
182 7168 812629.0
183 7267 815603.0
184 7442 818745.0
185 7358 821584.0
186 7472 824383.0
187 7394 827498.0
188 7370 830324.0
189 7645 833206.0
190 7893 835861.0
191 8037 838741.0
192 8407 841236.0
193 8278 844150.0
194 8009 846874.0
195 8466 849769.0
196 8322 852377.0
197 8488 855066.0
198 8582 857515.0
199 8911 860125.0
200 8932 857428.0
201 8707 850668.0
202 8250 844306.0
203 7877 838235.0
204 7428 832423.0
205 7007 826548.0
206 7010 820515.0
207 6968 814556.0
208 6886 808594.0
209 6906 802457.0
210 7031 796434.0
211 6815 790569.0
212 6750 784835.0
213 6480 779090.0
214 6376 773110.0
215 6601 767205.0
216 6494 761332.0
217 6573 755453.0
218 6530 749576.0
219 6447 743672.0
220 6285 738156.0
221 6324 732133.0
222 6545 726311.0
223 6596 720305.0
224 6582 714708.0
225 6444 709072.0
226 6477 703425.0
227 6483 697735.0
228 6553 691959.0
229 6432 686091.0
230 6598 680334.0
231 6669 674992.0
232 6702 668992.0
233 6512 663327.0
234 6329 657800.0
235 6404 652174.0
236 6383 646778.0
237 6040 641145.0
238 6320 635542.0
239 6370 629614.0
240 6567 623966.0
241 6406 618228.0
242 6466 612905.0
243 6214 607158.0
244 6217 601644.0
245 6231 596050.0
246 6231 590465.0
247 6152 585199.0
248 6067 579720.0
249 6248 574142.0
250 6577 568538.0
251 6494 563039.0
252 6354 557441.0
253 6461 552034.0
254 6340 546615.0
255 6280 541323.0
256 6293 535788.0
257 6245 530370.0
258 6057 525114.0
259 5971 520010.0
260 6092 514549.0
261 6293 509270.0
262 6225 503933.0
263 5945 498790.0
264 5706 493759.0
265 5510 488729.0
266 5581 483777.0
267 5683 478615.0
268 5636 473678.0
269 5590 468700.0
270 5669 463526.0
271 5844 458217.0
272 5920 453065.0
273 5876 448024.0
274 5844 442970.0
275 5873 437817.0
276 5845 432584.0
277 5896 427451.0
278 5859 422664.0
279 5699 417727.0
280 5496 412921.0
281 5448 407862.0
282 5533 403144.0
283 5714 398175.0
284 5861 393275.0
285 5684 388440.0
286 5649 383611.0
287 5603 378674.0
288 5464 374039.0
289 5544 369319.0
290 5601 364545.0
291 5493 359871.0
292 5360 355207.0
293 5395 350427.0
294 5364 345666.0
295 5327 341232.0
296 5198 336684.0
297 5302 332166.0
298 5276 327717.0
299 5309 323191.0
300 5417 318479.0
301 5412 313972.0
302 5386 309527.0
303 5344 305117.0
304 5188 300826.0
305 4982 296420.0
306 4856 292238.0
307 4904 287832.0
308 5029 283496.0
309 5133 279057.0
310 5117 274911.0
311 4938 270504.0
312 5025 266265.0
313 5007 262117.0
314 4923 257985.0
315 4716 253959.0
316 4793 249910.0
317 4756 245718.0
318 4713 241717.0
319 4587 237604.0
320 4586 233618.0
321 4790 229487.0
322 4920 225536.0
323 4724 221762.0
324 4300 218028.0
325 4035 214361.0
326 3975 210576.0
327 4212 207049.0
328 4239 203090.0
329 4455 199344.0
330 4336 195568.0
331 4282 191989.0
332 4168 188362.0
333 4123 184836.0
334 4047 181297.0
335 3983 177923.0
336 3897 174469.0
337 3983 170962.0
338 3860 167538.0
339 3785 164286.0
340 3757 161085.0
341 3617 157736.0
342 3724 154363.0
343 3737 151142.0
344 3629 147907.0
345 3648 144699.0
346 3549 141581.0
347 3360 138762.0
348 3041 135978.0
349 2930 133117.0
350 2896 130390.0
351 2926 127690.0
352 3019 124893.0
353 3076 122137.0
354 3081 119198.0
355 2933 116515.0
356 2838 113883.0
357 2733 111252.0
358 2644 108621.0
359 2572 106310.0
360 2632 103919.0
361 2647 101358.0
362 2613 98903.0
363 2501 96719.0
364 2390 94300.0
365 2351 92136.0
366 2348 89999.0
367 2373 87732.0
368 2466 85534.0
369 2523 83339.0
370 2478 81056.0
371 2403 79007.0
372 2294 77075.0
373 2203 75095.0
374 2124 73173.0
375 1968 71518.0
376 1867 69622.0
377 1851 67887.0
378 1774 66090.0
379 1752 64326.0
380 1645 62711.0
381 1627 60916.0
382 1577 59351.0
383 1563 57882.0
384 1532 56395.0
385 1505 55082.0
386 1496 53675.0
387 1403 52363.0
388 1416 51001.0
389 1412 49558.0
390 1441 48193.0
391 1388 46811.0
392 1376 45541.0
393 1231 44288.0
394 1204 43048.0
395 1171 41869.0
396 1167 40701.0
397 1135 39559.0
398 1115 38578.0
399 1073 37513.0
400 1015 37195.0
401 945 36982.0
402 837 36746.0
403 819 36544.0
404 775 36317.0
405 791 36091.0
406 812 35813.0
407 816 35624.0
408 745 35404.0
409 710 35233.0
410 682 35025.0
411 720 34814.0
412 738 34586.0
413 724 34407.0
414 731 34166.0
415 800 33922.0
416 802 33709.0
417 723 33551.0
418 635 33386.0
419 638 33219.0
420 593 33085.0
421 518 32949.0
422 492 32818.0
423 542 32645.0
424 530 32518.0
425 465 32378.0
426 453 32286.0
427 408 32160.0
428 410 32063.0
429 375 31958.0
430 359 31875.0
431 351 31762.0
432 357 31674.0
433 358 31544.0
434 380 31458.0
435 384 31320.0
436 448 31188.0
437 473 31023.0
438 495 30886.0
439 505 30737.0
440 552 30560.0
441 523 30438.0
442 443 30318.0
443 398 30254.0
444 348 30152.0
445 361 30051.0
446 385 29935.0
447 359 29849.0
448 325 29767.0
449 299 29686.0
450 314 29593.0
451 312 29512.0
452 289 29423.0
453 314 29333.0
454 355 29203.0
455 407 29078.0
456 386 28984.0
457 315 28923.0
458 277 28865.0
459 233 28797.0
460 226 28742.0
461 233 28669.0
462 222 28627.0
463 189 28558.0
464 206 28516.0
465 202 28457.0
466 200 28395.0
467 215 28321.0
468 236 28265.0
469 229 28192.0
470 213 28145.0
471 196 28097.0
472 189 28044.0
473 194 27990.0
474 195 27927.0
475 211 27874.0
476 197 27806.0
477 195 27760.0
478 173 27716.0
479 151 27681.0
480 145 27637.0
481 177 27583.0
482 192 27526.0
483 203 27470.0
484 183 27422.0
485 166 27387.0
486 155 27335.0
487 156 27299.0
488 158 27247.0
489 163 27200.0
490 150 27166.0
491 157 27113.0
492 167 27059.0
493 180 27013.0
494 170 26962.0
495 170 26930.0
496 138 26897.0
497 123 26874.0
498 110 26836.0
499 113 26819.0
500 102 26774.0
501 136 26741.0
502 142 26686.0
503 148 26638.0
504 169 26588.0
505 156 26556.0
506 123 26525.0
507 112 26501.0
508 108 26467.0
509 126 26430.0
510 130 26384.0
511 134 26360.0
512 118 26307.0
513 140 26281.0
514 150 26207.0
515 167 26183.0
516 136 26128.0
517 146 26101.0
518 129 26067.0
519 114 26045.0
520 92 26023.0
521 90 25991.0
522 104 25961.0
523 116 25921.0
524 131 25888.0
525 110 25862.0
526 80 25845.0
527 64 25832.0
528 61 25815.0
529 70 25791.0
530 93 25751.0
531 115 25725.0
532 110 25685.0
533 125 25641.0
534 151 25608.0
535 135 25562.0
536 146 25522.0
537 157 25469.0
538 145 25445.0
539 106 25424.0
540 86 25408.0
541 82 25380.0
542 104 25346.0
543 126 25301.0
544 141 25249.0
545 133 25233.0
546 109 25193.0
547 99 25177.0
548 85 25151.0
549 84 25137.0
550 78 25108.0
551 81 25088.0
552 69 25078.0
553 53 25067.0
554 43 25058.0
555 42 25044.0
556 45 25032.0
557 44 25013.0
558 51 25007.0
559 49 24982.0
560 51 24974.0
561 52 24945.0
562 76 24927.0
563 70 24909.0
564 57 24890.0
565 48 24883.0
566 40 24871.0
567 40 24862.0
568 39 24847.0
569 40 24834.0
570 46 24819.0
571 53 24805.0
572 41 24796.0
573 37 24787.0
574 35 24776.0
575 32 24767.0
576 31 24759.0
577 37 24745.0
578 46 24726.0
579 67 24702.0
580 87 24667.0
581 83 24650.0
582 61 24635.0
583 58 24626.0
584 52 24607.0
585 57 24598.0
586 54 24580.0
587 44 24574.0
588 30 24567.0
589 28 24557.0
590 31 24550.0
591 38 24530.0
592 55 24516.0
593 57 24493.0
594 56 24480.0
595 49 24463.0
596 50 24457.0
597 39 24442.0
598 43 24435.0
599 41 24418.0
600 51 24406.0
601 48 24395.0
602 38 24378.0
603 47 24368.0
604 45 24352.0
605 41 24344.0
606 35 24333.0
607 33 24327.0
608 25 24321.0
609 20 24315.0
610 21 24311.0
611 19 24306.0
612 14 24305.0
613 11 24300.0
614 10 24299.0
615 9 24294.0
616 9 24293.0
617 6 24292.0
618 4 24291.0
619 2 24291.0
620 1 24291.0
621 1 24291.0
622 0 24291.0
623 0 24291.0
624 0 24291.0
625 0 24291.0
626 0 24291.0
627 0 24291.0
628 0 24291.0
629 0 24291.0
630 0 24291.0
631 0 24291.0
632 0 24291.0
633 0 24291.0
634 0 24291.0
635 0 24291.0
636 0 24291.0
637 0 24291.0
638 0 24291.0
639 0 24291.0
640 0 24291.0
641 0 24291.0
642 0 24291.0
643 0 24291.0
644 0 24291.0
645 0 24291.0
646 0 24291.0
647 0 24291.0
648 0 24291.0
649 0 24291.0
650 0 24291.0
651 0 24291.0
652 0 24291.0
653 0 24291.0
654 0 24291.0
655 0 24291.0
656 0 24291.0
657 0 24291.0
658 0 24291.0
659 0 24291.0
660 0 24291.0
661 0 24291.0
662 0 24291.0
663 0 24291.0
664 0 24291.0
665 0 24291.0
666 0 24291.0
667 0 24291.0
668 0 24291.0
669 0 24291.0
670 0 24291.0
671 0 24291.0
672 0 24291.0
673 0 24291.0
674 0 24291.0
675 0 24291.0
676 0 24291.0
677 0 24291.0
678 0 24291.0
679 0 24291.0
680 0 24291.0
681 0 24291.0
682 0 24291.0
683 0 24291.0
684 0 24291.0
685 0 24291.0
686 0 24291.0
687 0 24291.0
688 0 24291.0
689 0 24291.0
690 0 24291.0
691 0 24291.0
692 0 24291.0
693 0 24291.0
694 0 24291.0
695 0 24291.0
696 0 24291.0
697 0 24291.0
698 0 24291.0
699 0 24291.0
700 0 24291.0
701 0 24291.0
702 0 24291.0
703 0 24291.0
704 0 24291.0
705 0 24291.0
706 0 24291.0
707 0 24291.0
708 0 24291.0
709 0 24291.0
710 0 24291.0
711 0 24291.0
712 0 24291.0
713 0 24291.0
714 0 24291.0
715 0 24291.0
716 0 24291.0
717 0 24291.0
718 0 24291.0
719 0 24291.0
720 0 24291.0
721 0 24291.0
722 0 24291.0
723 0 24291.0
724 0 24291.0
725 0 24291.0
726 0 24291.0
727 0 24291.0
728 0 24291.0
729 0 24291.0
730 0 24291.0
731 0 24291.0
732 0 24291.0
733 0 24291.0
734 0 24291.0
735 0 24291.0
736 0 24291.0
737 0 24291.0
738 0 24291.0
739 0 24291.0
740 0 24291.0
741 0 24291.0
742 0 24291.0
743 0 24291.0
744 0 24291.0
745 0 24291.0
746 0 24291.0
747 0 24291.0
748 0 24291.0
749 0 24291.0
750 0 24291.0
751 0 24291.0
752 0 24291.0
753 0 24291.0
754 0 24291.0
755 0 24291.0
756 0 24291.0
757 0 24291.0
758 0 24291.0
759 0 24291.0
760 0 24291.0
761 0 24291.0
762 0 24291.0
763 0 24291.0
764 0 24291.0
765 0 24291.0
766 0 24291.0
767 0 24291.0
768 0 24291.0
769 0 24291.0
770 0 24291.0
771 0 24291.0
772 0 24291.0
773 0 24291.0
774 0 24291.0
775 0 24291.0
776 0 24291.0
777 0 24291.0
778 0 24291.0
779 0 24291.0
780 0 24291.0
781 0 24291.0
782 0 24291.0
783 0 24291.0
784 0 24291.0
785 0 24291.0
786 0 24291.0
787 0 24291.0
788 0 24291.0
789 0 24291.0
790 0 24291.0
791 0 24291.0
792 0 24291.0
793 0 24291.0
794 0 24291.0
795 0 24291.0
796 0 24291.0
797 0 24291.0
798 0 24291.0
799 0 24291.0
800 0 24291.0
801 0 24291.0
802 0 24291.0
803 0 24291.0
804 0 24291.0
805 0 24291.0
806 0 24291.0
807 0 24291.0
808 0 24291.0
809 0 24291.0
810 0 24291.0
811 0 24291.0
812 0 24291.0
813 0 24291.0
814 0 24291.0
815 0 24291.0
816 0 24291.0
817 0 24291.0
818 0 24291.0
819 0 24291.0
820 0 24291.0
821 0 24291.0
822 0 24291.0
823 0 24291.0
824 0 24291.0
825 0 24291.0
826 0 24291.0
827 0 24291.0
828 0 24291.0
829 0 24291.0
830 0 24291.0
831 0 24291.0
832 0 24291.0
833 0 24291.0
834 0 24291.0
835 0 24291.0
836 0 24291.0
837 0 24291.0
838 0 24291.0
839 0 24291.0
840 0 24291.0
841 0 24291.0
842 0 24291.0
843 0 24291.0
844 0 24291.0
845 0 24291.0
846 0 24291.0
847 0 24291.0
848 0 24291.0
849 0 24291.0
850 0 24291.0
851 0 24291.0
852 0 24291.0
853 0 24291.0
854 0 24291.0
855 0 24291.0
856 0 24291.0
857 0 24291.0
858 0 24291.0
859 0 24291.0
860 0 24291.0
861 0 24291.0
862 0 24291.0
863 0 24291.0
864 0 24291.0
865 0 24291.0
866 0 24291.0
867 0 24291.0
868 0 24291.0
869 0 24291.0
870 0 24291.0
871 0 24291.0
872 0 24291.0
873 0 24291.0
874 0 24291.0
875 0 24291.0
876 0 24291.0
877 0 24291.0
878 0 24291.0
879 0 24291.0
880 0 24291.0
881 0 24291.0
882 0 24291.0
883 0 24291.0
884 0 24291.0
885 0 24291.0
886 0 24291.0
887 0 24291.0
888 0 24291.0
889 0 24291.0
890 0 24291.0
891 0 24291.0
892 0 24291.0
893 0 24291.0
894 0 24291.0
895 0 24291.0
896 0 24291.0
897 0 24291.0
898 0 24291.0
899 0 24291.0
900 0 24291.0
901 0 24291.0
902 0 24291.0
903 0 24291.0
904 0 24291.0
905 0 24291.0
906 0 24291.0
907 0 24291.0
908 0 24291.0
909 0 24291.0
910 0 24291.0
911 0 24291.0
912 0 24291.0
913 0 24291.0
914 0 24291.0
915 0 24291.0
916 0 24291.0
917 0 24291.0
918 0 24291.0
919 0 24291.0
920 0 24291.0
921 0 24291.0
922 0 24291.0
923 0 24291.0
924 0 24291.0
925 0 24291.0
926 0 24291.0
927 0 24291.0
928 0 24291.0
929 0 24291.0
930 0 24291.0
931 0 24291.0
932 0 24291.0
933 0 24291.0
934 0 24291.0
935 0 24291.0
936 0 24291.0
937 0 24291.0
938 0 24291.0
939 0 24291.0
940 0 24291.0
941 0 24291.0
942 0 24291.0
943 0 24291.0
944 0 24291.0
945 0 24291.0
946 0 24291.0
947 0 24291.0
948 0 24291.0
949 0 24291.0
950 0 24291.0
951 0 24291.0
952 0 24291.0
953 0 24291.0
954 0 24291.0
955 0 24291.0
956 0 24291.0
957 0 24291.0
958 0 24291.0
959 0 24291.0
960 0 24291.0
961 0 24291.0
962 0 24291.0
963 0 24291.0
964 0 24291.0
965 0 24291.0
966 0 24291.0
967 0 24291.0
968 0 24291.0
969 0 24291.0
970 0 24291.0
971 0 24291.0
972 0 24291.0
973 0 24291.0
974 0 24291.0
975 0 24291.0
976 0 24291.0
977 0 24291.0
978 0 24291.0
979 0 24291.0
980 0 24291.0
981 0 24291.0
982 0 24291.0
983 0 24291.0
984 0 24291.0
985 0 24291.0
986 0 24291.0
987 0 24291.0
988 0 24291.0
989 0 24291.0
990 0 24291.0
991 0 24291.0
992 0 24291.0
993 0 24291.0
994 0 24291.0
995 0 24291.0
996 0 24291.0
997 0 24291.0
998 0 24291.0
999 0 24291.0
1000 0 24291.0
