1 1 14940.0
2 2 20497.0
3 1 25961.0
4 2 31287.0
5 1 36524.0
6 1 41846.0
7 1 46967.0
8 2 52143.0
9 2 57362.0
10 4 62393.0
11 3 67520.0
12 2 72553.0
13 3 77685.0
14 4 82734.0
15 6 87663.0
16 7 92582.0
17 8 97708.0
18 12 102659.0
19 10 107509.0
20 17 112559.0
21 13 117606.0
22 15 122421.0
23 20 127435.0
24 27 132399.0
25 36 137444.0
26 33 142407.0
27 51 147293.0
28 59 152555.0
29 60 157469.0
30 67 162495.0
31 84 167443.0
32 100 172443.0
33 105 177561.0
34 98 182342.0
35 106 187299.0
36 97 192374.0
37 120 197507.0
38 124 202295.0
39 131 207132.0
40 128 212101.0
41 166 217150.0
42 166 222134.0
43 204 226892.0
44 237 231762.0
45 241 236717.0
46 256 241930.0
47 261 247107.0
48 293 252101.0
49 286 257067.0
50 309 261794.0
51 304 266775.0
52 337 271722.0
53 347 276804.0
54 383 281592.0
55 376 286395.0
56 385 291247.0
57 437 296249.0
58 473 301254.0
59 505 306116.0
60 493 310930.0
61 547 315822.0
62 558 320812.0
63 609 325625.0
64 632 330445.0
65 673 335217.0
66 725 339900.0
67 742 344871.0
68 705 349838.0
69 685 354878.0
70 695 359530.0
71 789 364276.0
72 789 369025.0
73 767 373855.0
74 789 378634.0
75 838 383523.0
76 893 388347.0
77 946 392905.0
78 976 397598.0
79 966 402486.0
80 981 407306.0
81 990 412001.0
82 1096 416461.0
83 1143 420951.0
84 1227 425575.0
85 1209 430279.0
86 1231 434961.0
87 1174 439460.0
88 1225 444116.0
89 1255 448604.0
90 1335 453426.0
91 1370 457945.0
92 1421 462604.0
93 1472 467198.0
94 1558 471731.0
95 1735 476354.0
96 1797 480756.0
97 1746 485167.0
98 1779 489674.0
99 1747 494268.0
100 1781 498736.0
101 1859 503231.0
102 1882 507623.0
103 1923 512141.0
104 1880 516560.0
105 1956 521103.0
106 1918 525673.0
107 1946 530315.0
108 1966 534692.0
109 2121 539167.0
110 2181 543153.0
111 2389 547511.0
112 2416 551797.0
113 2394 556045.0
114 2536 560356.0
115 2560 564547.0
116 2438 568897.0
117 2558 573264.0
118 2744 577282.0
119 2854 581402.0
120 2858 585461.0
121 2964 589804.0
122 2931 593998.0
123 3012 598119.0
124 3046 602152.0
125 3244 606166.0
126 3278 610298.0
127 3150 614387.0
128 3153 618503.0
129 3236 622631.0
130 3361 626631.0
131 3367 630816.0
132 3434 635050.0
133 3387 639180.0
134 3377 643309.0
135 3440 647295.0
136 3732 651483.0
137 3800 655383.0
138 3941 659304.0
139 3907 663211.0
140 3744 667181.0
141 3849 670980.0
142 3941 674920.0
143 3989 678883.0
144 4186 682657.0
145 4284 686438.0
146 4398 690086.0
147 4470 693974.0
148 4564 697744.0
149 4517 701590.0
150 4334 705506.0
151 4654 709242.0
152 4816 712888.0
153 4979 716537.0
154 4970 720277.0
155 4998 723853.0
156 5041 727556.0
157 5112 731096.0
158 5207 734563.0
159 5279 738103.0
160 5311 741781.0
161 5383 745338.0
162 5508 748687.0
163 5581 752102.0
164 5750 755774.0
165 5814 759223.0
166 5768 762566.0
167 5834 765834.0
168 5969 769096.0
169 6250 772253.0
170 6482 775302.0
171 6574 778648.0
172 6396 781972.0
173 6266 785573.0
174 6183 788638.0
175 6534 791858.0
176 6757 794906.0
177 7034 798044.0
178 7107 801207.0
179 7025 804255.0
180 6924 807297.0
181 6787 810383.0
182 6947 813679.0
183 7159 816628.0
184 7271 819598.0
185 7499 822527.0
186 7706 825440.0
187 7874 828156.0
188 8035 831027.0
189 7783 833930.0
190 7743 836738.0
191 7923 839677.0
192 8078 842651.0
193 8154 845440.0
194 8294 848293.0
195 8472 851071.0
196 8325 853858.0
197 8285 856559.0
198 8604 859000.0
199 8848 861533.0
200 8980 858859.0
201 8766 852591.0
202 8195 846136.0
203 7622 840125.0
204 7088 834181.0
205 6947 828255.0
206 6841 822357.0
207 6689 816287.0
208 6740 810411.0
209 6763 804574.0
210 6820 798707.0
211 6643 792677.0
212 6467 787110.0
213 6229 781399.0
214 6344 775688.0
215 6440 769779.0
216 6654 763828.0
217 6656 757865.0
218 6496 752121.0
219 6340 746517.0
220 6180 740866.0
221 6110 735056.0
222 6381 729200.0
223 6483 723280.0
224 6478 717600.0
225 6367 711856.0
226 6399 706049.0
227 6264 700299.0
228 6256 694898.0
229 6115 688929.0
230 6211 683484.0
231 6138 677727.0
232 6305 672045.0
233 6313 666416.0
234 6391 660544.0
235 6563 654697.0
236 6706 648852.0
237 6492 643377.0
238 6273 637682.0
239 6454 632299.0
240 6524 626746.0
241 6467 621121.0
242 6328 615496.0
243 6136 610105.0
244 6129 604447.0
245 6456 598724.0
246 6579 593277.0
247 6425 587844.0
248 6603 582234.0
249 6556 576730.0
250 6236 571194.0
251 6303 565789.0
252 6276 560281.0
253 6200 554970.0
254 6142 549640.0
255 5992 544385.0
256 5898 539308.0
257 5749 534223.0
258 5659 529099.0
259 5799 523828.0
260 6017 518364.0
261 6060 513170.0
262 5979 508092.0
263 5927 502591.0
264 5907 497522.0
265 5660 492391.0
266 5717 487306.0
267 5821 482123.0
268 5951 477084.0
269 6208 471744.0
270 6314 466779.0
271 5823 461628.0
272 5661 456804.0
273 5682 451628.0
274 5911 446520.0
275 5874 441699.0
276 5832 436581.0
277 5862 431522.0
278 5876 426379.0
279 5978 421338.0
280 5858 416514.0
281 5599 411795.0
282 5357 407026.0
283 5521 401925.0
284 5712 397146.0
285 5626 392089.0
286 5756 387471.0
287 5455 382703.0
288 5337 378039.0
289 5368 373290.0
290 5408 368424.0
291 5504 363615.0
292 5667 358913.0
293 5618 354039.0
294 5647 349353.0
295 5542 344395.0
296 5558 339832.0
297 5475 335049.0
298 5564 330650.0
299 5427 326209.0
300 5361 321589.0
301 5333 317224.0
302 5254 312589.0
303 5207 308137.0
304 5055 303822.0
305 5013 299254.0
306 5110 294841.0
307 5120 290410.0
308 5011 286169.0
309 4809 281834.0
310 4908 277652.0
311 5028 273389.0
312 4941 269119.0
313 4962 264988.0
314 4840 260779.0
315 4873 256814.0
316 4822 252751.0
317 4748 248747.0
318 4764 244654.0
319 4729 240375.0
320 4574 236479.0
321 4395 232595.0
322 4254 228781.0
323 4208 224976.0
324 4388 221047.0
325 4346 217023.0
326 4351 213134.0
327 4221 209484.0
328 3944 205912.0
329 3803 202419.0
330 3778 198586.0
331 3944 194951.0
332 3851 191425.0
333 3762 187950.0
334 3713 184447.0
335 3781 180948.0
336 3881 177557.0
337 3852 174265.0
338 3849 170986.0
339 3698 167557.0
340 3656 164350.0
341 3579 160973.0
342 3633 157774.0
343 3639 154434.0
344 3546 151174.0
345 3504 148181.0
346 3372 145357.0
347 3208 142396.0
348 3084 139634.0
349 2961 136767.0
350 3066 133940.0
351 2996 131202.0
352 2949 128357.0
353 2933 125497.0
354 3003 122643.0
355 2952 119852.0
356 2876 117288.0
357 2916 114578.0
358 2937 111841.0
359 2950 109279.0
360 2940 106631.0
361 2967 104125.0
362 2850 101586.0
363 2792 99050.0
364 2787 96743.0
365 2682 94289.0
366 2621 92090.0
367 2467 89929.0
368 2364 87924.0
369 2311 85696.0
370 2339 83467.0
371 2378 81190.0
372 2410 79272.0
373 2307 77383.0
374 2189 75365.0
375 2018 73684.0
376 1890 71972.0
377 1820 70135.0
378 1784 68251.0
379 1830 66505.0
380 1866 64608.0
381 1792 62765.0
382 1748 61205.0
383 1694 59668.0
384 1680 58021.0
385 1643 56529.0
386 1547 54919.0
387 1428 53570.0
388 1396 52009.0
389 1405 50689.0
390 1387 49319.0
391 1381 48081.0
392 1356 46819.0
393 1341 45511.0
394 1321 44185.0
395 1299 43021.0
396 1271 41784.0
397 1230 40742.0
398 1202 39532.0
399 1155 38521.0
400 1125 38218.0
401 1039 37940.0
402 945 37680.0
403 890 37450.0
404 865 37211.0
405 831 36968.0
406 805 36786.0
407 719 36584.0
408 688 36425.0
409 669 36206.0
410 704 36033.0
411 682 35811.0
412 690 35638.0
413 661 35420.0
414 691 35243.0
415 656 35074.0
416 609 34925.0
417 549 34782.0
418 507 34662.0
419 482 34530.0
420 507 34383.0
421 526 34189.0
422 564 34063.0
423 535 33871.0
424 600 33714.0
425 573 33591.0
426 505 33448.0
427 458 33341.0
428 422 33231.0
429 403 33128.0
430 384 33033.0
431 349 32920.0
432 380 32813.0
433 432 32692.0
434 453 32532.0
435 446 32429.0
436 395 32320.0
437 381 32226.0
438 372 32109.0
439 384 32024.0
440 357 31914.0
441 371 31807.0
442 381 31693.0
443 377 31606.0
444 361 31491.0
445 352 31426.0
446 314 31292.0
447 362 31221.0
448 370 31090.0
449 366 30995.0
450 360 30885.0
451 379 30780.0
452 378 30690.0
453 360 30560.0
454 389 30472.0
455 348 30350.0
456 345 30283.0
457 303 30209.0
458 301 30118.0
459 311 30048.0
460 322 29907.0
461 386 29824.0
462 372 29691.0
463 349 29618.0
464 316 29543.0
465 305 29450.0
466 299 29385.0
467 286 29289.0
468 324 29190.0
469 350 29086.0
470 332 29019.0
471 293 28910.0
472 328 28836.0
473 317 28739.0
474 313 28665.0
475 306 28553.0
476 337 28476.0
477 327 28378.0
478 313 28293.0
479 277 28226.0
480 243 28183.0
481 202 28131.0
482 195 28081.0
483 195 28029.0
484 199 27978.0
485 199 27913.0
486 184 27877.0
487 159 27841.0
488 136 27807.0
489 127 27774.0
490 138 27730.0
491 138 27702.0
492 129 27649.0
493 147 27616.0
494 145 27575.0
495 161 27507.0
496 208 27455.0
497 209 27373.0
498 208 27318.0
499 200 27253.0
500 227 27189.0
501 231 27133.0
502 210 27074.0
503 188 27037.0
504 161 26989.0
505 171 26934.0
506 193 26873.0
507 209 26799.0
508 234 26735.0
509 222 26673.0
510 192 26631.0
511 196 26562.0
512 214 26493.0
513 218 26447.0
514 195 26378.0
515 206 26335.0
516 188 26272.0
517 184 26226.0
518 170 26177.0
519 168 26138.0
520 164 26077.0
521 176 26045.0
522 160 25985.0
523 156 25958.0
524 130 25927.0
525 122 25893.0
526 121 25858.0
527 124 25826.0
528 115 25793.0
529 103 25777.0
530 91 25750.0
531 79 25734.0
532 65 25725.0
533 53 25710.0
534 55 25697.0
535 54 25673.0
536 72 25656.0
537 86 25609.0
538 114 25589.0
539 102 25552.0
540 94 25533.0
541 84 25516.0
542 76 25493.0
543 77 25468.0
544 77 25451.0
545 65 25435.0
546 60 25420.0
547 67 25402.0
548 74 25371.0
549 84 25353.0
550 68 25334.0
551 56 25326.0
552 45 25317.0
553 36 25312.0
554 28 25302.0
555 39 25289.0
556 52 25264.0
557 70 25244.0
558 73 25219.0
559 83 25196.0
560 80 25183.0
561 71 25153.0
562 90 25131.0
563 92 25098.0
564 83 25079.0
565 99 25043.0
566 113 25004.0
567 126 24974.0
568 109 24946.0
569 104 24915.0
570 116 24893.0
571 100 24865.0
572 90 24849.0
573 71 24829.0
574 60 24813.0
575 60 24797.0
576 66 24767.0
577 97 24739.0
578 103 24711.0
579 97 24679.0
580 82 24661.0
581 82 24636.0
582 98 24598.0
583 139 24547.0
584 163 24498.0
585 133 24475.0
586 101 24461.0
587 76 24443.0
588 72 24421.0
589 88 24392.0
590 111 24340.0
591 147 24319.0
592 118 24275.0
593 97 24264.0
594 71 24246.0
595 58 24233.0
596 65 24214.0
597 70 24192.0
598 68 24168.0
599 66 24151.0
600 64 24136.0
601 58 24116.0
602 67 24092.0
603 75 24078.0
604 71 24043.0
605 96 24017.0
606 116 23970.0
607 127 23941.0
608 108 23912.0
609 97 23889.0
610 82 23871.0
611 72 23857.0
612 66 23833.0
613 91 23805.0
614 90 23783.0
615 75 23771.0
616 60 23747.0
617 68 23733.0
618 71 23705.0
619 93 23671.0
620 115 23630.0
621 115 23615.0
622 86 23576.0
623 77 23573.0
624 65 23546.0
625 69 23527.0
626 71 23511.0
627 72 23487.0
628 91 23447.0
629 114 23417.0
630 98 23404.0
631 71 23382.0
632 71 23374.0
633 54 23369.0
634 40 23360.0
635 36 23348.0
636 41 23339.0
637 35 23328.0
638 34 23323.0
639 24 23319.0
640 17 23313.0
641 15 23310.0
642 20 23303.0
643 27 23290.0
644 40 23276.0
645 47 23260.0
646 52 23240.0
647 67 23217.0
648 78 23190.0
649 60 23186.0
650 42 23176.0
651 42 23167.0
652 42 23149.0
653 46 23135.0
654 49 23122.0
655 55 23097.0
656 76 23078.0
657 65 23068.0
658 44 23058.0
659 36 23052.0
660 29 23040.0
661 37 23034.0
662 30 23034.0
663 16 23033.0
664 10 23032.0
665 6 23030.0
666 6 23030.0
667 4 23028.0
668 3 23028.0
669 2 23026.0
670 4 23026.0
671 3 23023.0
672 5 23023.0
673 5 23018.0
674 10 23018.0
675 8 23011.0
676 7 23011.0
677 5 23009.0
678 4 23007.0
679 4 23007.0
680 4 23006.0
681 5 23003.0
682 8 23001.0
683 10 22995.0
684 13 22995.0
685 11 22986.0
686 20 22984.0
687 20 22969.0
688 18 22969.0
689 9 22969.0
690 4 22969.0
691 2 22969.0
692 1 22969.0
693 0 22969.0
694 0 22969.0
695 0 22969.0
696 0 22969.0
697 0 22969.0
698 0 22969.0
699 0 22969.0
700 0 22969.0
701 0 22969.0
702 0 22969.0
703 0 22969.0
704 0 22969.0
705 0 22969.0
706 0 22969.0
707 0 22969.0
708 0 22969.0
709 0 22969.0
710 0 22969.0
711 0 22969.0
712 0 22969.0
713 0 22969.0
714 0 22969.0
715 0 22969.0
716 0 22969.0
717 0 22969.0
718 0 22969.0
719 0 22969.0
720 0 22969.0
721 0 22969.0
722 0 22969.0
723 0 22969.0
724 0 22969.0
725 0 22969.0
726 0 22969.0
727 0 22969.0
728 0 22969.0
729 0 22969.0
730 0 22969.0
731 0 22969.0
732 0 22969.0
733 0 22969.0
734 0 22969.0
735 0 22969.0
736 0 22969.0
737 0 22969.0
738 0 22969.0
739 0 22969.0
740 0 22969.0
741 0 22969.0
742 0 22969.0
743 0 22969.0
744 0 22969.0
745 0 22969.0
746 0 22969.0
747 0 22969.0
748 0 22969.0
749 0 22969.0
750 0 22969.0
751 0 22969.0
752 0 22969.0
753 0 22969.0
754 0 22969.0
755 0 22969.0
756 0 22969.0
757 0 22969.0
758 0 22969.0
759 0 22969.0
760 0 22969.0
761 0 22969.0
762 0 22969.0
763 0 22969.0
764 0 22969.0
765 0 22969.0
766 0 22969.0
767 0 22969.0
768 0 22969.0
769 0 22969.0
770 0 22969.0
771 0 22969.0
772 0 22969.0
773 0 22969.0
774 0 22969.0
775 0 22969.0
776 0 22969.0
777 0 22969.0
778 0 22969.0
779 0 22969.0
780 0 22969.0
781 0 22969.0
782 0 22969.0
783 0 22969.0
784 0 22969.0
785 0 22969.0
786 0 22969.0
787 0 22969.0
788 0 22969.0
789 0 22969.0
790 0 22969.0
791 0 22969.0
792 0 22969.0
793 0 22969.0
794 0 22969.0
795 0 22969.0
796 0 22969.0
797 0 22969.0
798 0 22969.0
799 0 22969.0
800 0 22969.0
801 0 22969.0
802 0 22969.0
803 0 22969.0
804 0 22969.0
805 0 22969.0
806 0 22969.0
807 0 22969.0
808 0 22969.0
809 0 22969.0
810 0 22969.0
811 0 22969.0
812 0 22969.0
813 0 22969.0
814 0 22969.0
815 0 22969.0
816 0 22969.0
817 0 22969.0
818 0 22969.0
819 0 22969.0
820 0 22969.0
821 0 22969.0
822 0 22969.0
823 0 22969.0
824 0 22969.0
825 0 22969.0
826 0 22969.0
827 0 22969.0
828 0 22969.0
829 0 22969.0
830 0 22969.0
831 0 22969.0
832 0 22969.0
833 0 22969.0
834 0 22969.0
835 0 22969.0
836 0 22969.0
837 0 22969.0
838 0 22969.0
839 0 22969.0
840 0 22969.0
841 0 22969.0
842 0 22969.0
843 0 22969.0
844 0 22969.0
845 0 22969.0
846 0 22969.0
847 0 22969.0
848 0 22969.0
849 0 22969.0
850 0 22969.0
851 0 22969.0
852 0 22969.0
853 0 22969.0
854 0 22969.0
855 0 22969.0
856 0 22969.0
857 0 22969.0
858 0 22969.0
859 0 22969.0
860 0 22969.0
861 0 22969.0
862 0 22969.0
863 0 22969.0
864 0 22969.0
865 0 22969.0
866 0 22969.0
867 0 22969.0
868 0 22969.0
869 0 22969.0
870 0 22969.0
871 0 22969.0
872 0 22969.0
873 0 22969.0
874 0 22969.0
875 0 22969.0
876 0 22969.0
877 0 22969.0
878 0 22969.0
879 0 22969.0
880 0 22969.0
881 0 22969.0
882 0 22969.0
883 0 22969.0
884 0 22969.0
885 0 22969.0
886 0 22969.0
887 0 22969.0
888 0 22969.0
889 0 22969.0
890 0 22969.0
891 0 22969.0
892 0 22969.0
893 0 22969.0
894 0 22969.0
895 0 22969.0
896 0 22969.0
897 0 22969.0
898 0 22969.0
899 0 22969.0
900 0 22969.0
901 0 22969.0
902 0 22969.0
903 0 22969.0
904 0 22969.0
905 0 22969.0
906 0 22969.0
907 0 22969.0
908 0 22969.0
909 0 22969.0
910 0 22969.0
911 0 22969.0
912 0 22969.0
913 0 22969.0
914 0 22969.0
915 0 22969.0
916 0 22969.0
917 0 22969.0
918 0 22969.0
919 0 22969.0
920 0 22969.0
921 0 22969.0
922 0 22969.0
923 0 22969.0
924 0 22969.0
925 0 22969.0
926 0 22969.0
927 0 22969.0
928 0 22969.0
929 0 22969.0
930 0 22969.0
931 0 22969.0
932 0 22969.0
933 0 22969.0
934 0 22969.0
935 0 22969.0
936 0 22969.0
937 0 22969.0
938 0 22969.0
939 0 22969.0
940 0 22969.0
941 0 22969.0
942 0 22969.0
943 0 22969.0
944 0 22969.0
945 0 22969.0
946 0 22969.0
947 0 22969.0
948 0 22969.0
949 0 22969.0
950 0 22969.0
951 0 22969.0
952 0 22969.0
953 0 22969.0
954 0 22969.0
955 0 22969.0
956 0 22969.0
957 0 22969.0
958 0 22969.0
959 0 22969.0
960 0 22969.0
961 0 22969.0
962 0 22969.0
963 0 22969.0
964 0 22969.0
965 0 22969.0
966 0 22969.0
967 0 22969.0
968 0 22969.0
969 0 22969.0
970 0 22969.0
971 0 22969.0
972 0 22969.0
973 0 22969.0
974 0 22969.0
975 0 22969.0
976 0 22969.0
977 0 22969.0
978 0 22969.0
979 0 22969.0
980 0 22969.0
981 0 22969.0
982 0 22969.0
983 0 22969.0
984 0 22969.0
985 0 22969.0
986 0 22969.0
987 0 22969.0
988 0 22969.0
989 0 22969.0
990 0 22969.0
991 0 22969.0
992 0 22969.0
993 0 22969.0
994 0 22969.0
995 0 22969.0
996 0 22969.0
997 0 22969.0
998 0 22969.0
999 0 22969.0
1000 0 22969.0
