1 1 15041.0
2 1 20592.0
3 1 26327.0
4 2 31918.0
5 2 37083.0
6 4 42397.0
7 3 47712.0
8 2 52987.0
9 4 57964.0
10 4 63191.0
11 8 68074.0
12 6 72997.0
13 10 78097.0
14 8 83223.0
15 8 88201.0
16 12 93220.0
17 11 98263.0
18 13 103417.0
19 13 108425.0
20 12 113484.0
21 16 118490.0
22 19 123366.0
23 31 128281.0
24 30 133250.0
25 37 138360.0
26 50 143301.0
27 48 148170.0
28 57 153251.0
29 69 158209.0
30 101 163179.0
31 105 168457.0
32 124 173334.0
33 117 178200.0
34 117 183314.0
35 120 188151.0
36 127 193065.0
37 168 198066.0
38 184 202791.0
39 188 207711.0
40 169 212744.0
41 163 217892.0
42 176 222695.0
43 203 227481.0
44 244 232316.0
45 251 237273.0
46 305 242044.0
47 323 246863.0
48 347 251825.0
49 341 256697.0
50 376 261695.0
51 372 266625.0
52 389 271566.0
53 376 276374.0
54 431 281289.0
55 451 285978.0
56 474 290900.0
57 495 295645.0
58 494 300644.0
59 483 305506.0
60 507 310497.0
61 557 315303.0
62 608 320100.0
63 692 324910.0
64 675 329721.0
65 713 334608.0
66 730 339388.0
67 793 344048.0
68 837 348996.0
69 827 353745.0
70 845 358528.0
71 887 363321.0
72 912 367879.0
73 900 372842.0
74 885 377505.0
75 961 382428.0
76 954 387102.0
77 988 391775.0
78 1056 396405.0
79 1124 401073.0
80 1094 405742.0
81 1116 410369.0
82 1191 414967.0
83 1232 419662.0
84 1255 424309.0
85 1357 429055.0
86 1370 433472.0
87 1357 438152.0
88 1411 442700.0
89 1546 447422.0
90 1545 451854.0
91 1610 456285.0
92 1667 460730.0
93 1691 465188.0
94 1679 469668.0
95 1705 474109.0
96 1655 478506.0
97 1757 483046.0
98 1807 487234.0
99 1817 491686.0
100 1872 496190.0
101 2037 500629.0
102 1975 505026.0
103 1971 509673.0
104 2002 514165.0
105 2109 518223.0
106 2326 522467.0
107 2379 526513.0
108 2462 530896.0
109 2368 535300.0
110 2373 539859.0
111 2424 544049.0
112 2611 548259.0
113 2664 552527.0
114 2705 556762.0
115 2568 561160.0
116 2517 565455.0
117 2666 569598.0
118 2763 573825.0
119 2949 577960.0
120 3166 582104.0
121 3078 586293.0
122 3162 590416.0
123 3144 594555.0
124 3132 598911.0
125 3299 603147.0
126 3287 607121.0
127 3294 611372.0
128 3327 615531.0
129 3443 619559.0
130 3617 623522.0
131 3649 627625.0
132 3817 631481.0
133 3904 635323.0
134 3906 639258.0
135 3929 643133.0
136 3967 646994.0
137 4008 651043.0
138 3967 654913.0
139 4041 658883.0
140 4141 662510.0
141 4524 666448.0
142 4429 670190.0
143 4366 674174.0
144 4417 677834.0
145 4466 681418.0
146 4550 685159.0
147 4765 688704.0
148 4894 692569.0
149 4884 696143.0
150 4910 699915.0
151 4806 703684.0
152 5052 707304.0
153 5257 710676.0
154 5316 714345.0
155 5311 718012.0
156 5240 721637.0
157 5430 724946.0
158 5628 728291.0
159 5614 731706.0
160 5941 735276.0
161 5876 738736.0
162 5925 742174.0
163 6033 745438.0
164 5959 748882.0
165 6127 751993.0
166 6292 755300.0
167 6331 758626.0
168 6325 762057.0
169 6182 765327.0
170 6600 768536.0
171 6643 771520.0
172 6764 774777.0
173 6598 777927.0
174 6641 781168.0
175 6610 784388.0
176 6753 787349.0
177 7139 790294.0
178 7429 793084.0
179 7470 796388.0
180 6973 799629.0
181 7020 802762.0
182 7155 805590.0
183 7462 808251.0
184 7495 811216.0
185 7529 814211.0
186 7710 817029.0
187 8130 819566.0
188 8389 822334.0
189 8109 825380.0
190 7937 828398.0
191 7863 831384.0
192 8031 833943.0
193 8596 836615.0
194 8965 839167.0
195 8945 841811.0
196 8748 844317.0
197 8701 847043.0
198 8729 849521.0
199 9082 852031.0
200 9118 849106.0
201 8881 842943.0
202 8123 836727.0
203 7795 830648.0
204 7667 824651.0
205 7379 818626.0
206 7045 812666.0
207 6896 806754.0
208 6729 800984.0
209 6580 795050.0
210 6591 789030.0
211 6584 783158.0
212 6566 777135.0
213 6369 771399.0
214 6242 765451.0
215 6607 759493.0
216 6660 753553.0
217 6748 747543.0
218 6861 741817.0
219 6486 735810.0
220 6390 730123.0
221 6377 724407.0
222 6663 718563.0
223 6603 712833.0
224 6278 707031.0
225 6295 701351.0
226 6520 695555.0
227 6723 689734.0
228 6646 684028.0
229 6562 678491.0
230 6233 672998.0
231 6255 667405.0
232 6181 661894.0
233 6387 656041.0
234 6605 650375.0
235 6632 644755.0
236 6587 639162.0
237 6491 633388.0
238 6438 627677.0
239 6433 622259.0
240 6333 616874.0
241 6062 611256.0
242 6219 605918.0
243 6242 600374.0
244 6567 594866.0
245 6520 589082.0
246 6395 583591.0
247 6144 578028.0
248 6244 572823.0
249 6159 567233.0
250 6378 561666.0
251 6315 556277.0
252 6127 550953.0
253 6166 545663.0
254 6191 540350.0
255 6046 535127.0
256 6123 529999.0
257 6153 524598.0
258 6291 519196.0
259 6158 513874.0
260 6123 508489.0
261 6249 503172.0
262 6370 497882.0
263 6340 492732.0
264 6213 487428.0
265 6152 482247.0
266 6097 476777.0
267 6325 471780.0
268 6046 466704.0
269 5879 461733.0
270 5804 456997.0
271 5698 452046.0
272 5786 446940.0
273 6072 441989.0
274 6000 437053.0
275 5837 432138.0
276 5708 427243.0
277 5654 422366.0
278 5776 417310.0
279 5954 412600.0
280 5856 407503.0
281 5883 402417.0
282 5740 397655.0
283 5513 392848.0
284 5576 388316.0
285 5605 383344.0
286 5614 378702.0
287 5611 373979.0
288 5618 369251.0
289 5658 364533.0
290 5460 359986.0
291 5151 355447.0
292 5161 351088.0
293 5194 346436.0
294 5219 342168.0
295 5238 337654.0
296 5387 333042.0
297 5424 328436.0
298 5339 323721.0
299 5329 319326.0
300 5120 314899.0
301 5047 310645.0
302 5081 306162.0
303 5106 301858.0
304 5039 297315.0
305 4990 293192.0
306 4875 288851.0
307 4853 284537.0
308 4936 280367.0
309 4914 276201.0
310 4745 272026.0
311 4724 267878.0
312 4710 263678.0
313 4801 259269.0
314 4850 255325.0
315 4747 251242.0
316 4694 247291.0
317 4774 243038.0
318 4879 238953.0
319 4873 234738.0
320 4890 230685.0
321 4792 226968.0
322 4670 222886.0
323 4679 219152.0
324 4620 215309.0
325 4585 211505.0
326 4514 207737.0
327 4485 203943.0
328 4531 199990.0
329 4661 196088.0
330 4517 192623.0
331 4235 188964.0
332 4135 185589.0
333 4102 182243.0
334 4035 178625.0
335 4114 175026.0
336 4082 171459.0
337 3916 168100.0
338 3706 164819.0
339 3792 161576.0
340 3782 158438.0
341 3705 155234.0
342 3648 152111.0
343 3489 149011.0
344 3499 145895.0
345 3538 142558.0
346 3463 139549.0
347 3272 136624.0
348 3223 133793.0
349 3117 130865.0
350 3042 128208.0
351 2986 125500.0
352 2937 122623.0
353 2897 119984.0
354 2907 117407.0
355 2906 114990.0
356 2817 112335.0
357 2898 109773.0
358 2820 107137.0
359 2799 104711.0
360 2746 102374.0
361 2699 99913.0
362 2694 97614.0
363 2638 95231.0
364 2608 92971.0
365 2464 90609.0
366 2316 88521.0
367 2219 86421.0
368 2176 84210.0
369 2165 82090.0
370 2123 80132.0
371 2170 78010.0
372 2159 75963.0
373 2228 74004.0
374 2134 71941.0
375 1988 70008.0
376 1808 68319.0
377 1817 66533.0
378 1800 64758.0
379 1789 62999.0
380 1734 61481.0
381 1617 59894.0
382 1579 58329.0
383 1602 56796.0
384 1555 55030.0
385 1492 53454.0
386 1497 51889.0
387 1547 50500.0
388 1503 49133.0
389 1451 47860.0
390 1423 46477.0
391 1329 45352.0
392 1279 44158.0
393 1205 42964.0
394 1140 41735.0
395 1081 40665.0
396 1042 39568.0
397 980 38369.0
398 925 37606.0
399 845 36564.0
400 849 36328.0
401 852 36065.0
402 846 35816.0
403 825 35590.0
404 762 35400.0
405 702 35217.0
406 662 35044.0
407 651 34859.0
408 652 34675.0
409 676 34487.0
410 651 34283.0
411 689 34115.0
412 656 33899.0
413 693 33722.0
414 672 33531.0
415 677 33333.0
416 678 33165.0
417 637 32985.0
418 641 32792.0
419 655 32619.0
420 589 32466.0
421 567 32321.0
422 527 32176.0
423 522 32034.0
424 495 31904.0
425 504 31745.0
426 563 31602.0
427 565 31404.0
428 622 31249.0
429 600 31048.0
430 583 30922.0
431 539 30783.0
432 503 30651.0
433 506 30483.0
434 545 30354.0
435 505 30203.0
436 477 30078.0
437 490 29949.0
438 441 29828.0
439 422 29711.0
440 407 29619.0
441 363 29514.0
442 375 29418.0
443 380 29300.0
444 368 29199.0
445 329 29125.0
446 292 29048.0
447 263 28999.0
448 235 28922.0
449 248 28858.0
450 239 28785.0
451 239 28717.0
452 224 28671.0
453 178 28631.0
454 158 28607.0
455 130 28562.0
456 140 28536.0
457 135 28483.0
458 164 28439.0
459 169 28385.0
460 157 28339.0
461 153 28317.0
462 128 28264.0
463 137 28241.0
464 124 28194.0
465 148 28158.0
466 152 28109.0
467 132 28089.0
468 120 28048.0
469 129 28022.0
470 122 27970.0
471 125 27944.0
472 143 27884.0
473 177 27831.0
474 173 27786.0
475 153 27757.0
476 119 27731.0
477 103 27713.0
478 85 27690.0
479 88 27664.0
480 98 27636.0
481 103 27607.0
482 82 27590.0
483 79 27568.0
484 76 27548.0
485 70 27529.0
486 57 27518.0
487 43 27508.0
488 40 27496.0
489 47 27484.0
490 46 27470.0
491 45 27456.0
492 62 27432.0
493 81 27401.0
494 96 27365.0
495 88 27349.0
496 75 27329.0
497 72 27314.0
498 57 27294.0
499 63 27280.0
500 74 27250.0
501 81 27231.0
502 78 27195.0
503 91 27175.0
504 91 27143.0
505 91 27125.0
506 77 27107.0
507 72 27083.0
508 84 27055.0
509 90 27026.0
510 84 27010.0
511 67 26991.0
512 60 26981.0
513 51 26965.0
514 48 26952.0
515 57 26936.0
516 53 26924.0
517 48 26910.0
518 44 26898.0
519 40 26888.0
520 39 26875.0
521 47 26860.0
522 56 26833.0
523 79 26816.0
524 74 26797.0
525 64 26777.0
526 62 26766.0
527 52 26747.0
528 45 26743.0
529 34 26736.0
530 26 26734.0
531 19 26726.0
532 24 26721.0
533 29 26705.0
534 44 26693.0
535 44 26682.0
536 33 26675.0
537 29 26670.0
538 28 26659.0
539 36 26647.0
540 46 26633.0
541 49 26610.0
542 52 26602.0
543 43 26584.0
544 57 26568.0
545 64 26554.0
546 48 26548.0
547 33 26543.0
548 25 26538.0
549 25 26530.0
550 22 26527.0
551 14 26527.0
552 8 26526.0
553 6 26525.0
554 3 26525.0
555 4 26523.0
556 6 26521.0
557 8 26517.0
558 12 26513.0
559 16 26505.0
560 22 26500.0
561 17 26500.0
562 8 26500.0
563 4 26499.0
564 2 26499.0
565 1 26498.0
566 2 26498.0
567 2 26496.0
568 4 26496.0
569 4 26492.0
570 8 26492.0
571 8 26484.0
572 16 26484.0
573 12 26478.0
574 9 26478.0
575 4 26478.0
576 2 26478.0
577 1 26478.0
578 0 26478.0
579 0 26478.0
580 0 26478.0
581 0 26478.0
582 0 26478.0
583 0 26478.0
584 0 26478.0
585 0 26478.0
586 0 26478.0
587 0 26478.0
588 0 26478.0
589 0 26478.0
590 0 26478.0
591 0 26478.0
592 0 26478.0
593 0 26478.0
594 0 26478.0
595 0 26478.0
596 0 26478.0
597 0 26478.0
598 0 26478.0
599 0 26478.0
600 0 26478.0
601 0 26478.0
602 0 26478.0
603 0 26478.0
604 0 26478.0
605 0 26478.0
606 0 26478.0
607 0 26478.0
608 0 26478.0
609 0 26478.0
610 0 26478.0
611 0 26478.0
612 0 26478.0
613 0 26478.0
614 0 26478.0
615 0 26478.0
616 0 26478.0
617 0 26478.0
618 0 26478.0
619 0 26478.0
620 0 26478.0
621 0 26478.0
622 0 26478.0
623 0 26478.0
624 0 26478.0
625 0 26478.0
626 0 26478.0
627 0 26478.0
628 0 26478.0
629 0 26478.0
630 0 26478.0
631 0 26478.0
632 0 26478.0
633 0 26478.0
634 0 26478.0
635 0 26478.0
636 0 26478.0
637 0 26478.0
638 0 26478.0
639 0 26478.0
640 0 26478.0
641 0 26478.0
642 0 26478.0
643 0 26478.0
644 0 26478.0
645 0 26478.0
646 0 26478.0
647 0 26478.0
648 0 26478.0
649 0 26478.0
650 0 26478.0
651 0 26478.0
652 0 26478.0
653 0 26478.0
654 0 26478.0
655 0 26478.0
656 0 26478.0
657 0 26478.0
658 0 26478.0
659 0 26478.0
660 0 26478.0
661 0 26478.0
662 0 26478.0
663 0 26478.0
664 0 26478.0
665 0 26478.0
666 0 26478.0
667 0 26478.0
668 0 26478.0
669 0 26478.0
670 0 26478.0
671 0 26478.0
672 0 26478.0
673 0 26478.0
674 0 26478.0
675 0 26478.0
676 0 26478.0
677 0 26478.0
678 0 26478.0
679 0 26478.0
680 0 26478.0
681 0 26478.0
682 0 26478.0
683 0 26478.0
684 0 26478.0
685 0 26478.0
686 0 26478.0
687 0 26478.0
688 0 26478.0
689 0 26478.0
690 0 26478.0
691 0 26478.0
692 0 26478.0
693 0 26478.0
694 0 26478.0
695 0 26478.0
696 0 26478.0
697 0 26478.0
698 0 26478.0
699 0 26478.0
700 0 26478.0
701 0 26478.0
702 0 26478.0
703 0 26478.0
704 0 26478.0
705 0 26478.0
706 0 26478.0
707 0 26478.0
708 0 26478.0
709 0 26478.0
710 0 26478.0
711 0 26478.0
712 0 26478.0
713 0 26478.0
714 0 26478.0
715 0 26478.0
716 0 26478.0
717 0 26478.0
718 0 26478.0
719 0 26478.0
720 0 26478.0
721 0 26478.0
722 0 26478.0
723 0 26478.0
724 0 26478.0
725 0 26478.0
726 0 26478.0
727 0 26478.0
728 0 26478.0
729 0 26478.0
730 0 26478.0
731 0 26478.0
732 0 26478.0
733 0 26478.0
734 0 26478.0
735 0 26478.0
736 0 26478.0
737 0 26478.0
738 0 26478.0
739 0 26478.0
740 0 26478.0
741 0 26478.0
742 0 26478.0
743 0 26478.0
744 0 26478.0
745 0 26478.0
746 0 26478.0
747 0 26478.0
748 0 26478.0
749 0 26478.0
750 0 26478.0
751 0 26478.0
752 0 26478.0
753 0 26478.0
754 0 26478.0
755 0 26478.0
756 0 26478.0
757 0 26478.0
758 0 26478.0
759 0 26478.0
760 0 26478.0
761 0 26478.0
762 0 26478.0
763 0 26478.0
764 0 26478.0
765 0 26478.0
766 0 26478.0
767 0 26478.0
768 0 26478.0
769 0 26478.0
770 0 26478.0
771 0 26478.0
772 0 26478.0
773 0 26478.0
774 0 26478.0
775 0 26478.0
776 0 26478.0
777 0 26478.0
778 0 26478.0
779 0 26478.0
780 0 26478.0
781 0 26478.0
782 0 26478.0
783 0 26478.0
784 0 26478.0
785 0 26478.0
786 0 26478.0
787 0 26478.0
788 0 26478.0
789 0 26478.0
790 0 26478.0
791 0 26478.0
792 0 26478.0
793 0 26478.0
794 0 26478.0
795 0 26478.0
796 0 26478.0
797 0 26478.0
798 0 26478.0
799 0 26478.0
800 0 26478.0
801 0 26478.0
802 0 26478.0
803 0 26478.0
804 0 26478.0
805 0 26478.0
806 0 26478.0
807 0 26478.0
808 0 26478.0
809 0 26478.0
810 0 26478.0
811 0 26478.0
812 0 26478.0
813 0 26478.0
814 0 26478.0
815 0 26478.0
816 0 26478.0
817 0 26478.0
818 0 26478.0
819 0 26478.0
820 0 26478.0
821 0 26478.0
822 0 26478.0
823 0 26478.0
824 0 26478.0
825 0 26478.0
826 0 26478.0
827 0 26478.0
828 0 26478.0
829 0 26478.0
830 0 26478.0
831 0 26478.0
832 0 26478.0
833 0 26478.0
834 0 26478.0
835 0 26478.0
836 0 26478.0
837 0 26478.0
838 0 26478.0
839 0 26478.0
840 0 26478.0
841 0 26478.0
842 0 26478.0
843 0 26478.0
844 0 26478.0
845 0 26478.0
846 0 26478.0
847 0 26478.0
848 0 26478.0
849 0 26478.0
850 0 26478.0
851 0 26478.0
852 0 26478.0
853 0 26478.0
854 0 26478.0
855 0 26478.0
856 0 26478.0
857 0 26478.0
858 0 26478.0
859 0 26478.0
860 0 26478.0
861 0 26478.0
862 0 26478.0
863 0 26478.0
864 0 26478.0
865 0 26478.0
866 0 26478.0
867 0 26478.0
868 0 26478.0
869 0 26478.0
870 0 26478.0
871 0 26478.0
872 0 26478.0
873 0 26478.0
874 0 26478.0
875 0 26478.0
876 0 26478.0
877 0 26478.0
878 0 26478.0
879 0 26478.0
880 0 26478.0
881 0 26478.0
882 0 26478.0
883 0 26478.0
884 0 26478.0
885 0 26478.0
886 0 26478.0
887 0 26478.0
888 0 26478.0
889 0 26478.0
890 0 26478.0
891 0 26478.0
892 0 26478.0
893 0 26478.0
894 0 26478.0
895 0 26478.0
896 0 26478.0
897 0 26478.0
898 0 26478.0
899 0 26478.0
900 0 26478.0
901 0 26478.0
902 0 26478.0
903 0 26478.0
904 0 26478.0
905 0 26478.0
906 0 26478.0
907 0 26478.0
908 0 26478.0
909 0 26478.0
910 0 26478.0
911 0 26478.0
912 0 26478.0
913 0 26478.0
914 0 26478.0
915 0 26478.0
916 0 26478.0
917 0 26478.0
918 0 26478.0
919 0 26478.0
920 0 26478.0
921 0 26478.0
922 0 26478.0
923 0 26478.0
924 0 26478.0
925 0 26478.0
926 0 26478.0
927 0 26478.0
928 0 26478.0
929 0 26478.0
930 0 26478.0
931 0 26478.0
932 0 26478.0
933 0 26478.0
934 0 26478.0
935 0 26478.0
936 0 26478.0
937 0 26478.0
938 0 26478.0
939 0 26478.0
940 0 26478.0
941 0 26478.0
942 0 26478.0
943 0 26478.0
944 0 26478.0
945 0 26478.0
946 0 26478.0
947 0 26478.0
948 0 26478.0
949 0 26478.0
950 0 26478.0
951 0 26478.0
952 0 26478.0
953 0 26478.0
954 0 26478.0
955 0 26478.0
956 0 26478.0
957 0 26478.0
958 0 26478.0
959 0 26478.0
960 0 26478.0
961 0 26478.0
962 0 26478.0
963 0 26478.0
964 0 26478.0
965 0 26478.0
966 0 26478.0
967 0 26478.0
968 0 26478.0
969 0 26478.0
970 0 26478.0
971 0 26478.0
972 0 26478.0
973 0 26478.0
974 0 26478.0
975 0 26478.0
976 0 26478.0
977 0 26478.0
978 0 26478.0
979 0 26478.0
980 0 26478.0
981 0 26478.0
982 0 26478.0
983 0 26478.0
984 0 26478.0
985 0 26478.0
986 0 26478.0
987 0 26478.0
988 0 26478.0
989 0 26478.0
990 0 26478.0
991 0 26478.0
992 0 26478.0
993 0 26478.0
994 0 26478.0
995 0 26478.0
996 0 26478.0
997 0 26478.0
998 0 26478.0
999 0 26478.0
1000 0 26478.0
