1 1 15096.0
2 2 20722.0
3 2 26056.0
4 2 31625.0
5 2 36725.0
6 4 42142.0
7 4 47174.0
8 8 52366.0
9 8 57573.0
10 16 62832.0
11 12 67776.0
12 16 72946.0
13 14 77979.0
14 16 82857.0
15 22 87906.0
16 22 92739.0
17 26 97655.0
18 23 102526.0
19 35 107395.0
20 38 112272.0
21 44 117218.0
22 57 122391.0
23 56 127229.0
24 67 132368.0
25 72 137240.0
26 82 142397.0
27 81 147741.0
28 80 152631.0
29 91 157517.0
30 102 162634.0
31 120 167641.0
32 124 172737.0
33 127 177897.0
34 128 182833.0
35 136 187901.0
36 160 192966.0
37 182 197776.0
38 192 202766.0
39 203 207603.0
40 206 212736.0
41 236 217741.0
42 235 222509.0
43 246 227360.0
44 270 232286.0
45 296 237210.0
46 313 242035.0
47 294 246734.0
48 351 251785.0
49 357 256782.0
50 394 261850.0
51 398 266853.0
52 419 271581.0
53 455 276352.0
54 475 281366.0
55 472 286231.0
56 480 291237.0
57 512 296068.0
58 524 301170.0
59 512 305994.0
60 555 310832.0
61 586 315526.0
62 614 320372.0
63 680 325298.0
64 705 330052.0
65 704 334859.0
66 753 339658.0
67 759 344312.0
68 807 349058.0
69 857 353838.0
70 950 358556.0
71 940 363177.0
72 965 367908.0
73 970 372717.0
74 1014 377473.0
75 1030 382065.0
76 1086 386814.0
77 1091 391524.0
78 1173 396244.0
79 1216 400922.0
80 1232 405668.0
81 1276 410541.0
82 1362 415147.0
83 1329 419699.0
84 1332 424323.0
85 1419 428782.0
86 1488 433418.0
87 1457 437824.0
88 1506 442355.0
89 1541 446966.0
90 1589 451408.0
91 1702 456035.0
92 1712 460761.0
93 1743 465258.0
94 1818 469550.0
95 1803 474058.0
96 1845 478636.0
97 1907 483148.0
98 1959 487631.0
99 1946 492120.0
100 1957 496672.0
101 2000 501096.0
102 2016 505598.0
103 2192 509836.0
104 2137 514215.0
105 2171 518711.0
106 2281 522941.0
107 2386 527390.0
108 2391 531758.0
109 2478 535821.0
110 2581 540033.0
111 2483 544362.0
112 2525 548391.0
113 2684 552809.0
114 2815 556923.0
115 2804 561150.0
116 2822 565382.0
117 2904 569557.0
118 3049 573715.0
119 2926 577753.0
120 3098 581921.0
121 3121 586176.0
122 3167 590429.0
123 3292 594449.0
124 3344 598549.0
125 3383 602725.0
126 3504 606927.0
127 3623 611015.0
128 3512 615241.0
129 3340 619413.0
130 3394 623056.0
131 3673 627053.0
132 3768 630821.0
133 3951 634980.0
134 3865 638905.0
135 4025 642686.0
136 4030 646576.0
137 4041 650518.0
138 4146 654298.0
139 4352 658016.0
140 4655 661543.0
141 4618 665227.0
142 4597 669075.0
143 4553 672779.0
144 4643 676542.0
145 4668 679981.0
146 4784 683623.0
147 4810 687310.0
148 4899 691027.0
149 4876 694427.0
150 5018 698375.0
151 4867 702290.0
152 4718 706123.0
153 4928 709820.0
154 5178 713252.0
155 5457 716752.0
156 5231 720059.0
157 5347 723489.0
158 5553 726680.0
159 5716 730294.0
160 5580 733759.0
161 5706 737240.0
162 5822 740609.0
163 5969 743901.0
164 6065 747200.0
165 6032 750502.0
166 6199 753765.0
167 6302 757098.0
168 6324 760314.0
169 6525 763288.0
170 6516 766475.0
171 6394 769898.0
172 6462 773148.0
173 6678 776279.0
174 6860 779333.0
175 7060 782191.0
176 7128 785164.0
177 7255 788443.0
178 7144 791598.0
179 7141 794590.0
180 7394 797319.0
181 7691 800330.0
182 7640 802773.0
183 7957 805484.0
184 8088 808311.0
185 7829 811415.0
186 7657 814420.0
187 7659 817321.0
188 8075 820129.0
189 8278 822718.0
190 8561 825319.0
191 8637 827960.0
192 8761 830830.0
193 8513 833509.0
194 8456 836510.0
195 8610 838848.0
196 8864 841405.0
197 9037 843764.0
198 9420 845998.0
199 9506 848468.0
200 9531 845616.0
201 9078 839283.0
202 8198 833179.0
203 7522 827489.0
204 6875 821318.0
205 7164 815587.0
206 7102 809441.0
207 7184 803556.0
208 7116 797577.0
209 7019 791730.0
210 6885 785866.0
211 6450 780155.0
212 6249 774462.0
213 6647 768467.0
214 7005 762263.0
215 7203 756285.0
216 7064 750595.0
217 6602 744751.0
218 6317 739235.0
219 6106 733412.0
220 6159 727845.0
221 6411 721773.0
222 6782 715888.0
223 6641 710241.0
224 6691 704324.0
225 6666 698232.0
226 6523 692651.0
227 6299 687079.0
228 6470 681408.0
229 6537 675610.0
230 6637 669947.0
231 6572 664314.0
232 6443 658862.0
233 6164 653130.0
234 6417 647631.0
235 6485 641769.0
236 6524 636363.0
237 6594 630682.0
238 6710 624855.0
239 6701 619181.0
240 6549 613775.0
241 6375 608212.0
242 6410 602742.0
243 6299 597063.0
244 6241 591546.0
245 6208 586180.0
246 6465 580566.0
247 6642 574886.0
248 6833 569398.0
249 6426 564280.0
250 5881 559276.0
251 5714 553944.0
252 6033 548601.0
253 6346 542898.0
254 6549 537444.0
255 6489 532026.0
256 6329 526987.0
257 5959 521726.0
258 5846 516714.0
259 5889 511487.0
260 5939 506333.0
261 5958 500832.0
262 6481 495667.0
263 6410 490493.0
264 6425 485262.0
265 6374 480003.0
266 6300 474762.0
267 6067 469605.0
268 5940 464456.0
269 6026 459272.0
270 6244 454133.0
271 6349 448847.0
272 6160 444200.0
273 5759 439260.0
274 5646 434565.0
275 5560 429608.0
276 5583 424686.0
277 5842 419588.0
278 6023 414674.0
279 5895 409591.0
280 5929 404797.0
281 5776 399839.0
282 5634 395142.0
283 5666 390200.0
284 5705 385271.0
285 5811 380540.0
286 5818 375705.0
287 5967 370721.0
288 6111 365975.0
289 6004 360841.0
290 6081 356381.0
291 5774 351426.0
292 5636 346944.0
293 5432 342204.0
294 5478 337731.0
295 5371 333041.0
296 5473 328776.0
297 5373 324173.0
298 5616 319559.0
299 5583 315103.0
300 5570 310469.0
301 5593 305896.0
302 5684 301417.0
303 5501 296941.0
304 5322 292717.0
305 5267 288383.0
306 5118 284257.0
307 4918 280069.0
308 4907 275800.0
309 4918 271746.0
310 4996 267535.0
311 5074 263507.0
312 4823 259381.0
313 4703 255449.0
314 4560 251437.0
315 4574 247322.0
316 4728 243286.0
317 4806 239075.0
318 4798 235053.0
319 4554 231128.0
320 4261 227211.0
321 4148 223498.0
322 4226 219770.0
323 4325 215961.0
324 4410 212244.0
325 4402 208665.0
326 4116 204966.0
327 4001 201680.0
328 3897 198116.0
329 3854 194643.0
330 3853 191176.0
331 3929 187577.0
332 3925 184077.0
333 3968 180476.0
334 3830 177172.0
335 3744 173646.0
336 3686 170448.0
337 3561 167394.0
338 3601 164057.0
339 3712 160971.0
340 3761 157685.0
341 3807 154272.0
342 3845 151082.0
343 3732 147806.0
344 3666 144729.0
345 3537 141719.0
346 3510 138862.0
347 3366 135845.0
348 3453 132707.0
349 3451 129619.0
350 3354 126807.0
351 3255 123968.0
352 3187 121126.0
353 3110 118503.0
354 2939 115966.0
355 2831 113491.0
356 2682 111009.0
357 2637 108451.0
358 2628 105966.0
359 2683 103737.0
360 2618 101269.0
361 2580 99064.0
362 2535 96592.0
363 2592 94423.0
364 2679 91867.0
365 2709 89624.0
366 2583 87351.0
367 2649 85347.0
368 2643 83087.0
369 2587 80961.0
370 2420 79042.0
371 2284 77055.0
372 2188 75100.0
373 2195 73179.0
374 2097 71416.0
375 2012 69530.0
376 1942 67739.0
377 1958 65947.0
378 1919 64222.0
379 1931 62615.0
380 1846 60988.0
381 1820 59433.0
382 1830 57821.0
383 1776 56254.0
384 1693 54803.0
385 1698 53276.0
386 1653 51830.0
387 1615 50462.0
388 1568 48971.0
389 1489 47691.0
390 1342 46404.0
391 1281 45138.0
392 1277 43922.0
393 1393 42646.0
394 1360 41480.0
395 1301 40291.0
396 1307 39089.0
397 1250 37984.0
398 1228 36946.0
399 1153 35917.0
400 1128 35629.0
401 1069 35323.0
402 1026 35040.0
403 1026 34744.0
404 1007 34478.0
405 977 34194.0
406 952 33960.0
407 913 33686.0
408 887 33466.0
409 823 33246.0
410 789 33055.0
411 740 32841.0
412 693 32691.0
413 633 32520.0
414 619 32372.0
415 586 32198.0
416 561 32058.0
417 548 31898.0
418 530 31756.0
419 504 31608.0
420 478 31485.0
421 449 31374.0
422 433 31247.0
423 451 31112.0
424 477 30956.0
425 500 30825.0
426 474 30705.0
427 454 30577.0
428 454 30443.0
429 461 30302.0
430 455 30169.0
431 460 30046.0
432 425 29931.0
433 412 29821.0
434 411 29706.0
435 385 29609.0
436 348 29523.0
437 331 29433.0
438 331 29344.0
439 314 29263.0
440 311 29176.0
441 310 29078.0
442 307 28996.0
443 311 28893.0
444 328 28799.0
445 351 28686.0
446 371 28570.0
447 413 28425.0
448 429 28324.0
449 404 28187.0
450 392 28106.0
451 370 27999.0
452 337 27959.0
453 274 27858.0
454 272 27809.0
455 252 27709.0
456 317 27630.0
457 329 27535.0
458 317 27432.0
459 325 27353.0
460 303 27265.0
461 314 27183.0
462 299 27105.0
463 273 27037.0
464 243 26978.0
465 217 26920.0
466 204 26870.0
467 187 26837.0
468 169 26772.0
469 206 26721.0
470 202 26678.0
471 162 26646.0
472 148 26606.0
473 129 26565.0
474 126 26537.0
475 122 26499.0
476 119 26467.0
477 114 26435.0
478 115 26404.0
479 118 26366.0
480 113 26343.0
481 98 26312.0
482 110 26279.0
483 133 26237.0
484 140 26197.0
485 133 26160.0
486 116 26134.0
487 103 26108.0
488 89 26080.0
489 101 26056.0
490 105 26019.0
491 119 25979.0
492 136 25941.0
493 133 25917.0
494 116 25881.0
495 111 25860.0
496 93 25842.0
497 82 25820.0
498 73 25805.0
499 58 25790.0
500 58 25777.0
501 56 25756.0
502 62 25738.0
503 69 25724.0
504 54 25713.0
505 56 25690.0
506 53 25686.0
507 40 25671.0
508 39 25663.0
509 50 25642.0
510 48 25634.0
511 42 25617.0
512 49 25603.0
513 52 25587.0
514 55 25570.0
515 48 25559.0
516 46 25546.0
517 45 25537.0
518 35 25527.0
519 35 25520.0
520 31 25510.0
521 33 25499.0
522 42 25486.0
523 39 25480.0
524 25 25477.0
525 19 25473.0
526 15 25466.0
527 26 25462.0
528 30 25440.0
529 43 25435.0
530 34 25423.0
531 27 25418.0
532 19 25413.0
533 16 25410.0
534 15 25406.0
535 17 25399.0
536 17 25396.0
537 15 25392.0
538 14 25388.0
539 15 25381.0
540 24 25375.0
541 25 25367.0
542 22 25360.0
543 22 25356.0
544 18 25354.0
545 12 25352.0
546 7 25351.0
547 5 25350.0
548 6 25349.0
549 7 25344.0
550 12 25342.0
551 14 25332.0
552 24 25328.0
553 25 25313.0
554 22 25313.0
555 11 25313.0
556 5 25313.0
557 2 25313.0
558 1 25313.0
559 0 25313.0
560 0 25313.0
561 0 25313.0
562 0 25313.0
563 0 25313.0
564 0 25313.0
565 0 25313.0
566 0 25313.0
567 0 25313.0
568 0 25313.0
569 0 25313.0
570 0 25313.0
571 0 25313.0
572 0 25313.0
573 0 25313.0
574 0 25313.0
575 0 25313.0
576 0 25313.0
577 0 25313.0
578 0 25313.0
579 0 25313.0
580 0 25313.0
581 0 25313.0
582 0 25313.0
583 0 25313.0
584 0 25313.0
585 0 25313.0
586 0 25313.0
587 0 25313.0
588 0 25313.0
589 0 25313.0
590 0 25313.0
591 0 25313.0
592 0 25313.0
593 0 25313.0
594 0 25313.0
595 0 25313.0
596 0 25313.0
597 0 25313.0
598 0 25313.0
599 0 25313.0
600 0 25313.0
601 0 25313.0
602 0 25313.0
603 0 25313.0
604 0 25313.0
605 0 25313.0
606 0 25313.0
607 0 25313.0
608 0 25313.0
609 0 25313.0
610 0 25313.0
611 0 25313.0
612 0 25313.0
613 0 25313.0
614 0 25313.0
615 0 25313.0
616 0 25313.0
617 0 25313.0
618 0 25313.0
619 0 25313.0
620 0 25313.0
621 0 25313.0
622 0 25313.0
623 0 25313.0
624 0 25313.0
625 0 25313.0
626 0 25313.0
627 0 25313.0
628 0 25313.0
629 0 25313.0
630 0 25313.0
631 0 25313.0
632 0 25313.0
633 0 25313.0
634 0 25313.0
635 0 25313.0
636 0 25313.0
637 0 25313.0
638 0 25313.0
639 0 25313.0
640 0 25313.0
641 0 25313.0
642 0 25313.0
643 0 25313.0
644 0 25313.0
645 0 25313.0
646 0 25313.0
647 0 25313.0
648 0 25313.0
649 0 25313.0
650 0 25313.0
651 0 25313.0
652 0 25313.0
653 0 25313.0
654 0 25313.0
655 0 25313.0
656 0 25313.0
657 0 25313.0
658 0 25313.0
659 0 25313.0
660 0 25313.0
661 0 25313.0
662 0 25313.0
663 0 25313.0
664 0 25313.0
665 0 25313.0
666 0 25313.0
667 0 25313.0
668 0 25313.0
669 0 25313.0
670 0 25313.0
671 0 25313.0
672 0 25313.0
673 0 25313.0
674 0 25313.0
675 0 25313.0
676 0 25313.0
677 0 25313.0
678 0 25313.0
679 0 25313.0
680 0 25313.0
681 0 25313.0
682 0 25313.0
683 0 25313.0
684 0 25313.0
685 0 25313.0
686 0 25313.0
687 0 25313.0
688 0 25313.0
689 0 25313.0
690 0 25313.0
691 0 25313.0
692 0 25313.0
693 0 25313.0
694 0 25313.0
695 0 25313.0
696 0 25313.0
697 0 25313.0
698 0 25313.0
699 0 25313.0
700 0 25313.0
701 0 25313.0
702 0 25313.0
703 0 25313.0
704 0 25313.0
705 0 25313.0
706 0 25313.0
707 0 25313.0
708 0 25313.0
709 0 25313.0
710 0 25313.0
711 0 25313.0
712 0 25313.0
713 0 25313.0
714 0 25313.0
715 0 25313.0
716 0 25313.0
717 0 25313.0
718 0 25313.0
719 0 25313.0
720 0 25313.0
721 0 25313.0
722 0 25313.0
723 0 25313.0
724 0 25313.0
725 0 25313.0
726 0 25313.0
727 0 25313.0
728 0 25313.0
729 0 25313.0
730 0 25313.0
731 0 25313.0
732 0 25313.0
733 0 25313.0
734 0 25313.0
735 0 25313.0
736 0 25313.0
737 0 25313.0
738 0 25313.0
739 0 25313.0
740 0 25313.0
741 0 25313.0
742 0 25313.0
743 0 25313.0
744 0 25313.0
745 0 25313.0
746 0 25313.0
747 0 25313.0
748 0 25313.0
749 0 25313.0
750 0 25313.0
751 0 25313.0
752 0 25313.0
753 0 25313.0
754 0 25313.0
755 0 25313.0
756 0 25313.0
757 0 25313.0
758 0 25313.0
759 0 25313.0
760 0 25313.0
761 0 25313.0
762 0 25313.0
763 0 25313.0
764 0 25313.0
765 0 25313.0
766 0 25313.0
767 0 25313.0
768 0 25313.0
769 0 25313.0
770 0 25313.0
771 0 25313.0
772 0 25313.0
773 0 25313.0
774 0 25313.0
775 0 25313.0
776 0 25313.0
777 0 25313.0
778 0 25313.0
779 0 25313.0
780 0 25313.0
781 0 25313.0
782 0 25313.0
783 0 25313.0
784 0 25313.0
785 0 25313.0
786 0 25313.0
787 0 25313.0
788 0 25313.0
789 0 25313.0
790 0 25313.0
791 0 25313.0
792 0 25313.0
793 0 25313.0
794 0 25313.0
795 0 25313.0
796 0 25313.0
797 0 25313.0
798 0 25313.0
799 0 25313.0
800 0 25313.0
801 0 25313.0
802 0 25313.0
803 0 25313.0
804 0 25313.0
805 0 25313.0
806 0 25313.0
807 0 25313.0
808 0 25313.0
809 0 25313.0
810 0 25313.0
811 0 25313.0
812 0 25313.0
813 0 25313.0
814 0 25313.0
815 0 25313.0
816 0 25313.0
817 0 25313.0
818 0 25313.0
819 0 25313.0
820 0 25313.0
821 0 25313.0
822 0 25313.0
823 0 25313.0
824 0 25313.0
825 0 25313.0
826 0 25313.0
827 0 25313.0
828 0 25313.0
829 0 25313.0
830 0 25313.0
831 0 25313.0
832 0 25313.0
833 0 25313.0
834 0 25313.0
835 0 25313.0
836 0 25313.0
837 0 25313.0
838 0 25313.0
839 0 25313.0
840 0 25313.0
841 0 25313.0
842 0 25313.0
843 0 25313.0
844 0 25313.0
845 0 25313.0
846 0 25313.0
847 0 25313.0
848 0 25313.0
849 0 25313.0
850 0 25313.0
851 0 25313.0
852 0 25313.0
853 0 25313.0
854 0 25313.0
855 0 25313.0
856 0 25313.0
857 0 25313.0
858 0 25313.0
859 0 25313.0
860 0 25313.0
861 0 25313.0
862 0 25313.0
863 0 25313.0
864 0 25313.0
865 0 25313.0
866 0 25313.0
867 0 25313.0
868 0 25313.0
869 0 25313.0
870 0 25313.0
871 0 25313.0
872 0 25313.0
873 0 25313.0
874 0 25313.0
875 0 25313.0
876 0 25313.0
877 0 25313.0
878 0 25313.0
879 0 25313.0
880 0 25313.0
881 0 25313.0
882 0 25313.0
883 0 25313.0
884 0 25313.0
885 0 25313.0
886 0 25313.0
887 0 25313.0
888 0 25313.0
889 0 25313.0
890 0 25313.0
891 0 25313.0
892 0 25313.0
893 0 25313.0
894 0 25313.0
895 0 25313.0
896 0 25313.0
897 0 25313.0
898 0 25313.0
899 0 25313.0
900 0 25313.0
901 0 25313.0
902 0 25313.0
903 0 25313.0
904 0 25313.0
905 0 25313.0
906 0 25313.0
907 0 25313.0
908 0 25313.0
909 0 25313.0
910 0 25313.0
911 0 25313.0
912 0 25313.0
913 0 25313.0
914 0 25313.0
915 0 25313.0
916 0 25313.0
917 0 25313.0
918 0 25313.0
919 0 25313.0
920 0 25313.0
921 0 25313.0
922 0 25313.0
923 0 25313.0
924 0 25313.0
925 0 25313.0
926 0 25313.0
927 0 25313.0
928 0 25313.0
929 0 25313.0
930 0 25313.0
931 0 25313.0
932 0 25313.0
933 0 25313.0
934 0 25313.0
935 0 25313.0
936 0 25313.0
937 0 25313.0
938 0 25313.0
939 0 25313.0
940 0 25313.0
941 0 25313.0
942 0 25313.0
943 0 25313.0
944 0 25313.0
945 0 25313.0
946 0 25313.0
947 0 25313.0
948 0 25313.0
949 0 25313.0
950 0 25313.0
951 0 25313.0
952 0 25313.0
953 0 25313.0
954 0 25313.0
955 0 25313.0
956 0 25313.0
957 0 25313.0
958 0 25313.0
959 0 25313.0
960 0 25313.0
961 0 25313.0
962 0 25313.0
963 0 25313.0
964 0 25313.0
965 0 25313.0
966 0 25313.0
967 0 25313.0
968 0 25313.0
969 0 25313.0
970 0 25313.0
971 0 25313.0
972 0 25313.0
973 0 25313.0
974 0 25313.0
975 0 25313.0
976 0 25313.0
977 0 25313.0
978 0 25313.0
979 0 25313.0
980 0 25313.0
981 0 25313.0
982 0 25313.0
983 0 25313.0
984 0 25313.0
985 0 25313.0
986 0 25313.0
987 0 25313.0
988 0 25313.0
989 0 25313.0
990 0 25313.0
991 0 25313.0
992 0 25313.0
993 0 25313.0
994 0 25313.0
995 0 25313.0
996 0 25313.0
997 0 25313.0
998 0 25313.0
999 0 25313.0
1000 0 25313.0
