1 1 15029.0
2 2 20498.0
3 2 25995.0
4 4 31299.0
5 3 36720.0
6 2 41977.0
7 3 47190.0
8 3 52325.0
9 3 57339.0
10 5 62574.0
11 5 67668.0
12 8 72717.0
13 8 77766.0
14 7 82925.0
15 6 87838.0
16 9 92852.0
17 11 97808.0
18 15 102613.0
19 17 107552.0
20 27 112569.0
21 30 117635.0
22 29 122714.0
23 33 127950.0
24 36 132837.0
25 54 138086.0
26 58 143277.0
27 61 148117.0
28 83 152982.0
29 84 157922.0
30 81 162814.0
31 79 167848.0
32 95 172595.0
33 102 177737.0
34 142 182783.0
35 154 187804.0
36 138 192662.0
37 136 197650.0
38 149 202806.0
39 155 207568.0
40 213 212443.0
41 236 217363.0
42 245 222240.0
43 250 227146.0
44 278 232105.0
45 293 236949.0
46 305 241975.0
47 348 246730.0
48 395 251847.0
49 391 256801.0
50 424 261484.0
51 438 266217.0
52 463 271101.0
53 460 276127.0
54 476 281001.0
55 485 285698.0
56 533 290570.0
57 518 295536.0
58 516 300487.0
59 547 305475.0
60 644 310294.0
61 721 315009.0
62 702 319769.0
63 661 324521.0
64 670 329391.0
65 709 334118.0
66 756 338990.0
67 773 343847.0
68 862 348790.0
69 840 353318.0
70 904 358164.0
71 935 362778.0
72 1089 367554.0
73 1054 372261.0
74 1044 377008.0
75 1126 381606.0
76 1186 386396.0
77 1210 390899.0
78 1273 395939.0
79 1244 400602.0
80 1286 405379.0
81 1278 410179.0
82 1285 414940.0
83 1357 419678.0
84 1359 424438.0
85 1426 429057.0
86 1478 433550.0
87 1581 438070.0
88 1572 442684.0
89 1624 447118.0
90 1633 451675.0
91 1701 456233.0
92 1742 460815.0
93 1727 465180.0
94 1765 469634.0
95 1925 474168.0
96 1940 478696.0
97 1972 483201.0
98 1956 487817.0
99 1930 492191.0
100 1944 496585.0
101 2047 501010.0
102 2153 505367.0
103 2232 509818.0
104 2244 514250.0
105 2269 518702.0
106 2353 523030.0
107 2411 527389.0
108 2449 531583.0
109 2464 536315.0
110 2425 540782.0
111 2607 545203.0
112 2685 549267.0
113 2710 553587.0
114 2721 557946.0
115 2701 562279.0
116 2776 566492.0
117 2885 570831.0
118 2939 575051.0
119 3032 579335.0
120 3113 583432.0
121 3247 587625.0
122 3324 591674.0
123 3273 595669.0
124 3317 599879.0
125 3266 603802.0
126 3429 607858.0
127 3512 611695.0
128 3756 615958.0
129 3735 619798.0
130 3775 623964.0
131 3651 627886.0
132 3598 632006.0
133 3649 636074.0
134 3846 639754.0
135 4147 643816.0
136 4053 647464.0
137 4054 651639.0
138 3851 655619.0
139 3969 659626.0
140 4036 663483.0
141 4410 667367.0
142 4713 671107.0
143 4825 674811.0
144 4584 678405.0
145 4546 682112.0
146 4629 685881.0
147 4702 689550.0
148 4941 693161.0
149 5031 696880.0
150 4934 700445.0
151 5113 704010.0
152 5263 707655.0
153 5313 711175.0
154 5268 715006.0
155 5168 718492.0
156 5335 722165.0
157 5474 725441.0
158 5742 728903.0
159 5722 732149.0
160 5702 735669.0
161 5684 739004.0
162 5789 742511.0
163 5904 745865.0
164 6144 749107.0
165 6384 752318.0
166 6406 755574.0
167 6296 758975.0
168 6280 762067.0
169 6484 765378.0
170 6637 768506.0
171 6679 771636.0
172 6711 774921.0
173 6793 778128.0
174 6860 781229.0
175 6953 784298.0
176 7080 787369.0
177 7342 790194.0
178 7625 793306.0
179 7492 796035.0
180 7424 799257.0
181 7414 802125.0
182 7558 805172.0
183 7579 808005.0
184 7781 810999.0
185 7911 813853.0
186 7884 816799.0
187 7954 819558.0
188 8326 822300.0
189 8394 824769.0
190 8563 827513.0
191 8495 830296.0
192 8492 833072.0
193 8705 835565.0
194 8882 838092.0
195 9087 840413.0
196 9071 843051.0
197 9102 845518.0
198 9447 848244.0
199 9182 850866.0
200 9228 848091.0
201 9017 841400.0
202 8229 835189.0
203 7753 829063.0
204 7549 823003.0
205 7237 817075.0
206 7093 811144.0
207 7146 805047.0
208 6992 799118.0
209 6883 793168.0
210 6865 787153.0
211 6803 781208.0
212 6788 775344.0
213 6731 769262.0
214 6741 763433.0
215 6742 757236.0
216 6703 751388.0
217 6481 745668.0
218 6337 739805.0
219 6287 734215.0
220 6358 728521.0
221 6635 722669.0
222 6634 716836.0
223 6629 710895.0
224 6605 705223.0
225 6412 699364.0
226 6532 693733.0
227 6436 688103.0
228 6290 682459.0
229 6219 676760.0
230 6392 671026.0
231 6507 665202.0
232 6658 659749.0
233 6374 654096.0
234 6303 648859.0
235 6065 643328.0
236 6276 637814.0
237 6561 631914.0
238 6850 626307.0
239 6412 620929.0
240 6231 615468.0
241 6382 609921.0
242 6529 604246.0
243 6484 598870.0
244 6329 593404.0
245 6540 587769.0
246 6705 582273.0
247 6537 576842.0
248 6528 571736.0
249 6275 566117.0
250 6360 560779.0
251 6371 555177.0
252 6480 549867.0
253 6352 544289.0
254 6279 539133.0
255 6130 533882.0
256 6149 528393.0
257 6160 523075.0
258 6205 517949.0
259 6189 512478.0
260 6409 507232.0
261 6351 501810.0
262 6171 496570.0
263 6162 491115.0
264 6359 485887.0
265 6285 480764.0
266 6383 475659.0
267 6297 470494.0
268 6075 465243.0
269 6129 460086.0
270 6038 454879.0
271 5806 450040.0
272 5778 444757.0
273 6050 439671.0
274 6048 434692.0
275 6091 429485.0
276 6084 424620.0
277 5741 419536.0
278 5823 414763.0
279 5772 409579.0
280 5870 404533.0
281 5992 399671.0
282 6068 394697.0
283 5932 389984.0
284 5941 385107.0
285 5793 380505.0
286 5561 375913.0
287 5542 371296.0
288 5647 366730.0
289 5753 361932.0
290 5756 357392.0
291 5620 352735.0
292 5546 348188.0
293 5281 343592.0
294 5129 339384.0
295 5177 335015.0
296 5299 330553.0
297 5502 325801.0
298 5501 321185.0
299 5283 316599.0
300 5124 312362.0
301 5085 307845.0
302 5310 303394.0
303 5332 298940.0
304 5140 294726.0
305 5009 290424.0
306 4961 286260.0
307 4918 281870.0
308 5046 277422.0
309 5080 273152.0
310 5009 268876.0
311 5020 264739.0
312 4921 260555.0
313 4943 256541.0
314 4921 252414.0
315 4887 248261.0
316 4878 244247.0
317 4832 239994.0
318 4891 236104.0
319 4850 232089.0
320 4736 228403.0
321 4725 224430.0
322 4745 220579.0
323 4853 216896.0
324 4675 212964.0
325 4508 209214.0
326 4319 205595.0
327 4190 201759.0
328 4184 198171.0
329 4127 194613.0
330 4215 190954.0
331 4341 187342.0
332 4247 183827.0
333 4114 180468.0
334 3881 177098.0
335 3920 173711.0
336 3966 170429.0
337 3836 166935.0
338 3667 163692.0
339 3518 160649.0
340 3598 157441.0
341 3585 154327.0
342 3528 151175.0
343 3480 148276.0
344 3261 145153.0
345 3207 142208.0
346 3239 139343.0
347 3248 136218.0
348 3229 133214.0
349 3337 130294.0
350 3318 127424.0
351 3300 124755.0
352 3246 122052.0
353 3267 119147.0
354 3187 116571.0
355 3088 113865.0
356 3063 111219.0
357 2940 108611.0
358 2884 106159.0
359 2832 103552.0
360 2854 101106.0
361 2675 98602.0
362 2518 96476.0
363 2459 94163.0
364 2491 91778.0
365 2488 89456.0
366 2455 87410.0
367 2406 85411.0
368 2401 83319.0
369 2356 81176.0
370 2236 79040.0
371 2209 77149.0
372 2237 75297.0
373 2331 73312.0
374 2357 71367.0
375 2137 69653.0
376 2018 67873.0
377 1949 66125.0
378 1913 64327.0
379 1831 62675.0
380 1771 61225.0
381 1744 59558.0
382 1692 57984.0
383 1659 56306.0
384 1697 54771.0
385 1623 53199.0
386 1603 51762.0
387 1584 50327.0
388 1555 48988.0
389 1478 47700.0
390 1409 46448.0
391 1313 45319.0
392 1307 44131.0
393 1213 42777.0
394 1144 41573.0
395 1129 40531.0
396 1112 39417.0
397 1127 38362.0
398 1104 37393.0
399 1034 36412.0
400 960 36143.0
401 883 35957.0
402 810 35691.0
403 805 35486.0
404 801 35238.0
405 835 34987.0
406 821 34771.0
407 790 34545.0
408 814 34304.0
409 804 34081.0
410 790 33844.0
411 745 33681.0
412 708 33442.0
413 722 33284.0
414 654 33121.0
415 553 33007.0
416 471 32883.0
417 460 32764.0
418 451 32627.0
419 473 32492.0
420 482 32361.0
421 455 32225.0
422 465 32108.0
423 467 31982.0
424 433 31849.0
425 442 31740.0
426 418 31623.0
427 384 31542.0
428 367 31425.0
429 404 31310.0
430 401 31182.0
431 413 31069.0
432 421 30943.0
433 406 30856.0
434 369 30730.0
435 388 30637.0
436 371 30533.0
437 373 30429.0
438 377 30321.0
439 386 30210.0
440 344 30148.0
441 275 30072.0
442 264 30014.0
443 243 29954.0
444 231 29896.0
445 238 29808.0
446 245 29762.0
447 222 29673.0
448 270 29604.0
449 294 29496.0
450 315 29415.0
451 287 29339.0
452 262 29284.0
453 240 29213.0
454 249 29141.0
455 254 29087.0
456 227 29000.0
457 249 28967.0
458 243 28856.0
459 278 28808.0
460 255 28730.0
461 236 28666.0
462 230 28610.0
463 212 28567.0
464 186 28520.0
465 173 28470.0
466 177 28422.0
467 184 28371.0
468 183 28319.0
469 163 28276.0
470 162 28225.0
471 179 28171.0
472 192 28111.0
473 209 28044.0
474 194 28013.0
475 165 27962.0
476 167 27910.0
477 170 27868.0
478 159 27837.0
479 143 27784.0
480 150 27759.0
481 124 27719.0
482 128 27692.0
483 123 27658.0
484 110 27637.0
485 97 27614.0
486 96 27580.0
487 100 27551.0
488 115 27515.0
489 115 27483.0
490 98 27471.0
491 72 27461.0
492 54 27441.0
493 69 27424.0
494 74 27392.0
495 92 27368.0
496 99 27320.0
497 118 27296.0
498 121 27237.0
499 150 27215.0
500 130 27152.0
501 156 27123.0
502 136 27080.0
503 121 27059.0
504 97 27039.0
505 69 27032.0
506 57 27017.0
507 61 26993.0
508 80 26966.0
509 90 26939.0
510 93 26911.0
511 92 26890.0
512 92 26847.0
513 104 26831.0
514 82 26810.0
515 60 26801.0
516 49 26790.0
517 46 26780.0
518 55 26755.0
519 69 26739.0
520 65 26721.0
521 58 26706.0
522 60 26681.0
523 86 26654.0
524 108 26607.0
525 121 26589.0
526 91 26563.0
527 76 26556.0
528 60 26534.0
529 68 26514.0
530 77 26481.0
531 81 26466.0
532 74 26445.0
533 84 26412.0
534 108 26372.0
535 110 26349.0
536 81 26337.0
537 63 26320.0
538 69 26301.0
539 78 26274.0
540 70 26259.0
541 65 26242.0
542 69 26219.0
543 70 26197.0
544 68 26184.0
545 59 26171.0
546 64 26143.0
547 82 26122.0
548 89 26087.0
549 84 26073.0
550 73 26045.0
551 81 26022.0
552 93 25994.0
553 97 25965.0
554 76 25957.0
555 52 25949.0
556 41 25942.0
557 37 25931.0
558 44 25916.0
559 47 25904.0
560 41 25889.0
561 50 25878.0
562 43 25876.0
563 27 25868.0
564 28 25864.0
565 26 25849.0
566 38 25841.0
567 40 25825.0
568 43 25816.0
569 37 25804.0
570 32 25803.0
571 20 25800.0
572 17 25796.0
573 16 25790.0
574 21 25784.0
575 16 25784.0
576 8 25784.0
577 4 25784.0
578 2 25784.0
579 1 25784.0
580 0 25784.0
581 0 25784.0
582 0 25784.0
583 0 25784.0
584 0 25784.0
585 0 25784.0
586 0 25784.0
587 0 25784.0
588 0 25784.0
589 0 25784.0
590 0 25784.0
591 0 25784.0
592 0 25784.0
593 0 25784.0
594 0 25784.0
595 0 25784.0
596 0 25784.0
597 0 25784.0
598 0 25784.0
599 0 25784.0
600 0 25784.0
601 0 25784.0
602 0 25784.0
603 0 25784.0
604 0 25784.0
605 0 25784.0
606 0 25784.0
607 0 25784.0
608 0 25784.0
609 0 25784.0
610 0 25784.0
611 0 25784.0
612 0 25784.0
613 0 25784.0
614 0 25784.0
615 0 25784.0
616 0 25784.0
617 0 25784.0
618 0 25784.0
619 0 25784.0
620 0 25784.0
621 0 25784.0
622 0 25784.0
623 0 25784.0
624 0 25784.0
625 0 25784.0
626 0 25784.0
627 0 25784.0
628 0 25784.0
629 0 25784.0
630 0 25784.0
631 0 25784.0
632 0 25784.0
633 0 25784.0
634 0 25784.0
635 0 25784.0
636 0 25784.0
637 0 25784.0
638 0 25784.0
639 0 25784.0
640 0 25784.0
641 0 25784.0
642 0 25784.0
643 0 25784.0
644 0 25784.0
645 0 25784.0
646 0 25784.0
647 0 25784.0
648 0 25784.0
649 0 25784.0
650 0 25784.0
651 0 25784.0
652 0 25784.0
653 0 25784.0
654 0 25784.0
655 0 25784.0
656 0 25784.0
657 0 25784.0
658 0 25784.0
659 0 25784.0
660 0 25784.0
661 0 25784.0
662 0 25784.0
663 0 25784.0
664 0 25784.0
665 0 25784.0
666 0 25784.0
667 0 25784.0
668 0 25784.0
669 0 25784.0
670 0 25784.0
671 0 25784.0
672 0 25784.0
673 0 25784.0
674 0 25784.0
675 0 25784.0
676 0 25784.0
677 0 25784.0
678 0 25784.0
679 0 25784.0
680 0 25784.0
681 0 25784.0
682 0 25784.0
683 0 25784.0
684 0 25784.0
685 0 25784.0
686 0 25784.0
687 0 25784.0
688 0 25784.0
689 0 25784.0
690 0 25784.0
691 0 25784.0
692 0 25784.0
693 0 25784.0
694 0 25784.0
695 0 25784.0
696 0 25784.0
697 0 25784.0
698 0 25784.0
699 0 25784.0
700 0 25784.0
701 0 25784.0
702 0 25784.0
703 0 25784.0
704 0 25784.0
705 0 25784.0
706 0 25784.0
707 0 25784.0
708 0 25784.0
709 0 25784.0
710 0 25784.0
711 0 25784.0
712 0 25784.0
713 0 25784.0
714 0 25784.0
715 0 25784.0
716 0 25784.0
717 0 25784.0
718 0 25784.0
719 0 25784.0
720 0 25784.0
721 0 25784.0
722 0 25784.0
723 0 25784.0
724 0 25784.0
725 0 25784.0
726 0 25784.0
727 0 25784.0
728 0 25784.0
729 0 25784.0
730 0 25784.0
731 0 25784.0
732 0 25784.0
733 0 25784.0
734 0 25784.0
735 0 25784.0
736 0 25784.0
737 0 25784.0
738 0 25784.0
739 0 25784.0
740 0 25784.0
741 0 25784.0
742 0 25784.0
743 0 25784.0
744 0 25784.0
745 0 25784.0
746 0 25784.0
747 0 25784.0
748 0 25784.0
749 0 25784.0
750 0 25784.0
751 0 25784.0
752 0 25784.0
753 0 25784.0
754 0 25784.0
755 0 25784.0
756 0 25784.0
757 0 25784.0
758 0 25784.0
759 0 25784.0
760 0 25784.0
761 0 25784.0
762 0 25784.0
763 0 25784.0
764 0 25784.0
765 0 25784.0
766 0 25784.0
767 0 25784.0
768 0 25784.0
769 0 25784.0
770 0 25784.0
771 0 25784.0
772 0 25784.0
773 0 25784.0
774 0 25784.0
775 0 25784.0
776 0 25784.0
777 0 25784.0
778 0 25784.0
779 0 25784.0
780 0 25784.0
781 0 25784.0
782 0 25784.0
783 0 25784.0
784 0 25784.0
785 0 25784.0
786 0 25784.0
787 0 25784.0
788 0 25784.0
789 0 25784.0
790 0 25784.0
791 0 25784.0
792 0 25784.0
793 0 25784.0
794 0 25784.0
795 0 25784.0
796 0 25784.0
797 0 25784.0
798 0 25784.0
799 0 25784.0
800 0 25784.0
801 0 25784.0
802 0 25784.0
803 0 25784.0
804 0 25784.0
805 0 25784.0
806 0 25784.0
807 0 25784.0
808 0 25784.0
809 0 25784.0
810 0 25784.0
811 0 25784.0
812 0 25784.0
813 0 25784.0
814 0 25784.0
815 0 25784.0
816 0 25784.0
817 0 25784.0
818 0 25784.0
819 0 25784.0
820 0 25784.0
821 0 25784.0
822 0 25784.0
823 0 25784.0
824 0 25784.0
825 0 25784.0
826 0 25784.0
827 0 25784.0
828 0 25784.0
829 0 25784.0
830 0 25784.0
831 0 25784.0
832 0 25784.0
833 0 25784.0
834 0 25784.0
835 0 25784.0
836 0 25784.0
837 0 25784.0
838 0 25784.0
839 0 25784.0
840 0 25784.0
841 0 25784.0
842 0 25784.0
843 0 25784.0
844 0 25784.0
845 0 25784.0
846 0 25784.0
847 0 25784.0
848 0 25784.0
849 0 25784.0
850 0 25784.0
851 0 25784.0
852 0 25784.0
853 0 25784.0
854 0 25784.0
855 0 25784.0
856 0 25784.0
857 0 25784.0
858 0 25784.0
859 0 25784.0
860 0 25784.0
861 0 25784.0
862 0 25784.0
863 0 25784.0
864 0 25784.0
865 0 25784.0
866 0 25784.0
867 0 25784.0
868 0 25784.0
869 0 25784.0
870 0 25784.0
871 0 25784.0
872 0 25784.0
873 0 25784.0
874 0 25784.0
875 0 25784.0
876 0 25784.0
877 0 25784.0
878 0 25784.0
879 0 25784.0
880 0 25784.0
881 0 25784.0
882 0 25784.0
883 0 25784.0
884 0 25784.0
885 0 25784.0
886 0 25784.0
887 0 25784.0
888 0 25784.0
889 0 25784.0
890 0 25784.0
891 0 25784.0
892 0 25784.0
893 0 25784.0
894 0 25784.0
895 0 25784.0
896 0 25784.0
897 0 25784.0
898 0 25784.0
899 0 25784.0
900 0 25784.0
901 0 25784.0
902 0 25784.0
903 0 25784.0
904 0 25784.0
905 0 25784.0
906 0 25784.0
907 0 25784.0
908 0 25784.0
909 0 25784.0
910 0 25784.0
911 0 25784.0
912 0 25784.0
913 0 25784.0
914 0 25784.0
915 0 25784.0
916 0 25784.0
917 0 25784.0
918 0 25784.0
919 0 25784.0
920 0 25784.0
921 0 25784.0
922 0 25784.0
923 0 25784.0
924 0 25784.0
925 0 25784.0
926 0 25784.0
927 0 25784.0
928 0 25784.0
929 0 25784.0
930 0 25784.0
931 0 25784.0
932 0 25784.0
933 0 25784.0
934 0 25784.0
935 0 25784.0
936 0 25784.0
937 0 25784.0
938 0 25784.0
939 0 25784.0
940 0 25784.0
941 0 25784.0
942 0 25784.0
943 0 25784.0
944 0 25784.0
945 0 25784.0
946 0 25784.0
947 0 25784.0
948 0 25784.0
949 0 25784.0
950 0 25784.0
951 0 25784.0
952 0 25784.0
953 0 25784.0
954 0 25784.0
955 0 25784.0
956 0 25784.0
957 0 25784.0
958 0 25784.0
959 0 25784.0
960 0 25784.0
961 0 25784.0
962 0 25784.0
963 0 25784.0
964 0 25784.0
965 0 25784.0
966 0 25784.0
967 0 25784.0
968 0 25784.0
969 0 25784.0
970 0 25784.0
971 0 25784.0
972 0 25784.0
973 0 25784.0
974 0 25784.0
975 0 25784.0
976 0 25784.0
977 0 25784.0
978 0 25784.0
979 0 25784.0
980 0 25784.0
981 0 25784.0
982 0 25784.0
983 0 25784.0
984 0 25784.0
985 0 25784.0
986 0 25784.0
987 0 25784.0
988 0 25784.0
989 0 25784.0
990 0 25784.0
991 0 25784.0
992 0 25784.0
993 0 25784.0
994 0 25784.0
995 0 25784.0
996 0 25784.0
997 0 25784.0
998 0 25784.0
999 0 25784.0
1000 0 25784.0
