1 1 15018.0
2 2 20532.0
3 2 26316.0
4 2 31629.0
5 2 36881.0
6 4 42015.0
7 4 47090.0
8 8 52288.0
9 6 57456.0
10 9 62629.0
11 7 67717.0
12 6 72908.0
13 9 78121.0
14 10 82998.0
15 18 88067.0
16 17 93055.0
17 28 97980.0
18 22 103104.0
19 23 108147.0
20 35 112893.0
21 31 117941.0
22 47 122896.0
23 47 128064.0
24 58 133048.0
25 62 137990.0
26 83 142923.0
27 94 147886.0
28 92 152814.0
29 102 157959.0
30 97 162914.0
31 106 167866.0
32 110 172953.0
33 126 177924.0
34 125 183006.0
35 121 187884.0
36 136 192789.0
37 147 197632.0
38 150 202538.0
39 171 207598.0
40 181 212522.0
41 190 217492.0
42 175 222470.0
43 201 227551.0
44 224 232432.0
45 260 237432.0
46 264 242364.0
47 285 247151.0
48 298 252103.0
49 313 257044.0
50 337 261946.0
51 358 266789.0
52 379 271540.0
53 398 276267.0
54 398 281163.0
55 420 285836.0
56 430 290657.0
57 504 295532.0
58 526 300495.0
59 549 305240.0
60 577 309983.0
61 597 314794.0
62 594 319683.0
63 576 324735.0
64 581 329647.0
65 632 334438.0
66 639 339299.0
67 662 344259.0
68 724 349230.0
69 784 354032.0
70 839 358863.0
71 815 363619.0
72 824 368461.0
73 888 373158.0
74 937 377929.0
75 1033 382530.0
76 1041 387217.0
77 1130 391835.0
78 1089 396600.0
79 1074 401270.0
80 1087 406115.0
81 1109 410887.0
82 1234 415613.0
83 1214 420122.0
84 1190 424747.0
85 1220 429248.0
86 1321 433902.0
87 1356 438334.0
88 1489 443013.0
89 1494 447575.0
90 1587 452162.0
91 1644 456870.0
92 1662 461259.0
93 1736 465757.0
94 1752 470187.0
95 1669 474799.0
96 1694 479412.0
97 1841 483917.0
98 1928 488175.0
99 2052 492630.0
100 2017 497121.0
101 1940 501795.0
102 1930 506220.0
103 2108 510750.0
104 2174 514913.0
105 2243 519464.0
106 2310 523901.0
107 2344 528335.0
108 2384 532920.0
109 2487 537188.0
110 2573 541346.0
111 2456 545598.0
112 2456 549932.0
113 2562 554250.0
114 2617 558547.0
115 2769 562915.0
116 2870 567094.0
117 2906 571321.0
118 2809 575533.0
119 2761 579733.0
120 2920 583905.0
121 3172 587998.0
122 3209 591998.0
123 3242 596070.0
124 3248 600204.0
125 3170 604135.0
126 3248 608285.0
127 3307 612382.0
128 3437 616442.0
129 3493 620322.0
130 3495 624584.0
131 3391 628663.0
132 3474 632592.0
133 3720 636563.0
134 3908 640469.0
135 3956 644464.0
136 3951 648510.0
137 3905 652527.0
138 3974 656347.0
139 4114 659975.0
140 4267 663802.0
141 4413 667630.0
142 4256 671697.0
143 4263 675450.0
144 4274 679381.0
145 4444 683004.0
146 4631 686899.0
147 4749 690706.0
148 4666 694618.0
149 4627 698134.0
150 4881 701880.0
151 5025 705512.0
152 5204 709070.0
153 5170 712740.0
154 5190 716157.0
155 5298 719781.0
156 5438 723114.0
157 5655 726418.0
158 5652 729882.0
159 5624 733489.0
160 5597 737120.0
161 5677 740679.0
162 5738 744302.0
163 5627 747803.0
164 5770 751291.0
165 5942 754861.0
166 6049 758222.0
167 6275 761486.0
168 6334 764887.0
169 6227 768429.0
170 6197 771692.0
171 6269 774853.0
172 6336 778075.0
173 6472 781220.0
174 6655 784396.0
175 6781 787694.0
176 6840 791144.0
177 6986 794144.0
178 7082 797286.0
179 7188 800596.0
180 7187 803617.0
181 7419 806743.0
182 7610 809550.0
183 7683 812505.0
184 7587 815591.0
185 7586 818354.0
186 7893 821395.0
187 7712 824200.0
188 7824 827138.0
189 7949 829970.0
190 8292 832617.0
191 8591 835115.0
192 8775 838092.0
193 8568 840700.0
194 8661 843439.0
195 8694 846038.0
196 8764 848818.0
197 8632 851548.0
198 8790 854464.0
199 8912 856934.0
200 9278 853999.0
201 9099 847571.0
202 8232 841013.0
203 7858 835074.0
204 7328 829281.0
205 7085 823190.0
206 7301 817205.0
207 7237 811103.0
208 7048 805334.0
209 6783 799652.0
210 6658 793775.0
211 6641 787875.0
212 6630 782071.0
213 6602 776113.0
214 6831 770117.0
215 6911 764176.0
216 6479 758350.0
217 6414 752535.0
218 6534 746797.0
219 6603 740996.0
220 6800 735056.0
221 6826 728982.0
222 6587 723252.0
223 6443 717327.0
224 6589 711692.0
225 6606 705838.0
226 6632 700134.0
227 6412 694398.0
228 6524 688652.0
229 6443 682977.0
230 6534 677077.0
231 6701 671612.0
232 6530 665733.0
233 6431 660282.0
234 6361 654569.0
235 6543 648674.0
236 6924 642947.0
237 6819 637176.0
238 6500 631738.0
239 6222 626413.0
240 6347 620813.0
241 6492 615312.0
242 6522 609776.0
243 6429 604223.0
244 6547 598823.0
245 6473 593497.0
246 6568 587789.0
247 6599 582509.0
248 6176 577228.0
249 6052 571987.0
250 5964 566453.0
251 6294 560969.0
252 6408 555561.0
253 6386 550165.0
254 6213 545082.0
255 6105 539796.0
256 5898 534640.0
257 5935 529384.0
258 6034 524106.0
259 6078 518967.0
260 6002 513526.0
261 6252 508294.0
262 6354 502916.0
263 6382 497588.0
264 6122 492570.0
265 5653 487651.0
266 5569 482604.0
267 5587 477499.0
268 5963 472476.0
269 6163 467290.0
270 6234 462092.0
271 6250 457009.0
272 6010 451762.0
273 5869 446780.0
274 5873 441805.0
275 5924 436814.0
276 5939 431929.0
277 5671 427061.0
278 5655 422310.0
279 5876 417380.0
280 5935 412380.0
281 5865 407585.0
282 5704 402711.0
283 5667 397692.0
284 5752 392809.0
285 5638 387992.0
286 5590 383309.0
287 5460 378798.0
288 5399 373927.0
289 5515 369287.0
290 5518 364432.0
291 5371 359907.0
292 5208 355090.0
293 5341 350370.0
294 5420 345635.0
295 5570 340974.0
296 5554 336400.0
297 5325 332009.0
298 5115 327636.0
299 5077 323146.0
300 5090 318713.0
301 5331 314087.0
302 5743 309369.0
303 5705 304795.0
304 5344 300533.0
305 5056 296437.0
306 4889 292314.0
307 5019 287940.0
308 5188 283448.0
309 5148 279250.0
310 4961 275131.0
311 4768 270926.0
312 4712 266743.0
313 4708 262698.0
314 4898 258355.0
315 5076 254236.0
316 4833 250157.0
317 4828 245928.0
318 4908 241778.0
319 4841 237818.0
320 4883 233549.0
321 4871 229508.0
322 4742 225495.0
323 4706 221589.0
324 4857 217690.0
325 4815 213956.0
326 4590 210160.0
327 4494 206317.0
328 4441 202540.0
329 4428 198707.0
330 4325 194839.0
331 4371 191212.0
332 4386 187614.0
333 4205 184188.0
334 3992 180849.0
335 3780 177562.0
336 3672 174223.0
337 3556 170826.0
338 3477 167686.0
339 3612 164300.0
340 3732 160989.0
341 3660 157978.0
342 3493 155028.0
343 3341 151953.0
344 3354 149030.0
345 3482 146053.0
346 3538 143106.0
347 3666 139782.0
348 3739 136632.0
349 3616 133592.0
350 3582 130756.0
351 3547 127871.0
352 3473 125055.0
353 3363 122287.0
354 3195 119527.0
355 3151 116780.0
356 3212 114148.0
357 3143 111273.0
358 3076 108604.0
359 2935 105941.0
360 2814 103578.0
361 2718 101272.0
362 2608 98937.0
363 2492 96579.0
364 2563 94215.0
365 2546 91816.0
366 2518 89529.0
367 2456 87274.0
368 2404 85142.0
369 2421 82898.0
370 2531 80656.0
371 2476 78421.0
372 2395 76389.0
373 2272 74650.0
374 2167 72722.0
375 2096 70924.0
376 2024 69159.0
377 1968 67485.0
378 1956 65752.0
379 1912 64031.0
380 1916 62270.0
381 1845 60320.0
382 1800 58975.0
383 1671 57397.0
384 1613 55903.0
385 1622 54305.0
386 1667 52815.0
387 1656 51355.0
388 1595 49925.0
389 1561 48563.0
390 1553 47093.0
391 1463 45891.0
392 1390 44750.0
393 1381 43426.0
394 1318 42288.0
395 1266 41234.0
396 1193 40071.0
397 1148 39015.0
398 1130 37941.0
399 1099 37046.0
400 1037 36740.0
401 988 36470.0
402 945 36215.0
403 887 35982.0
404 841 35757.0
405 840 35496.0
406 847 35250.0
407 843 35040.0
408 806 34790.0
409 830 34586.0
410 790 34354.0
411 739 34145.0
412 744 33955.0
413 723 33718.0
414 766 33529.0
415 716 33314.0
416 689 33146.0
417 634 32977.0
418 618 32824.0
419 563 32679.0
420 524 32535.0
421 528 32413.0
422 501 32265.0
423 460 32163.0
424 430 32031.0
425 455 31912.0
426 448 31773.0
427 443 31636.0
428 462 31510.0
429 451 31377.0
430 419 31286.0
431 379 31181.0
432 362 31088.0
433 335 31004.0
434 308 30929.0
435 296 30855.0
436 291 30770.0
437 285 30709.0
438 271 30616.0
439 258 30566.0
440 217 30499.0
441 218 30455.0
442 207 30367.0
443 267 30304.0
444 254 30210.0
445 243 30165.0
446 227 30092.0
447 246 30036.0
448 224 29981.0
449 223 29916.0
450 212 29866.0
451 166 29833.0
452 154 29792.0
453 146 29753.0
454 157 29702.0
455 173 29660.0
456 163 29617.0
457 141 29592.0
458 121 29561.0
459 117 29528.0
460 109 29493.0
461 120 29461.0
462 128 29408.0
463 145 29373.0
464 111 29358.0
465 89 29333.0
466 94 29304.0
467 122 29252.0
468 153 29203.0
469 161 29160.0
470 156 29110.0
471 148 29073.0
472 131 29044.0
473 115 29024.0
474 90 29004.0
475 79 28984.0
476 79 28966.0
477 69 28949.0
478 65 28929.0
479 63 28915.0
480 69 28886.0
481 78 28865.0
482 80 28835.0
483 85 28817.0
484 80 28786.0
485 82 28773.0
486 70 28749.0
487 68 28735.0
488 59 28717.0
489 59 28704.0
490 54 28681.0
491 69 28671.0
492 62 28638.0
493 72 28631.0
494 60 28600.0
495 79 28588.0
496 75 28561.0
497 70 28545.0
498 69 28528.0
499 68 28503.0
500 65 28494.0
501 42 28487.0
502 33 28482.0
503 28 28479.0
504 18 28472.0
505 25 28470.0
506 22 28457.0
507 28 28452.0
508 28 28436.0
509 44 28427.0
510 47 28408.0
511 54 28385.0
512 55 28375.0
513 46 28365.0
514 43 28349.0
515 52 28335.0
516 57 28311.0
517 57 28299.0
518 52 28284.0
519 49 28273.0
520 42 28258.0
521 41 28248.0
522 37 28238.0
523 49 28222.0
524 46 28218.0
525 25 28218.0
526 15 28216.0
527 9 28215.0
528 6 28215.0
529 5 28212.0
530 7 28212.0
531 6 28207.0
532 11 28206.0
533 12 28196.0
534 22 28194.0
535 18 28193.0
536 12 28189.0
537 9 28187.0
538 9 28185.0
539 9 28179.0
540 15 28177.0
541 17 28164.0
542 30 28160.0
543 25 28157.0
544 17 28155.0
545 11 28151.0
546 10 28151.0
547 7 28147.0
548 10 28146.0
549 11 28137.0
550 20 28135.0
551 16 28127.0
552 13 28126.0
553 9 28123.0
554 8 28120.0
555 10 28117.0
556 14 28111.0
557 20 28103.0
558 28 28091.0
559 34 28085.0
560 30 28071.0
561 26 28065.0
562 23 28057.0
563 20 28051.0
564 23 28047.0
565 23 28033.0
566 36 28026.0
567 34 28013.0
568 32 28008.0
569 32 27998.0
570 30 27991.0
571 22 27986.0
572 28 27979.0
573 29 27970.0
574 33 27956.0
575 44 27944.0
576 56 27913.0
577 67 27902.0
578 54 27887.0
579 49 27876.0
580 45 27870.0
581 31 27863.0
582 27 27862.0
583 20 27851.0
584 27 27849.0
585 21 27840.0
586 17 27840.0
587 9 27839.0
588 5 27838.0
589 3 27838.0
590 2 27837.0
591 2 27837.0
592 2 27835.0
593 4 27835.0
594 4 27831.0
595 8 27831.0
596 8 27823.0
597 16 27823.0
598 13 27813.0
599 11 27813.0
600 5 27813.0
601 3 27812.0
602 2 27812.0
603 1 27811.0
604 2 27811.0
605 2 27809.0
606 4 27809.0
607 4 27805.0
608 8 27805.0
609 8 27797.0
610 16 27797.0
611 16 27781.0
612 32 27781.0
613 24 27776.0
614 16 27773.0
615 12 27771.0
616 12 27768.0
617 12 27762.0
618 19 27757.0
619 16 27754.0
620 10 27754.0
621 7 27750.0
622 6 27750.0
623 8 27746.0
624 12 27742.0
625 10 27740.0
626 5 27739.0
627 3 27739.0
628 2 27739.0
629 1 27739.0
630 1 27739.0
631 0 27739.0
632 0 27739.0
633 0 27739.0
634 0 27739.0
635 0 27739.0
636 0 27739.0
637 0 27739.0
638 0 27739.0
639 0 27739.0
640 0 27739.0
641 0 27739.0
642 0 27739.0
643 0 27739.0
644 0 27739.0
645 0 27739.0
646 0 27739.0
647 0 27739.0
648 0 27739.0
649 0 27739.0
650 0 27739.0
651 0 27739.0
652 0 27739.0
653 0 27739.0
654 0 27739.0
655 0 27739.0
656 0 27739.0
657 0 27739.0
658 0 27739.0
659 0 27739.0
660 0 27739.0
661 0 27739.0
662 0 27739.0
663 0 27739.0
664 0 27739.0
665 0 27739.0
666 0 27739.0
667 0 27739.0
668 0 27739.0
669 0 27739.0
670 0 27739.0
671 0 27739.0
672 0 27739.0
673 0 27739.0
674 0 27739.0
675 0 27739.0
676 0 27739.0
677 0 27739.0
678 0 27739.0
679 0 27739.0
680 0 27739.0
681 0 27739.0
682 0 27739.0
683 0 27739.0
684 0 27739.0
685 0 27739.0
686 0 27739.0
687 0 27739.0
688 0 27739.0
689 0 27739.0
690 0 27739.0
691 0 27739.0
692 0 27739.0
693 0 27739.0
694 0 27739.0
695 0 27739.0
696 0 27739.0
697 0 27739.0
698 0 27739.0
699 0 27739.0
700 0 27739.0
701 0 27739.0
702 0 27739.0
703 0 27739.0
704 0 27739.0
705 0 27739.0
706 0 27739.0
707 0 27739.0
708 0 27739.0
709 0 27739.0
710 0 27739.0
711 0 27739.0
712 0 27739.0
713 0 27739.0
714 0 27739.0
715 0 27739.0
716 0 27739.0
717 0 27739.0
718 0 27739.0
719 0 27739.0
720 0 27739.0
721 0 27739.0
722 0 27739.0
723 0 27739.0
724 0 27739.0
725 0 27739.0
726 0 27739.0
727 0 27739.0
728 0 27739.0
729 0 27739.0
730 0 27739.0
731 0 27739.0
732 0 27739.0
733 0 27739.0
734 0 27739.0
735 0 27739.0
736 0 27739.0
737 0 27739.0
738 0 27739.0
739 0 27739.0
740 0 27739.0
741 0 27739.0
742 0 27739.0
743 0 27739.0
744 0 27739.0
745 0 27739.0
746 0 27739.0
747 0 27739.0
748 0 27739.0
749 0 27739.0
750 0 27739.0
751 0 27739.0
752 0 27739.0
753 0 27739.0
754 0 27739.0
755 0 27739.0
756 0 27739.0
757 0 27739.0
758 0 27739.0
759 0 27739.0
760 0 27739.0
761 0 27739.0
762 0 27739.0
763 0 27739.0
764 0 27739.0
765 0 27739.0
766 0 27739.0
767 0 27739.0
768 0 27739.0
769 0 27739.0
770 0 27739.0
771 0 27739.0
772 0 27739.0
773 0 27739.0
774 0 27739.0
775 0 27739.0
776 0 27739.0
777 0 27739.0
778 0 27739.0
779 0 27739.0
780 0 27739.0
781 0 27739.0
782 0 27739.0
783 0 27739.0
784 0 27739.0
785 0 27739.0
786 0 27739.0
787 0 27739.0
788 0 27739.0
789 0 27739.0
790 0 27739.0
791 0 27739.0
792 0 27739.0
793 0 27739.0
794 0 27739.0
795 0 27739.0
796 0 27739.0
797 0 27739.0
798 0 27739.0
799 0 27739.0
800 0 27739.0
801 0 27739.0
802 0 27739.0
803 0 27739.0
804 0 27739.0
805 0 27739.0
806 0 27739.0
807 0 27739.0
808 0 27739.0
809 0 27739.0
810 0 27739.0
811 0 27739.0
812 0 27739.0
813 0 27739.0
814 0 27739.0
815 0 27739.0
816 0 27739.0
817 0 27739.0
818 0 27739.0
819 0 27739.0
820 0 27739.0
821 0 27739.0
822 0 27739.0
823 0 27739.0
824 0 27739.0
825 0 27739.0
826 0 27739.0
827 0 27739.0
828 0 27739.0
829 0 27739.0
830 0 27739.0
831 0 27739.0
832 0 27739.0
833 0 27739.0
834 0 27739.0
835 0 27739.0
836 0 27739.0
837 0 27739.0
838 0 27739.0
839 0 27739.0
840 0 27739.0
841 0 27739.0
842 0 27739.0
843 0 27739.0
844 0 27739.0
845 0 27739.0
846 0 27739.0
847 0 27739.0
848 0 27739.0
849 0 27739.0
850 0 27739.0
851 0 27739.0
852 0 27739.0
853 0 27739.0
854 0 27739.0
855 0 27739.0
856 0 27739.0
857 0 27739.0
858 0 27739.0
859 0 27739.0
860 0 27739.0
861 0 27739.0
862 0 27739.0
863 0 27739.0
864 0 27739.0
865 0 27739.0
866 0 27739.0
867 0 27739.0
868 0 27739.0
869 0 27739.0
870 0 27739.0
871 0 27739.0
872 0 27739.0
873 0 27739.0
874 0 27739.0
875 0 27739.0
876 0 27739.0
877 0 27739.0
878 0 27739.0
879 0 27739.0
880 0 27739.0
881 0 27739.0
882 0 27739.0
883 0 27739.0
884 0 27739.0
885 0 27739.0
886 0 27739.0
887 0 27739.0
888 0 27739.0
889 0 27739.0
890 0 27739.0
891 0 27739.0
892 0 27739.0
893 0 27739.0
894 0 27739.0
895 0 27739.0
896 0 27739.0
897 0 27739.0
898 0 27739.0
899 0 27739.0
900 0 27739.0
901 0 27739.0
902 0 27739.0
903 0 27739.0
904 0 27739.0
905 0 27739.0
906 0 27739.0
907 0 27739.0
908 0 27739.0
909 0 27739.0
910 0 27739.0
911 0 27739.0
912 0 27739.0
913 0 27739.0
914 0 27739.0
915 0 27739.0
916 0 27739.0
917 0 27739.0
918 0 27739.0
919 0 27739.0
920 0 27739.0
921 0 27739.0
922 0 27739.0
923 0 27739.0
924 0 27739.0
925 0 27739.0
926 0 27739.0
927 0 27739.0
928 0 27739.0
929 0 27739.0
930 0 27739.0
931 0 27739.0
932 0 27739.0
933 0 27739.0
934 0 27739.0
935 0 27739.0
936 0 27739.0
937 0 27739.0
938 0 27739.0
939 0 27739.0
940 0 27739.0
941 0 27739.0
942 0 27739.0
943 0 27739.0
944 0 27739.0
945 0 27739.0
946 0 27739.0
947 0 27739.0
948 0 27739.0
949 0 27739.0
950 0 27739.0
951 0 27739.0
952 0 27739.0
953 0 27739.0
954 0 27739.0
955 0 27739.0
956 0 27739.0
957 0 27739.0
958 0 27739.0
959 0 27739.0
960 0 27739.0
961 0 27739.0
962 0 27739.0
963 0 27739.0
964 0 27739.0
965 0 27739.0
966 0 27739.0
967 0 27739.0
968 0 27739.0
969 0 27739.0
970 0 27739.0
971 0 27739.0
972 0 27739.0
973 0 27739.0
974 0 27739.0
975 0 27739.0
976 0 27739.0
977 0 27739.0
978 0 27739.0
979 0 27739.0
980 0 27739.0
981 0 27739.0
982 0 27739.0
983 0 27739.0
984 0 27739.0
985 0 27739.0
986 0 27739.0
987 0 27739.0
988 0 27739.0
989 0 27739.0
990 0 27739.0
991 0 27739.0
992 0 27739.0
993 0 27739.0
994 0 27739.0
995 0 27739.0
996 0 27739.0
997 0 27739.0
998 0 27739.0
999 0 27739.0
1000 0 27739.0
