1 1 14885.0
2 2 20638.0
3 2 26091.0
4 4 31491.0
5 3 36657.0
6 3 41959.0
7 4 47148.0
8 3 52347.0
9 5 57625.0
10 6 62827.0
11 6 67892.0
12 8 72861.0
13 11 77660.0
14 14 82591.0
15 14 87595.0
16 13 92593.0
17 17 97680.0
18 16 102721.0
19 23 107770.0
20 22 113009.0
21 23 117862.0
22 35 122886.0
23 35 127933.0
24 48 132962.0
25 54 137906.0
26 82 143006.0
27 75 147864.0
28 95 152874.0
29 88 157839.0
30 99 162809.0
31 121 167630.0
32 135 172616.0
33 185 177505.0
34 176 182342.0
35 195 187341.0
36 181 192185.0
37 202 197241.0
38 207 202297.0
39 234 207153.0
40 271 212054.0
41 260 216983.0
42 279 221838.0
43 293 226713.0
44 330 231567.0
45 356 236521.0
46 391 241611.0
47 418 246470.0
48 407 251405.0
49 390 256373.0
50 375 261251.0
51 402 266155.0
52 433 271040.0
53 496 276019.0
54 521 280855.0
55 526 285626.0
56 505 290544.0
57 516 295485.0
58 529 300146.0
59 590 304869.0
60 670 309838.0
61 675 314742.0
62 768 319504.0
63 753 324134.0
64 791 328859.0
65 782 333462.0
66 776 338110.0
67 817 343081.0
68 927 347664.0
69 1014 352377.0
70 1007 357254.0
71 995 361801.0
72 1011 366365.0
73 1026 371162.0
74 1041 375799.0
75 1052 380294.0
76 1117 385310.0
77 1150 389894.0
78 1171 394506.0
79 1134 398961.0
80 1151 403646.0
81 1229 408319.0
82 1352 412940.0
83 1367 417511.0
84 1399 422253.0
85 1380 426784.0
86 1385 431492.0
87 1469 436092.0
88 1566 440647.0
89 1708 445258.0
90 1671 449631.0
91 1699 454140.0
92 1689 458636.0
93 1830 463175.0
94 1829 467753.0
95 1861 472142.0
96 1907 476764.0
97 2033 481051.0
98 1983 485626.0
99 2005 490057.0
100 2116 494433.0
101 2148 498952.0
102 2182 503296.0
103 2202 507693.0
104 2339 512073.0
105 2426 516363.0
106 2352 520901.0
107 2371 525364.0
108 2420 529993.0
109 2471 534359.0
110 2660 538736.0
111 2655 543005.0
112 2686 547484.0
113 2704 551533.0
114 2803 556027.0
115 2736 560185.0
116 2877 564401.0
117 3018 568518.0
118 3074 572857.0
119 3077 577054.0
120 3243 581346.0
121 3178 585350.0
122 3273 589464.0
123 3433 593475.0
124 3493 597682.0
125 3316 601942.0
126 3334 605949.0
127 3427 610047.0
128 3439 614080.0
129 3653 618095.0
130 3751 622025.0
131 3755 626002.0
132 3751 630147.0
133 3836 634222.0
134 3866 638098.0
135 4050 642056.0
136 4060 645872.0
137 4105 649641.0
138 4097 653561.0
139 4214 657401.0
140 4475 661203.0
141 4664 664980.0
142 4772 668511.0
143 4737 672183.0
144 4565 676146.0
145 4622 679804.0
146 4700 683570.0
147 4782 687222.0
148 4918 690560.0
149 5206 694262.0
150 5306 697543.0
151 5233 701410.0
152 4980 705099.0
153 5126 708735.0
154 5360 712361.0
155 5563 715558.0
156 5809 718733.0
157 5879 722344.0
158 5869 725530.0
159 5941 729172.0
160 5812 732533.0
161 5863 735957.0
162 5964 739354.0
163 6244 742854.0
164 6187 746030.0
165 6292 749616.0
166 6250 752771.0
167 6426 755982.0
168 6474 759211.0
169 6590 762334.0
170 6626 765351.0
171 6709 768281.0
172 7011 771517.0
173 6963 774752.0
174 7067 778023.0
175 7090 780808.0
176 7221 784033.0
177 7311 787076.0
178 7311 790029.0
179 7374 792900.0
180 7591 796013.0
181 7670 798740.0
182 7941 801624.0
183 7887 804408.0
184 7816 807459.0
185 7765 810437.0
186 7749 813714.0
187 7816 816393.0
188 8296 819109.0
189 8693 821496.0
190 8854 824219.0
191 8639 827208.0
192 8426 829930.0
193 8247 832665.0
194 8551 835454.0
195 8824 837998.0
196 9437 840432.0
197 9644 842815.0
198 9514 845194.0
199 9463 848010.0
200 9305 845150.0
201 9012 839002.0
202 8420 832778.0
203 8040 826775.0
204 7766 820657.0
205 7726 814698.0
206 7582 808668.0
207 7454 802764.0
208 7186 796878.0
209 6766 791192.0
210 6484 785489.0
211 6497 779702.0
212 6609 773831.0
213 6738 767913.0
214 6658 761874.0
215 6677 755957.0
216 6541 750282.0
217 6472 744674.0
218 6575 738885.0
219 6758 733042.0
220 6552 727402.0
221 6521 721609.0
222 6567 715606.0
223 7211 709674.0
224 7198 703880.0
225 7057 697914.0
226 6763 692393.0
227 6651 686390.0
228 6822 680905.0
229 6799 674791.0
230 7230 669193.0
231 7086 663327.0
232 6808 657773.0
233 6646 652293.0
234 6472 646607.0
235 6589 640919.0
236 6605 635248.0
237 6503 629410.0
238 6518 623751.0
239 6737 617882.0
240 6806 612300.0
241 6621 606756.0
242 6521 601563.0
243 6358 595914.0
244 6629 590437.0
245 6813 584440.0
246 6953 578798.0
247 6669 573135.0
248 6546 567973.0
249 6427 562369.0
250 6500 556966.0
251 6565 551458.0
252 6616 545950.0
253 6567 540750.0
254 6371 535332.0
255 6544 530131.0
256 6724 524692.0
257 6571 519435.0
258 6261 514289.0
259 6080 509064.0
260 6248 503956.0
261 6381 498638.0
262 6488 493189.0
263 6522 488113.0
264 6269 483104.0
265 6026 478088.0
266 5825 472965.0
267 5824 467857.0
268 6054 462631.0
269 6071 457566.0
270 5838 452316.0
271 5750 447435.0
272 5886 442380.0
273 6168 437043.0
274 6372 431675.0
275 6351 426591.0
276 6234 421799.0
277 5999 416810.0
278 5907 412088.0
279 5808 406842.0
280 5966 402286.0
281 5779 397581.0
282 5783 392764.0
283 5967 387962.0
284 5814 383241.0
285 5747 378467.0
286 5803 373751.0
287 5720 368919.0
288 5809 364278.0
289 5743 359553.0
290 5730 354820.0
291 5711 349982.0
292 5675 345378.0
293 5576 340668.0
294 5441 336372.0
295 5172 331912.0
296 5111 327631.0
297 5273 323156.0
298 5359 318664.0
299 5271 314089.0
300 5215 309791.0
301 5157 305423.0
302 5253 301034.0
303 5282 296643.0
304 5443 292330.0
305 5411 287881.0
306 5168 283637.0
307 5101 279474.0
308 5137 275062.0
309 5060 271119.0
310 4886 267010.0
311 4885 262608.0
312 4902 258325.0
313 4939 254403.0
314 4854 250328.0
315 4804 246458.0
316 4673 242473.0
317 4758 238604.0
318 4715 234700.0
319 4700 230618.0
320 4834 226524.0
321 4896 222554.0
322 4878 218562.0
323 4759 214772.0
324 4591 210882.0
325 4514 207304.0
326 4534 203721.0
327 4496 200015.0
328 4491 196367.0
329 4481 192710.0
330 4364 189267.0
331 4259 185946.0
332 4153 182341.0
333 4029 178712.0
334 4106 175311.0
335 4142 172017.0
336 4064 168620.0
337 3886 165406.0
338 3735 162112.0
339 3589 158664.0
340 3572 155771.0
341 3507 152473.0
342 3557 149510.0
343 3573 146572.0
344 3609 143609.0
345 3601 140611.0
346 3555 137462.0
347 3538 134350.0
348 3490 131514.0
349 3367 128449.0
350 3341 125801.0
351 3249 122981.0
352 3176 120296.0
353 3076 117652.0
354 3074 115012.0
355 2969 112271.0
356 3004 109672.0
357 3045 106881.0
358 2955 104423.0
359 2795 101917.0
360 2639 99592.0
361 2550 97242.0
362 2492 94959.0
363 2504 92711.0
364 2553 90393.0
365 2511 88322.0
366 2437 86142.0
367 2349 83909.0
368 2266 81910.0
369 2181 80024.0
370 2114 77875.0
371 2153 76040.0
372 2120 73862.0
373 2073 72072.0
374 2007 70203.0
375 1995 68315.0
376 1995 66468.0
377 1957 64523.0
378 1875 62892.0
379 1781 61328.0
380 1837 59695.0
381 1729 57987.0
382 1734 56443.0
383 1741 54982.0
384 1777 53468.0
385 1851 51936.0
386 1889 50355.0
387 1800 48870.0
388 1683 47592.0
389 1530 46369.0
390 1413 45092.0
391 1350 43794.0
392 1277 42703.0
393 1283 41556.0
394 1233 40268.0
395 1217 39195.0
396 1128 38071.0
397 1019 37044.0
398 956 36099.0
399 858 35118.0
400 835 34903.0
401 787 34678.0
402 769 34458.0
403 799 34191.0
404 824 33956.0
405 812 33720.0
406 794 33527.0
407 724 33342.0
408 655 33168.0
409 612 33024.0
410 577 32883.0
411 547 32699.0
412 606 32549.0
413 624 32330.0
414 689 32134.0
415 672 31955.0
416 627 31793.0
417 590 31623.0
418 593 31459.0
419 595 31275.0
420 635 31112.0
421 609 30937.0
422 618 30738.0
423 648 30573.0
424 611 30415.0
425 544 30281.0
426 532 30142.0
427 540 29983.0
428 533 29838.0
429 516 29719.0
430 472 29609.0
431 435 29497.0
432 407 29379.0
433 407 29262.0
434 417 29141.0
435 410 29042.0
436 359 28964.0
437 327 28875.0
438 337 28764.0
439 360 28664.0
440 382 28541.0
441 406 28419.0
442 417 28302.0
443 382 28215.0
444 372 28104.0
445 397 27990.0
446 426 27857.0
447 413 27756.0
448 351 27667.0
449 315 27597.0
450 281 27529.0
451 268 27450.0
452 257 27399.0
453 209 27339.0
454 202 27297.0
455 192 27245.0
456 200 27183.0
457 226 27102.0
458 248 27024.0
459 266 26939.0
460 259 26874.0
461 257 26796.0
462 256 26738.0
463 241 26657.0
464 247 26588.0
465 258 26514.0
466 250 26443.0
467 256 26378.0
468 249 26308.0
469 244 26242.0
470 254 26156.0
471 262 26113.0
472 221 26041.0
473 213 25996.0
474 193 25938.0
475 213 25869.0
476 241 25793.0
477 265 25705.0
478 259 25636.0
479 209 25584.0
480 199 25539.0
481 191 25475.0
482 227 25411.0
483 258 25317.0
484 281 25241.0
485 275 25169.0
486 249 25109.0
487 201 25066.0
488 177 25026.0
489 180 24963.0
490 199 24916.0
491 191 24851.0
492 199 24804.0
493 197 24734.0
494 216 24682.0
495 166 24653.0
496 140 24617.0
497 158 24574.0
498 173 24509.0
499 171 24470.0
500 153 24418.0
501 154 24390.0
502 140 24335.0
503 153 24300.0
504 141 24266.0
505 132 24221.0
506 147 24177.0
507 134 24138.0
508 114 24115.0
509 95 24099.0
510 82 24073.0
511 91 24048.0
512 98 24015.0
513 108 23986.0
514 110 23945.0
515 132 23918.0
516 114 23882.0
517 102 23865.0
518 93 23827.0
519 114 23808.0
520 124 23743.0
521 164 23695.0
522 158 23651.0
523 128 23627.0
524 99 23599.0
525 110 23567.0
526 117 23531.0
527 120 23493.0
528 129 23463.0
529 124 23415.0
530 130 23390.0
531 123 23349.0
532 130 23304.0
533 156 23267.0
534 150 23228.0
535 140 23186.0
536 141 23155.0
537 122 23126.0
538 101 23107.0
539 82 23089.0
540 71 23077.0
541 69 23051.0
542 75 23030.0
543 82 22997.0
544 91 22980.0
545 83 22950.0
546 88 22929.0
547 98 22884.0
548 120 22855.0
549 115 22822.0
550 113 22783.0
551 133 22760.0
552 118 22741.0
553 91 22718.0
554 104 22684.0
555 105 22663.0
556 83 22644.0
557 76 22619.0
558 88 22590.0
559 92 22570.0
560 81 22547.0
561 86 22518.0
562 96 22488.0
563 106 22451.0
564 103 22421.0
565 103 22382.0
566 118 22355.0
567 122 22306.0
568 146 22264.0
569 135 22231.0
570 121 22205.0
571 112 22177.0
572 91 22158.0
573 75 22145.0
574 71 22116.0
575 93 22096.0
576 81 22075.0
577 65 22056.0
578 52 22047.0
579 51 22032.0
580 57 22013.0
581 75 21980.0
582 88 21963.0
583 91 21915.0
584 118 21886.0
585 111 21852.0
586 109 21825.0
587 96 21805.0
588 80 21785.0
589 71 21775.0
590 58 21757.0
591 59 21742.0
592 55 21727.0
593 57 21703.0
594 65 21691.0
595 65 21665.0
596 81 21630.0
597 104 21601.0
598 108 21565.0
599 90 21540.0
600 102 21510.0
601 104 21471.0
602 117 21445.0
603 109 21412.0
604 95 21395.0
605 80 21382.0
606 76 21357.0
607 76 21346.0
608 74 21302.0
609 95 21291.0
610 96 21246.0
611 104 21233.0
612 82 21210.0
613 72 21195.0
614 61 21181.0
615 65 21161.0
616 68 21143.0
617 66 21122.0
618 64 21109.0
619 66 21079.0
620 98 21051.0
621 99 21014.0
622 93 20999.0
623 83 20971.0
624 82 20943.0
625 82 20926.0
626 62 20918.0
627 49 20903.0
628 60 20883.0
629 74 20858.0
630 90 20821.0
631 110 20789.0
632 111 20754.0
633 112 20727.0
634 99 20707.0
635 74 20691.0
636 64 20671.0
637 47 20666.0
638 39 20658.0
639 39 20649.0
640 42 20627.0
641 61 20613.0
642 68 20589.0
643 71 20567.0
644 59 20557.0
645 46 20546.0
646 47 20531.0
647 57 20511.0
648 76 20482.0
649 82 20469.0
650 68 20439.0
651 65 20432.0
652 43 20424.0
653 39 20415.0
654 36 20405.0
655 37 20394.0
656 38 20378.0
657 48 20366.0
658 55 20336.0
659 78 20316.0
660 71 20304.0
661 49 20294.0
662 44 20282.0
663 46 20274.0
664 47 20251.0
665 54 20242.0
666 46 20228.0
667 46 20217.0
668 44 20198.0
669 53 20190.0
670 44 20176.0
671 44 20164.0
672 53 20141.0
673 70 20124.0
674 76 20084.0
675 114 20054.0
676 102 20034.0
677 70 20021.0
678 58 20011.0
679 59 19990.0
680 68 19971.0
681 76 19936.0
682 97 19921.0
683 101 19852.0
684 118 19843.0
685 84 19810.0
686 96 19792.0
687 96 19765.0
688 90 19735.0
689 80 19727.0
690 60 19708.0
691 59 19697.0
692 51 19677.0
693 46 19667.0
694 40 19658.0
695 36 19649.0
696 33 19642.0
697 32 19630.0
698 40 19620.0
699 44 19603.0
700 47 19593.0
701 44 19577.0
702 44 19571.0
703 32 19567.0
704 21 19563.0
705 18 19559.0
706 20 19552.0
707 26 19541.0
708 34 19529.0
709 37 19517.0
710 28 19516.0
711 17 19513.0
712 10 19512.0
713 8 19510.0
714 5 19509.0
715 4 19509.0
716 4 19506.0
717 7 19505.0
718 8 19499.0
719 14 19497.0
720 16 19485.0
721 23 19485.0
722 19 19470.0
723 20 19470.0
724 12 19466.0
725 9 19466.0
726 8 19463.0
727 10 19460.0
728 11 19458.0
729 8 19458.0
730 4 19458.0
731 2 19458.0
732 1 19458.0
733 0 19458.0
734 0 19458.0
735 0 19458.0
736 0 19458.0
737 0 19458.0
738 0 19458.0
739 0 19458.0
740 0 19458.0
741 0 19458.0
742 0 19458.0
743 0 19458.0
744 0 19458.0
745 0 19458.0
746 0 19458.0
747 0 19458.0
748 0 19458.0
749 0 19458.0
750 0 19458.0
751 0 19458.0
752 0 19458.0
753 0 19458.0
754 0 19458.0
755 0 19458.0
756 0 19458.0
757 0 19458.0
758 0 19458.0
759 0 19458.0
760 0 19458.0
761 0 19458.0
762 0 19458.0
763 0 19458.0
764 0 19458.0
765 0 19458.0
766 0 19458.0
767 0 19458.0
768 0 19458.0
769 0 19458.0
770 0 19458.0
771 0 19458.0
772 0 19458.0
773 0 19458.0
774 0 19458.0
775 0 19458.0
776 0 19458.0
777 0 19458.0
778 0 19458.0
779 0 19458.0
780 0 19458.0
781 0 19458.0
782 0 19458.0
783 0 19458.0
784 0 19458.0
785 0 19458.0
786 0 19458.0
787 0 19458.0
788 0 19458.0
789 0 19458.0
790 0 19458.0
791 0 19458.0
792 0 19458.0
793 0 19458.0
794 0 19458.0
795 0 19458.0
796 0 19458.0
797 0 19458.0
798 0 19458.0
799 0 19458.0
800 0 19458.0
801 0 19458.0
802 0 19458.0
803 0 19458.0
804 0 19458.0
805 0 19458.0
806 0 19458.0
807 0 19458.0
808 0 19458.0
809 0 19458.0
810 0 19458.0
811 0 19458.0
812 0 19458.0
813 0 19458.0
814 0 19458.0
815 0 19458.0
816 0 19458.0
817 0 19458.0
818 0 19458.0
819 0 19458.0
820 0 19458.0
821 0 19458.0
822 0 19458.0
823 0 19458.0
824 0 19458.0
825 0 19458.0
826 0 19458.0
827 0 19458.0
828 0 19458.0
829 0 19458.0
830 0 19458.0
831 0 19458.0
832 0 19458.0
833 0 19458.0
834 0 19458.0
835 0 19458.0
836 0 19458.0
837 0 19458.0
838 0 19458.0
839 0 19458.0
840 0 19458.0
841 0 19458.0
842 0 19458.0
843 0 19458.0
844 0 19458.0
845 0 19458.0
846 0 19458.0
847 0 19458.0
848 0 19458.0
849 0 19458.0
850 0 19458.0
851 0 19458.0
852 0 19458.0
853 0 19458.0
854 0 19458.0
855 0 19458.0
856 0 19458.0
857 0 19458.0
858 0 19458.0
859 0 19458.0
860 0 19458.0
861 0 19458.0
862 0 19458.0
863 0 19458.0
864 0 19458.0
865 0 19458.0
866 0 19458.0
867 0 19458.0
868 0 19458.0
869 0 19458.0
870 0 19458.0
871 0 19458.0
872 0 19458.0
873 0 19458.0
874 0 19458.0
875 0 19458.0
876 0 19458.0
877 0 19458.0
878 0 19458.0
879 0 19458.0
880 0 19458.0
881 0 19458.0
882 0 19458.0
883 0 19458.0
884 0 19458.0
885 0 19458.0
886 0 19458.0
887 0 19458.0
888 0 19458.0
889 0 19458.0
890 0 19458.0
891 0 19458.0
892 0 19458.0
893 0 19458.0
894 0 19458.0
895 0 19458.0
896 0 19458.0
897 0 19458.0
898 0 19458.0
899 0 19458.0
900 0 19458.0
901 0 19458.0
902 0 19458.0
903 0 19458.0
904 0 19458.0
905 0 19458.0
906 0 19458.0
907 0 19458.0
908 0 19458.0
909 0 19458.0
910 0 19458.0
911 0 19458.0
912 0 19458.0
913 0 19458.0
914 0 19458.0
915 0 19458.0
916 0 19458.0
917 0 19458.0
918 0 19458.0
919 0 19458.0
920 0 19458.0
921 0 19458.0
922 0 19458.0
923 0 19458.0
924 0 19458.0
925 0 19458.0
926 0 19458.0
927 0 19458.0
928 0 19458.0
929 0 19458.0
930 0 19458.0
931 0 19458.0
932 0 19458.0
933 0 19458.0
934 0 19458.0
935 0 19458.0
936 0 19458.0
937 0 19458.0
938 0 19458.0
939 0 19458.0
940 0 19458.0
941 0 19458.0
942 0 19458.0
943 0 19458.0
944 0 19458.0
945 0 19458.0
946 0 19458.0
947 0 19458.0
948 0 19458.0
949 0 19458.0
950 0 19458.0
951 0 19458.0
952 0 19458.0
953 0 19458.0
954 0 19458.0
955 0 19458.0
956 0 19458.0
957 0 19458.0
958 0 19458.0
959 0 19458.0
960 0 19458.0
961 0 19458.0
962 0 19458.0
963 0 19458.0
964 0 19458.0
965 0 19458.0
966 0 19458.0
967 0 19458.0
968 0 19458.0
969 0 19458.0
970 0 19458.0
971 0 19458.0
972 0 19458.0
973 0 19458.0
974 0 19458.0
975 0 19458.0
976 0 19458.0
977 0 19458.0
978 0 19458.0
979 0 19458.0
980 0 19458.0
981 0 19458.0
982 0 19458.0
983 0 19458.0
984 0 19458.0
985 0 19458.0
986 0 19458.0
987 0 19458.0
988 0 19458.0
989 0 19458.0
990 0 19458.0
991 0 19458.0
992 0 19458.0
993 0 19458.0
994 0 19458.0
995 0 19458.0
996 0 19458.0
997 0 19458.0
998 0 19458.0
999 0 19458.0
1000 0 19458.0
