1 1 15124.0
2 2 20665.0
3 1 26071.0
4 2 31269.0
5 2 36497.0
6 4 41762.0
7 3 46804.0
8 4 52036.0
9 4 57194.0
10 4 62255.0
11 8 67454.0
12 8 72635.0
13 16 77784.0
14 14 82999.0
15 14 87996.0
16 17 92919.0
17 27 97902.0
18 26 102866.0
19 38 108009.0
20 38 112787.0
21 42 117700.0
22 46 122882.0
23 51 127882.0
24 73 132881.0
25 66 137969.0
26 74 142657.0
27 78 147673.0
28 89 152597.0
29 95 157565.0
30 101 162593.0
31 115 167509.0
32 112 172567.0
33 120 177548.0
34 159 182489.0
35 180 187403.0
36 187 192274.0
37 193 197097.0
38 228 202108.0
39 231 207234.0
40 231 212237.0
41 233 217174.0
42 230 222167.0
43 253 227001.0
44 260 231868.0
45 283 236776.0
46 322 241579.0
47 323 246468.0
48 311 251390.0
49 344 256380.0
50 378 261303.0
51 405 266225.0
52 430 271067.0
53 470 276049.0
54 511 280701.0
55 518 285399.0
56 503 290361.0
57 536 295211.0
58 560 300048.0
59 628 304728.0
60 663 309491.0
61 721 314169.0
62 744 319192.0
63 740 324066.0
64 745 328687.0
65 761 333251.0
66 839 338110.0
67 898 342766.0
68 902 347423.0
69 956 352084.0
70 990 356886.0
71 970 361441.0
72 980 366191.0
73 941 371019.0
74 928 375828.0
75 957 380507.0
76 982 385179.0
77 1050 389942.0
78 1151 394515.0
79 1293 399275.0
80 1341 403955.0
81 1273 408707.0
82 1301 413443.0
83 1300 418101.0
84 1421 422678.0
85 1490 427076.0
86 1539 431720.0
87 1616 436330.0
88 1684 440712.0
89 1619 445310.0
90 1626 449927.0
91 1601 454504.0
92 1692 459017.0
93 1780 463487.0
94 1803 467958.0
95 1874 472413.0
96 1918 476748.0
97 1945 481354.0
98 2005 485958.0
99 2027 490357.0
100 2148 494751.0
101 2180 498976.0
102 2255 503379.0
103 2256 507577.0
104 2323 511829.0
105 2449 516301.0
106 2440 520556.0
107 2550 524814.0
108 2616 528963.0
109 2535 533238.0
110 2551 537439.0
111 2650 541870.0
112 2720 546033.0
113 2879 550430.0
114 2772 554781.0
115 2658 558901.0
116 2643 563154.0
117 2750 567522.0
118 2938 571739.0
119 3031 576000.0
120 3077 580027.0
121 3043 584046.0
122 2969 588317.0
123 2956 592353.0
124 3076 596862.0
125 3100 601122.0
126 3281 605297.0
127 3387 609525.0
128 3476 613622.0
129 3475 617479.0
130 3517 621267.0
131 3689 625347.0
132 3896 629258.0
133 3920 633146.0
134 3820 637017.0
135 3843 640794.0
136 3984 644642.0
137 4163 648451.0
138 4219 652212.0
139 4350 656016.0
140 4423 659946.0
141 4336 663730.0
142 4405 667462.0
143 4685 671349.0
144 4691 675126.0
145 4687 679219.0
146 4596 683022.0
147 4690 686924.0
148 4733 690676.0
149 4799 694369.0
150 4972 697813.0
151 5214 701431.0
152 5314 705029.0
153 5456 708588.0
154 5583 712225.0
155 5533 715710.0
156 5513 719171.0
157 5738 722725.0
158 5681 726050.0
159 5716 729731.0
160 5724 733155.0
161 5833 736756.0
162 5958 739785.0
163 6212 743260.0
164 6045 746649.0
165 6119 749845.0
166 6139 753136.0
167 6269 756559.0
168 6525 759733.0
169 6719 762567.0
170 6856 765778.0
171 6786 768692.0
172 6731 772011.0
173 6808 775147.0
174 6805 778218.0
175 6903 781582.0
176 7024 784482.0
177 7517 787464.0
178 7486 790381.0
179 7434 793570.0
180 7380 796490.0
181 7547 799104.0
182 7744 802020.0
183 7627 804850.0
184 7714 808006.0
185 7712 810745.0
186 8014 813625.0
187 8366 816134.0
188 8516 818884.0
189 8499 821497.0
190 8477 824363.0
191 8361 826929.0
192 8455 829952.0
193 8806 832355.0
194 9173 835022.0
195 9030 837356.0
196 9014 840185.0
197 9054 842391.0
198 9539 844753.0
199 9509 846949.0
200 9610 844211.0
201 9211 837581.0
202 8488 831590.0
203 8165 825259.0
204 7976 819167.0
205 7520 812942.0
206 7565 807054.0
207 7460 801070.0
208 7082 795410.0
209 6874 789516.0
210 7167 783661.0
211 7055 777661.0
212 7040 771645.0
213 6753 766013.0
214 6490 760349.0
215 6741 754549.0
216 6943 748297.0
217 7232 742346.0
218 7208 736608.0
219 6729 730733.0
220 6448 725331.0
221 6380 719701.0
222 6741 713813.0
223 6801 707982.0
224 6720 702340.0
225 6479 696566.0
226 6716 690670.0
227 6846 684808.0
228 6749 679070.0
229 6507 673232.0
230 6527 667685.0
231 6407 661728.0
232 6520 655913.0
233 6608 650359.0
234 6484 644842.0
235 6575 639283.0
236 6549 633710.0
237 6586 627744.0
238 7103 621996.0
239 7022 616433.0
240 6730 610995.0
241 6505 605628.0
242 6504 600161.0
243 6786 594506.0
244 6664 588675.0
245 6510 583431.0
246 6319 578048.0
247 6423 572719.0
248 6544 567100.0
249 6766 561662.0
250 6541 556074.0
251 6387 550668.0
252 6243 545512.0
253 6087 540004.0
254 6306 534424.0
255 6379 529080.0
256 6420 523648.0
257 6303 518541.0
258 5999 513257.0
259 6074 508066.0
260 6100 502862.0
261 6152 497855.0
262 5842 492887.0
263 5897 487764.0
264 6047 482671.0
265 6292 477462.0
266 6289 472612.0
267 5987 467335.0
268 5936 462456.0
269 5744 457200.0
270 5923 452157.0
271 6104 446838.0
272 6287 441669.0
273 6159 436967.0
274 5761 432186.0
275 5711 427321.0
276 5575 422506.0
277 5706 417458.0
278 6140 412230.0
279 6501 406973.0
280 6302 402189.0
281 5722 397360.0
282 5679 392566.0
283 5859 387618.0
284 6099 382783.0
285 6101 378018.0
286 5940 373498.0
287 5554 368913.0
288 5383 364091.0
289 5490 359468.0
290 5589 354594.0
291 5653 349781.0
292 5660 345070.0
293 5564 340382.0
294 5696 335664.0
295 5707 331163.0
296 5633 326569.0
297 5478 322332.0
298 5159 317928.0
299 5148 313617.0
300 5231 309290.0
301 5268 304909.0
302 5348 300486.0
303 5307 296075.0
304 5295 291856.0
305 5189 287631.0
306 5173 283600.0
307 5130 279254.0
308 5164 275054.0
309 5127 270907.0
310 5099 266577.0
311 5080 262467.0
312 5078 258451.0
313 4857 254294.0
314 4769 250251.0
315 4863 246007.0
316 4996 241994.0
317 4872 238323.0
318 4657 234246.0
319 4653 230538.0
320 4536 226863.0
321 4575 222849.0
322 4700 219040.0
323 4823 214991.0
324 4834 211259.0
325 4635 207597.0
326 4455 203889.0
327 4497 200275.0
328 4460 196594.0
329 4448 192970.0
330 4369 189374.0
331 4288 185742.0
332 4236 182476.0
333 4193 178928.0
334 4165 175419.0
335 4123 172000.0
336 4110 168636.0
337 4028 165221.0
338 4021 161904.0
339 4079 158601.0
340 3913 155356.0
341 3777 152286.0
342 3608 149102.0
343 3543 145979.0
344 3528 142938.0
345 3584 139959.0
346 3651 136690.0
347 3705 133814.0
348 3681 130702.0
349 3671 127917.0
350 3519 125213.0
351 3391 122463.0
352 3322 119718.0
353 3276 116952.0
354 3095 114302.0
355 2864 112005.0
356 2692 109365.0
357 2648 106761.0
358 2661 104330.0
359 2724 101792.0
360 2785 99462.0
361 2572 97167.0
362 2379 94920.0
363 2337 92776.0
364 2370 90422.0
365 2485 88138.0
366 2454 86063.0
367 2491 84102.0
368 2404 81946.0
369 2359 80027.0
370 2301 77952.0
371 2332 76001.0
372 2331 73977.0
373 2386 72004.0
374 2300 70138.0
375 2214 68112.0
376 2193 66217.0
377 2126 64533.0
378 1990 62753.0
379 1904 61181.0
380 1817 59506.0
381 1713 57935.0
382 1674 56355.0
383 1688 54785.0
384 1698 53310.0
385 1650 51671.0
386 1701 50257.0
387 1656 48727.0
388 1546 47589.0
389 1383 46331.0
390 1325 45258.0
391 1270 43960.0
392 1309 42877.0
393 1246 41571.0
394 1210 40416.0
395 1167 39328.0
396 1079 38407.0
397 989 37478.0
398 927 36464.0
399 882 35489.0
400 818 35246.0
401 779 35039.0
402 726 34860.0
403 659 34688.0
404 626 34512.0
405 638 34327.0
406 684 34096.0
407 751 33881.0
408 735 33667.0
409 775 33422.0
410 782 33211.0
411 746 33024.0
412 675 32862.0
413 633 32682.0
414 663 32496.0
415 642 32314.0
416 616 32126.0
417 627 31973.0
418 604 31792.0
419 566 31664.0
420 551 31504.0
421 521 31367.0
422 485 31235.0
423 519 31082.0
424 535 30931.0
425 503 30779.0
426 536 30612.0
427 583 30423.0
428 629 30244.0
429 623 30068.0
430 609 29905.0
431 584 29754.0
432 557 29603.0
433 546 29460.0
434 515 29336.0
435 503 29168.0
436 547 29029.0
437 525 28862.0
438 493 28781.0
439 427 28643.0
440 420 28559.0
441 384 28450.0
442 369 28367.0
443 326 28292.0
444 309 28190.0
445 364 28080.0
446 403 27935.0
447 427 27834.0
448 419 27692.0
449 393 27618.0
450 348 27527.0
451 335 27435.0
452 374 27305.0
453 391 27197.0
454 358 27126.0
455 311 27033.0
456 301 26959.0
457 279 26909.0
458 233 26836.0
459 227 26779.0
460 245 26698.0
461 274 26609.0
462 294 26508.0
463 306 26432.0
464 294 26324.0
465 329 26243.0
466 323 26160.0
467 307 26068.0
468 289 25994.0
469 289 25909.0
470 315 25805.0
471 359 25684.0
472 381 25571.0
473 369 25468.0
474 385 25363.0
475 362 25260.0
476 350 25187.0
477 276 25133.0
478 230 25083.0
479 196 25041.0
480 186 24984.0
481 189 24939.0
482 186 24882.0
483 177 24837.0
484 175 24786.0
485 170 24762.0
486 126 24724.0
487 119 24705.0
488 113 24657.0
489 129 24625.0
490 142 24577.0
491 153 24537.0
492 139 24500.0
493 126 24470.0
494 132 24421.0
495 158 24376.0
496 172 24320.0
497 174 24265.0
498 176 24217.0
499 172 24174.0
500 164 24123.0
501 171 24086.0
502 169 24012.0
503 190 23966.0
504 180 23920.0
505 155 23895.0
506 130 23858.0
507 114 23835.0
508 111 23797.0
509 101 23772.0
510 90 23751.0
511 85 23727.0
512 82 23704.0
513 78 23679.0
514 86 23652.0
515 101 23614.0
516 120 23579.0
517 107 23558.0
518 79 23545.0
519 66 23527.0
520 70 23503.0
521 84 23473.0
522 110 23434.0
523 122 23405.0
524 119 23374.0
525 108 23347.0
526 102 23316.0
527 111 23290.0
528 113 23246.0
529 117 23215.0
530 103 23193.0
531 89 23181.0
532 67 23162.0
533 67 23144.0
534 79 23118.0
535 98 23083.0
536 117 23039.0
537 109 23014.0
538 89 22992.0
539 96 22967.0
540 109 22918.0
541 124 22884.0
542 129 22836.0
543 135 22815.0
544 102 22781.0
545 102 22766.0
546 98 22732.0
547 106 22700.0
548 106 22672.0
549 111 22629.0
550 113 22608.0
551 89 22586.0
552 87 22560.0
553 80 22544.0
554 70 22530.0
555 65 22507.0
556 75 22483.0
557 74 22470.0
558 65 22438.0
559 77 22422.0
560 74 22394.0
561 73 22375.0
562 80 22344.0
563 101 22313.0
564 113 22275.0
565 106 22238.0
566 123 22216.0
567 106 22170.0
568 122 22151.0
569 104 22132.0
570 93 22101.0
571 109 22065.0
572 146 22005.0
573 184 21949.0
574 174 21895.0
575 182 21844.0
576 197 21785.0
577 190 21735.0
578 172 21706.0
579 144 21665.0
580 144 21628.0
581 152 21575.0
582 176 21519.0
583 200 21460.0
584 192 21420.0
585 155 21381.0
586 154 21342.0
587 149 21293.0
588 138 21260.0
589 140 21209.0
590 166 21165.0
591 165 21116.0
592 138 21093.0
593 116 21065.0
594 109 21035.0
595 105 21019.0
596 87 20990.0
597 78 20977.0
598 81 20946.0
599 103 20918.0
600 116 20873.0
601 124 20833.0
602 141 20796.0
603 147 20750.0
604 145 20721.0
605 112 20695.0
606 96 20675.0
607 100 20644.0
608 108 20616.0
609 96 20590.0
610 91 20568.0
611 93 20529.0
612 109 20505.0
613 101 20478.0
614 88 20464.0
615 63 20450.0
616 55 20442.0
617 50 20427.0
618 46 20419.0
619 40 20400.0
620 52 20392.0
621 54 20354.0
622 81 20349.0
623 55 20336.0
624 35 20333.0
625 27 20332.0
626 20 20324.0
627 25 20318.0
628 28 20308.0
629 34 20293.0
630 44 20283.0
631 47 20263.0
632 57 20244.0
633 60 20232.0
634 46 20219.0
635 53 20210.0
636 38 20208.0
637 22 20206.0
638 15 20205.0
639 10 20203.0
640 9 20199.0
641 9 20196.0
642 8 20196.0
643 5 20193.0
644 8 20191.0
645 7 20189.0
646 5 20188.0
647 5 20187.0
648 3 20186.0
649 2 20186.0
650 1 20186.0
651 0 20186.0
652 0 20186.0
653 0 20186.0
654 0 20186.0
655 0 20186.0
656 0 20186.0
657 0 20186.0
658 0 20186.0
659 0 20186.0
660 0 20186.0
661 0 20186.0
662 0 20186.0
663 0 20186.0
664 0 20186.0
665 0 20186.0
666 0 20186.0
667 0 20186.0
668 0 20186.0
669 0 20186.0
670 0 20186.0
671 0 20186.0
672 0 20186.0
673 0 20186.0
674 0 20186.0
675 0 20186.0
676 0 20186.0
677 0 20186.0
678 0 20186.0
679 0 20186.0
680 0 20186.0
681 0 20186.0
682 0 20186.0
683 0 20186.0
684 0 20186.0
685 0 20186.0
686 0 20186.0
687 0 20186.0
688 0 20186.0
689 0 20186.0
690 0 20186.0
691 0 20186.0
692 0 20186.0
693 0 20186.0
694 0 20186.0
695 0 20186.0
696 0 20186.0
697 0 20186.0
698 0 20186.0
699 0 20186.0
700 0 20186.0
701 0 20186.0
702 0 20186.0
703 0 20186.0
704 0 20186.0
705 0 20186.0
706 0 20186.0
707 0 20186.0
708 0 20186.0
709 0 20186.0
710 0 20186.0
711 0 20186.0
712 0 20186.0
713 0 20186.0
714 0 20186.0
715 0 20186.0
716 0 20186.0
717 0 20186.0
718 0 20186.0
719 0 20186.0
720 0 20186.0
721 0 20186.0
722 0 20186.0
723 0 20186.0
724 0 20186.0
725 0 20186.0
726 0 20186.0
727 0 20186.0
728 0 20186.0
729 0 20186.0
730 0 20186.0
731 0 20186.0
732 0 20186.0
733 0 20186.0
734 0 20186.0
735 0 20186.0
736 0 20186.0
737 0 20186.0
738 0 20186.0
739 0 20186.0
740 0 20186.0
741 0 20186.0
742 0 20186.0
743 0 20186.0
744 0 20186.0
745 0 20186.0
746 0 20186.0
747 0 20186.0
748 0 20186.0
749 0 20186.0
750 0 20186.0
751 0 20186.0
752 0 20186.0
753 0 20186.0
754 0 20186.0
755 0 20186.0
756 0 20186.0
757 0 20186.0
758 0 20186.0
759 0 20186.0
760 0 20186.0
761 0 20186.0
762 0 20186.0
763 0 20186.0
764 0 20186.0
765 0 20186.0
766 0 20186.0
767 0 20186.0
768 0 20186.0
769 0 20186.0
770 0 20186.0
771 0 20186.0
772 0 20186.0
773 0 20186.0
774 0 20186.0
775 0 20186.0
776 0 20186.0
777 0 20186.0
778 0 20186.0
779 0 20186.0
780 0 20186.0
781 0 20186.0
782 0 20186.0
783 0 20186.0
784 0 20186.0
785 0 20186.0
786 0 20186.0
787 0 20186.0
788 0 20186.0
789 0 20186.0
790 0 20186.0
791 0 20186.0
792 0 20186.0
793 0 20186.0
794 0 20186.0
795 0 20186.0
796 0 20186.0
797 0 20186.0
798 0 20186.0
799 0 20186.0
800 0 20186.0
801 0 20186.0
802 0 20186.0
803 0 20186.0
804 0 20186.0
805 0 20186.0
806 0 20186.0
807 0 20186.0
808 0 20186.0
809 0 20186.0
810 0 20186.0
811 0 20186.0
812 0 20186.0
813 0 20186.0
814 0 20186.0
815 0 20186.0
816 0 20186.0
817 0 20186.0
818 0 20186.0
819 0 20186.0
820 0 20186.0
821 0 20186.0
822 0 20186.0
823 0 20186.0
824 0 20186.0
825 0 20186.0
826 0 20186.0
827 0 20186.0
828 0 20186.0
829 0 20186.0
830 0 20186.0
831 0 20186.0
832 0 20186.0
833 0 20186.0
834 0 20186.0
835 0 20186.0
836 0 20186.0
837 0 20186.0
838 0 20186.0
839 0 20186.0
840 0 20186.0
841 0 20186.0
842 0 20186.0
843 0 20186.0
844 0 20186.0
845 0 20186.0
846 0 20186.0
847 0 20186.0
848 0 20186.0
849 0 20186.0
850 0 20186.0
851 0 20186.0
852 0 20186.0
853 0 20186.0
854 0 20186.0
855 0 20186.0
856 0 20186.0
857 0 20186.0
858 0 20186.0
859 0 20186.0
860 0 20186.0
861 0 20186.0
862 0 20186.0
863 0 20186.0
864 0 20186.0
865 0 20186.0
866 0 20186.0
867 0 20186.0
868 0 20186.0
869 0 20186.0
870 0 20186.0
871 0 20186.0
872 0 20186.0
873 0 20186.0
874 0 20186.0
875 0 20186.0
876 0 20186.0
877 0 20186.0
878 0 20186.0
879 0 20186.0
880 0 20186.0
881 0 20186.0
882 0 20186.0
883 0 20186.0
884 0 20186.0
885 0 20186.0
886 0 20186.0
887 0 20186.0
888 0 20186.0
889 0 20186.0
890 0 20186.0
891 0 20186.0
892 0 20186.0
893 0 20186.0
894 0 20186.0
895 0 20186.0
896 0 20186.0
897 0 20186.0
898 0 20186.0
899 0 20186.0
900 0 20186.0
901 0 20186.0
902 0 20186.0
903 0 20186.0
904 0 20186.0
905 0 20186.0
906 0 20186.0
907 0 20186.0
908 0 20186.0
909 0 20186.0
910 0 20186.0
911 0 20186.0
912 0 20186.0
913 0 20186.0
914 0 20186.0
915 0 20186.0
916 0 20186.0
917 0 20186.0
918 0 20186.0
919 0 20186.0
920 0 20186.0
921 0 20186.0
922 0 20186.0
923 0 20186.0
924 0 20186.0
925 0 20186.0
926 0 20186.0
927 0 20186.0
928 0 20186.0
929 0 20186.0
930 0 20186.0
931 0 20186.0
932 0 20186.0
933 0 20186.0
934 0 20186.0
935 0 20186.0
936 0 20186.0
937 0 20186.0
938 0 20186.0
939 0 20186.0
940 0 20186.0
941 0 20186.0
942 0 20186.0
943 0 20186.0
944 0 20186.0
945 0 20186.0
946 0 20186.0
947 0 20186.0
948 0 20186.0
949 0 20186.0
950 0 20186.0
951 0 20186.0
952 0 20186.0
953 0 20186.0
954 0 20186.0
955 0 20186.0
956 0 20186.0
957 0 20186.0
958 0 20186.0
959 0 20186.0
960 0 20186.0
961 0 20186.0
962 0 20186.0
963 0 20186.0
964 0 20186.0
965 0 20186.0
966 0 20186.0
967 0 20186.0
968 0 20186.0
969 0 20186.0
970 0 20186.0
971 0 20186.0
972 0 20186.0
973 0 20186.0
974 0 20186.0
975 0 20186.0
976 0 20186.0
977 0 20186.0
978 0 20186.0
979 0 20186.0
980 0 20186.0
981 0 20186.0
982 0 20186.0
983 0 20186.0
984 0 20186.0
985 0 20186.0
986 0 20186.0
987 0 20186.0
988 0 20186.0
989 0 20186.0
990 0 20186.0
991 0 20186.0
992 0 20186.0
993 0 20186.0
994 0 20186.0
995 0 20186.0
996 0 20186.0
997 0 20186.0
998 0 20186.0
999 0 20186.0
1000 0 20186.0
