1 1 15038.0
2 1 20612.0
3 1 26058.0
4 1 31525.0
5 1 36733.0
6 2 41918.0
7 2 46984.0
8 4 52069.0
9 3 57173.0
10 2 62184.0
11 1 67295.0
12 2 72171.0
13 2 77182.0
14 4 82353.0
15 4 87578.0
16 8 92668.0
17 6 97581.0
18 5 102524.0
19 5 107563.0
20 9 112485.0
21 9 117677.0
22 18 122875.0
23 14 128025.0
24 23 132751.0
25 24 137868.0
26 29 142884.0
27 28 147802.0
28 27 152582.0
29 35 157773.0
30 39 162832.0
31 59 167735.0
32 59 172675.0
33 70 177477.0
34 81 182509.0
35 96 187539.0
36 104 192446.0
37 93 197403.0
38 97 202526.0
39 99 207471.0
40 122 212211.0
41 138 217170.0
42 145 222097.0
43 169 227051.0
44 167 231872.0
45 210 236888.0
46 210 241898.0
47 233 246836.0
48 246 251645.0
49 243 256554.0
50 258 261510.0
51 279 266493.0
52 291 271264.0
53 305 276318.0
54 307 281019.0
55 335 285763.0
56 316 290810.0
57 337 295839.0
58 358 300493.0
59 371 305456.0
60 396 310324.0
61 431 315323.0
62 437 320224.0
63 474 325093.0
64 485 329883.0
65 527 334841.0
66 584 339716.0
67 577 344679.0
68 644 349573.0
69 664 354268.0
70 700 359130.0
71 734 363820.0
72 719 368712.0
73 760 373375.0
74 843 378154.0
75 864 382969.0
76 877 387830.0
77 849 392430.0
78 894 397250.0
79 905 402077.0
80 1005 406706.0
81 1008 411285.0
82 1023 415875.0
83 1075 420571.0
84 1111 425194.0
85 1161 430023.0
86 1182 434748.0
87 1182 439459.0
88 1242 444125.0
89 1340 448755.0
90 1408 453406.0
91 1437 457977.0
92 1386 462554.0
93 1397 467091.0
94 1436 471784.0
95 1418 476399.0
96 1503 481098.0
97 1654 485723.0
98 1710 490239.0
99 1704 494848.0
100 1650 499428.0
101 1688 503774.0
102 1708 508257.0
103 1856 512493.0
104 1986 517063.0
105 2052 521520.0
106 2068 526003.0
107 2004 530643.0
108 2047 535127.0
109 2110 539374.0
110 2201 543921.0
111 2301 548265.0
112 2259 552667.0
113 2268 556920.0
114 2413 561345.0
115 2328 565572.0
116 2482 569920.0
117 2509 574093.0
118 2516 578435.0
119 2650 582500.0
120 2808 586744.0
121 2821 590837.0
122 2892 595169.0
123 2965 599259.0
124 2951 603519.0
125 2955 607589.0
126 3209 611788.0
127 3231 615762.0
128 3188 620052.0
129 3210 624275.0
130 3109 628533.0
131 3139 632616.0
132 3321 636699.0
133 3407 640629.0
134 3564 644514.0
135 3659 648374.0
136 3740 652459.0
137 3638 656528.0
138 3788 660694.0
139 3923 664751.0
140 4038 668540.0
141 4072 672595.0
142 3866 676664.0
143 4024 680623.0
144 4018 684469.0
145 4169 688298.0
146 4184 692045.0
147 4216 695896.0
148 4171 699740.0
149 4238 703350.0
150 4354 707239.0
151 4443 711021.0
152 4592 714582.0
153 4790 718345.0
154 5062 721906.0
155 5066 725464.0
156 4967 729250.0
157 4956 732809.0
158 5167 736462.0
159 5288 739634.0
160 5568 743309.0
161 5561 746706.0
162 5575 750470.0
163 5462 753689.0
164 5868 757257.0
165 5787 760391.0
166 5761 764087.0
167 5714 767436.0
168 5885 770882.0
169 5811 774219.0
170 6083 777455.0
171 6329 780821.0
172 6599 784075.0
173 6527 787351.0
174 6471 790745.0
175 6391 793893.0
176 6658 796796.0
177 6870 800131.0
178 6691 802984.0
179 6952 806238.0
180 6907 809106.0
181 7067 812709.0
182 6933 815793.0
183 6937 818962.0
184 6889 822159.0
185 7038 825124.0
186 7223 828022.0
187 7617 830971.0
188 7656 833797.0
189 7664 836866.0
190 7672 839719.0
191 7836 842701.0
192 8010 845358.0
193 8072 848138.0
194 8165 850703.0
195 8298 853611.0
196 8545 856139.0
197 8735 858736.0
198 8867 861404.0
199 8871 863906.0
200 8779 861440.0
201 8370 854999.0
202 8017 848731.0
203 7775 842455.0
204 7648 836324.0
205 7374 830202.0
206 7087 824295.0
207 6805 818532.0
208 6513 812795.0
209 6420 806840.0
210 6713 800823.0
211 6642 794989.0
212 6408 789285.0
213 6301 783691.0
214 6327 777808.0
215 6437 772051.0
216 6431 766060.0
217 6500 760303.0
218 6465 754196.0
219 6579 748631.0
220 6474 742740.0
221 6666 736684.0
222 6712 730725.0
223 6400 725151.0
224 5979 719774.0
225 5652 714292.0
226 5990 708428.0
227 6641 702788.0
228 6570 696928.0
229 6716 691056.0
230 6612 685141.0
231 6356 679846.0
232 5945 674287.0
233 6008 668747.0
234 6136 662701.0
235 6551 656951.0
236 6566 651229.0
237 6500 645547.0
238 6437 640205.0
239 6227 634384.0
240 6237 628946.0
241 6102 623314.0
242 6153 617758.0
243 6159 612156.0
244 6167 606632.0
245 6213 600935.0
246 6198 595559.0
247 6102 590145.0
248 5996 584675.0
249 6039 579286.0
250 5967 573856.0
251 6001 568210.0
252 6123 562702.0
253 6247 557631.0
254 6187 552109.0
255 6113 546831.0
256 5806 541518.0
257 5592 536578.0
258 5670 531265.0
259 5938 525951.0
260 6264 520316.0
261 6484 514825.0
262 6173 509499.0
263 6018 504402.0
264 5726 499399.0
265 5615 494403.0
266 5633 488907.0
267 5768 483866.0
268 5925 478689.0
269 5881 473643.0
270 5593 468614.0
271 5579 463464.0
272 5530 458364.0
273 5622 453298.0
274 5777 448105.0
275 5981 443041.0
276 5885 437961.0
277 5785 432813.0
278 5842 428280.0
279 5578 423476.0
280 5315 418463.0
281 5476 413876.0
282 5523 409001.0
283 5542 404079.0
284 5549 399339.0
285 5644 394443.0
286 5634 389668.0
287 5265 384865.0
288 5265 379924.0
289 5444 375019.0
290 5529 370297.0
291 5467 365551.0
292 5550 360746.0
293 5388 356292.0
294 5100 351716.0
295 5340 347052.0
296 5365 342465.0
297 5255 337968.0
298 5139 333596.0
299 5104 328941.0
300 5333 324271.0
301 5369 319674.0
302 5323 315159.0
303 5152 310729.0
304 5071 306359.0
305 5090 302046.0
306 4892 297573.0
307 4990 293302.0
308 5020 288914.0
309 4895 284581.0
310 4798 280235.0
311 4868 276156.0
312 4872 271873.0
313 4664 267836.0
314 4586 263932.0
315 4661 259743.0
316 4711 255268.0
317 4865 251325.0
318 4720 247397.0
319 4567 243388.0
320 4392 239378.0
321 4390 235345.0
322 4480 231486.0
323 4602 227551.0
324 4582 223686.0
325 4460 219968.0
326 4220 216316.0
327 4154 212438.0
328 4098 208675.0
329 4024 205090.0
330 3908 201326.0
331 4006 197795.0
332 3918 194199.0
333 3795 190608.0
334 3769 187169.0
335 3712 183607.0
336 3734 180305.0
337 3717 176836.0
338 3686 173485.0
339 3656 170178.0
340 3581 166904.0
341 3490 163690.0
342 3606 160386.0
343 3524 157282.0
344 3456 154065.0
345 3403 150904.0
346 3456 147762.0
347 3413 144612.0
348 3411 141484.0
349 3315 138527.0
350 3270 135573.0
351 3169 132654.0
352 3223 129733.0
353 3231 126834.0
354 3092 124116.0
355 3043 121381.0
356 3058 118648.0
357 2892 115847.0
358 2900 113245.0
359 2745 110777.0
360 2717 108132.0
361 2743 105544.0
362 2597 103290.0
363 2540 100845.0
364 2420 98403.0
365 2410 95937.0
366 2357 93444.0
367 2378 91208.0
368 2331 89058.0
369 2184 86976.0
370 2035 84906.0
371 1982 83001.0
372 1995 80990.0
373 2002 79118.0
374 1944 77092.0
375 1876 75046.0
376 1800 73330.0
377 1860 71502.0
378 1859 69540.0
379 1920 67892.0
380 1901 65915.0
381 1865 64112.0
382 1742 62393.0
383 1726 60786.0
384 1668 59191.0
385 1588 57756.0
386 1485 56281.0
387 1394 54979.0
388 1367 53554.0
389 1362 52128.0
390 1326 50796.0
391 1315 49422.0
392 1270 48151.0
393 1261 46793.0
394 1241 45342.0
395 1225 44170.0
396 1190 42968.0
397 1124 41912.0
398 1054 40838.0
399 1027 39612.0
400 1052 39362.0
401 955 39092.0
402 869 38882.0
403 799 38668.0
404 755 38503.0
405 698 38269.0
406 749 38067.0
407 796 37804.0
408 829 37582.0
409 800 37336.0
410 785 37148.0
411 736 36933.0
412 694 36759.0
413 692 36568.0
414 663 36396.0
415 613 36241.0
416 544 36116.0
417 509 35962.0
418 542 35822.0
419 510 35668.0
420 525 35513.0
421 593 35336.0
422 637 35130.0
423 649 34992.0
424 564 34812.0
425 567 34673.0
426 553 34503.0
427 566 34359.0
428 540 34198.0
429 527 34098.0
430 491 33922.0
431 531 33804.0
432 529 33593.0
433 625 33436.0
434 584 33295.0
435 535 33159.0
436 493 33033.0
437 467 32915.0
438 469 32754.0
439 502 32626.0
440 484 32477.0
441 464 32364.0
442 460 32230.0
443 453 32111.0
444 444 31962.0
445 502 31820.0
446 487 31712.0
447 406 31621.0
448 365 31524.0
449 344 31448.0
450 323 31358.0
451 311 31263.0
452 323 31179.0
453 354 31054.0
454 391 30936.0
455 386 30834.0
456 370 30736.0
457 340 30646.0
458 342 30540.0
459 344 30473.0
460 320 30349.0
461 346 30286.0
462 314 30195.0
463 267 30154.0
464 215 30125.0
465 159 30086.0
466 151 30046.0
467 149 30000.0
468 158 29959.0
469 156 29918.0
470 131 29894.0
471 112 29858.0
472 125 29822.0
473 155 29767.0
474 173 29718.0
475 156 29670.0
476 165 29625.0
477 168 29568.0
478 196 29503.0
479 203 29437.0
480 215 29382.0
481 204 29334.0
482 179 29286.0
483 169 29237.0
484 187 29184.0
485 182 29134.0
486 151 29104.0
487 142 29063.0
488 143 29023.0
489 144 28976.0
490 158 28931.0
491 173 28872.0
492 210 28806.0
493 237 28710.0
494 244 28659.0
495 209 28597.0
496 192 28563.0
497 159 28516.0
498 163 28490.0
499 165 28421.0
500 186 28388.0
501 165 28331.0
502 160 28297.0
503 151 28250.0
504 144 28212.0
505 124 28190.0
506 105 28155.0
507 118 28126.0
508 130 28072.0
509 140 28041.0
510 121 27999.0
511 108 27989.0
512 84 27958.0
513 94 27944.0
514 89 27904.0
515 120 27876.0
516 139 27809.0
517 175 27763.0
518 161 27710.0
519 140 27684.0
520 112 27660.0
521 101 27636.0
522 93 27606.0
523 77 27596.0
524 60 27580.0
525 57 27564.0
526 53 27553.0
527 39 27538.0
528 34 27535.0
529 34 27517.0
530 50 27506.0
531 53 27477.0
532 58 27468.0
533 55 27445.0
534 70 27426.0
535 88 27380.0
536 101 27366.0
537 75 27345.0
538 55 27340.0
539 38 27335.0
540 24 27331.0
541 21 27326.0
542 21 27318.0
543 26 27309.0
544 33 27299.0
545 31 27295.0
546 25 27282.0
547 38 27276.0
548 32 27266.0
549 26 27261.0
550 25 27252.0
551 32 27240.0
552 43 27222.0
553 59 27201.0
554 63 27179.0
555 64 27170.0
556 58 27143.0
557 58 27135.0
558 48 27118.0
559 52 27101.0
560 61 27082.0
561 58 27070.0
562 48 27056.0
563 49 27042.0
564 59 27032.0
565 53 27008.0
566 52 26999.0
567 54 26975.0
568 69 26953.0
569 86 26922.0
570 78 26918.0
571 50 26905.0
572 39 26900.0
573 33 26889.0
574 25 26888.0
575 19 26881.0
576 23 26877.0
577 23 26871.0
578 25 26858.0
579 34 26848.0
580 45 26828.0
581 49 26825.0
582 37 26809.0
583 47 26795.0
584 54 26780.0
585 48 26770.0
586 37 26762.0
587 35 26754.0
588 27 26751.0
589 17 26748.0
590 14 26747.0
591 10 26741.0
592 15 26739.0
593 18 26727.0
594 28 26721.0
595 32 26703.0
596 29 26702.0
597 18 26696.0
598 15 26695.0
599 14 26688.0
600 15 26687.0
601 12 26680.0
602 16 26679.0
603 11 26678.0
604 7 26677.0
605 5 26677.0
606 3 26676.0
607 2 26675.0
608 4 26675.0
609 3 26674.0
610 2 26674.0
611 1 26674.0
612 0 26674.0
613 0 26674.0
614 0 26674.0
615 0 26674.0
616 0 26674.0
617 0 26674.0
618 0 26674.0
619 0 26674.0
620 0 26674.0
621 0 26674.0
622 0 26674.0
623 0 26674.0
624 0 26674.0
625 0 26674.0
626 0 26674.0
627 0 26674.0
628 0 26674.0
629 0 26674.0
630 0 26674.0
631 0 26674.0
632 0 26674.0
633 0 26674.0
634 0 26674.0
635 0 26674.0
636 0 26674.0
637 0 26674.0
638 0 26674.0
639 0 26674.0
640 0 26674.0
641 0 26674.0
642 0 26674.0
643 0 26674.0
644 0 26674.0
645 0 26674.0
646 0 26674.0
647 0 26674.0
648 0 26674.0
649 0 26674.0
650 0 26674.0
651 0 26674.0
652 0 26674.0
653 0 26674.0
654 0 26674.0
655 0 26674.0
656 0 26674.0
657 0 26674.0
658 0 26674.0
659 0 26674.0
660 0 26674.0
661 0 26674.0
662 0 26674.0
663 0 26674.0
664 0 26674.0
665 0 26674.0
666 0 26674.0
667 0 26674.0
668 0 26674.0
669 0 26674.0
670 0 26674.0
671 0 26674.0
672 0 26674.0
673 0 26674.0
674 0 26674.0
675 0 26674.0
676 0 26674.0
677 0 26674.0
678 0 26674.0
679 0 26674.0
680 0 26674.0
681 0 26674.0
682 0 26674.0
683 0 26674.0
684 0 26674.0
685 0 26674.0
686 0 26674.0
687 0 26674.0
688 0 26674.0
689 0 26674.0
690 0 26674.0
691 0 26674.0
692 0 26674.0
693 0 26674.0
694 0 26674.0
695 0 26674.0
696 0 26674.0
697 0 26674.0
698 0 26674.0
699 0 26674.0
700 0 26674.0
701 0 26674.0
702 0 26674.0
703 0 26674.0
704 0 26674.0
705 0 26674.0
706 0 26674.0
707 0 26674.0
708 0 26674.0
709 0 26674.0
710 0 26674.0
711 0 26674.0
712 0 26674.0
713 0 26674.0
714 0 26674.0
715 0 26674.0
716 0 26674.0
717 0 26674.0
718 0 26674.0
719 0 26674.0
720 0 26674.0
721 0 26674.0
722 0 26674.0
723 0 26674.0
724 0 26674.0
725 0 26674.0
726 0 26674.0
727 0 26674.0
728 0 26674.0
729 0 26674.0
730 0 26674.0
731 0 26674.0
732 0 26674.0
733 0 26674.0
734 0 26674.0
735 0 26674.0
736 0 26674.0
737 0 26674.0
738 0 26674.0
739 0 26674.0
740 0 26674.0
741 0 26674.0
742 0 26674.0
743 0 26674.0
744 0 26674.0
745 0 26674.0
746 0 26674.0
747 0 26674.0
748 0 26674.0
749 0 26674.0
750 0 26674.0
751 0 26674.0
752 0 26674.0
753 0 26674.0
754 0 26674.0
755 0 26674.0
756 0 26674.0
757 0 26674.0
758 0 26674.0
759 0 26674.0
760 0 26674.0
761 0 26674.0
762 0 26674.0
763 0 26674.0
764 0 26674.0
765 0 26674.0
766 0 26674.0
767 0 26674.0
768 0 26674.0
769 0 26674.0
770 0 26674.0
771 0 26674.0
772 0 26674.0
773 0 26674.0
774 0 26674.0
775 0 26674.0
776 0 26674.0
777 0 26674.0
778 0 26674.0
779 0 26674.0
780 0 26674.0
781 0 26674.0
782 0 26674.0
783 0 26674.0
784 0 26674.0
785 0 26674.0
786 0 26674.0
787 0 26674.0
788 0 26674.0
789 0 26674.0
790 0 26674.0
791 0 26674.0
792 0 26674.0
793 0 26674.0
794 0 26674.0
795 0 26674.0
796 0 26674.0
797 0 26674.0
798 0 26674.0
799 0 26674.0
800 0 26674.0
801 0 26674.0
802 0 26674.0
803 0 26674.0
804 0 26674.0
805 0 26674.0
806 0 26674.0
807 0 26674.0
808 0 26674.0
809 0 26674.0
810 0 26674.0
811 0 26674.0
812 0 26674.0
813 0 26674.0
814 0 26674.0
815 0 26674.0
816 0 26674.0
817 0 26674.0
818 0 26674.0
819 0 26674.0
820 0 26674.0
821 0 26674.0
822 0 26674.0
823 0 26674.0
824 0 26674.0
825 0 26674.0
826 0 26674.0
827 0 26674.0
828 0 26674.0
829 0 26674.0
830 0 26674.0
831 0 26674.0
832 0 26674.0
833 0 26674.0
834 0 26674.0
835 0 26674.0
836 0 26674.0
837 0 26674.0
838 0 26674.0
839 0 26674.0
840 0 26674.0
841 0 26674.0
842 0 26674.0
843 0 26674.0
844 0 26674.0
845 0 26674.0
846 0 26674.0
847 0 26674.0
848 0 26674.0
849 0 26674.0
850 0 26674.0
851 0 26674.0
852 0 26674.0
853 0 26674.0
854 0 26674.0
855 0 26674.0
856 0 26674.0
857 0 26674.0
858 0 26674.0
859 0 26674.0
860 0 26674.0
861 0 26674.0
862 0 26674.0
863 0 26674.0
864 0 26674.0
865 0 26674.0
866 0 26674.0
867 0 26674.0
868 0 26674.0
869 0 26674.0
870 0 26674.0
871 0 26674.0
872 0 26674.0
873 0 26674.0
874 0 26674.0
875 0 26674.0
876 0 26674.0
877 0 26674.0
878 0 26674.0
879 0 26674.0
880 0 26674.0
881 0 26674.0
882 0 26674.0
883 0 26674.0
884 0 26674.0
885 0 26674.0
886 0 26674.0
887 0 26674.0
888 0 26674.0
889 0 26674.0
890 0 26674.0
891 0 26674.0
892 0 26674.0
893 0 26674.0
894 0 26674.0
895 0 26674.0
896 0 26674.0
897 0 26674.0
898 0 26674.0
899 0 26674.0
900 0 26674.0
901 0 26674.0
902 0 26674.0
903 0 26674.0
904 0 26674.0
905 0 26674.0
906 0 26674.0
907 0 26674.0
908 0 26674.0
909 0 26674.0
910 0 26674.0
911 0 26674.0
912 0 26674.0
913 0 26674.0
914 0 26674.0
915 0 26674.0
916 0 26674.0
917 0 26674.0
918 0 26674.0
919 0 26674.0
920 0 26674.0
921 0 26674.0
922 0 26674.0
923 0 26674.0
924 0 26674.0
925 0 26674.0
926 0 26674.0
927 0 26674.0
928 0 26674.0
929 0 26674.0
930 0 26674.0
931 0 26674.0
932 0 26674.0
933 0 26674.0
934 0 26674.0
935 0 26674.0
936 0 26674.0
937 0 26674.0
938 0 26674.0
939 0 26674.0
940 0 26674.0
941 0 26674.0
942 0 26674.0
943 0 26674.0
944 0 26674.0
945 0 26674.0
946 0 26674.0
947 0 26674.0
948 0 26674.0
949 0 26674.0
950 0 26674.0
951 0 26674.0
952 0 26674.0
953 0 26674.0
954 0 26674.0
955 0 26674.0
956 0 26674.0
957 0 26674.0
958 0 26674.0
959 0 26674.0
960 0 26674.0
961 0 26674.0
962 0 26674.0
963 0 26674.0
964 0 26674.0
965 0 26674.0
966 0 26674.0
967 0 26674.0
968 0 26674.0
969 0 26674.0
970 0 26674.0
971 0 26674.0
972 0 26674.0
973 0 26674.0
974 0 26674.0
975 0 26674.0
976 0 26674.0
977 0 26674.0
978 0 26674.0
979 0 26674.0
980 0 26674.0
981 0 26674.0
982 0 26674.0
983 0 26674.0
984 0 26674.0
985 0 26674.0
986 0 26674.0
987 0 26674.0
988 0 26674.0
989 0 26674.0
990 0 26674.0
991 0 26674.0
992 0 26674.0
993 0 26674.0
994 0 26674.0
995 0 26674.0
996 0 26674.0
997 0 26674.0
998 0 26674.0
999 0 26674.0
1000 0 26674.0
