1 1 14955.0
2 2 20611.0
3 2 26109.0
4 4 31444.0
5 3 36755.0
6 4 41868.0
7 6 47053.0
8 5 52308.0
9 6 57400.0
10 10 62650.0
11 8 67474.0
12 5 72405.0
13 9 77525.0
14 10 82602.0
15 18 87559.0
16 14 92499.0
17 14 97519.0
18 16 102342.0
19 21 107457.0
20 27 112219.0
21 22 117198.0
22 31 122122.0
23 39 127371.0
24 44 132318.0
25 62 137269.0
26 68 142277.0
27 68 147191.0
28 75 152160.0
29 71 157076.0
30 79 161887.0
31 83 166819.0
32 89 171857.0
33 91 176821.0
34 106 181804.0
35 133 186626.0
36 146 191810.0
37 156 196712.0
38 187 201622.0
39 194 206535.0
40 218 211515.0
41 225 216331.0
42 232 221147.0
43 242 226004.0
44 241 230896.0
45 263 235823.0
46 245 240705.0
47 340 245605.0
48 365 250475.0
49 398 255493.0
50 360 260510.0
51 386 265292.0
52 413 270099.0
53 442 275005.0
54 455 279926.0
55 455 284891.0
56 447 289776.0
57 462 294870.0
58 501 299611.0
59 607 304516.0
60 641 309521.0
61 609 314492.0
62 639 319352.0
63 705 324141.0
64 737 329041.0
65 772 333976.0
66 778 338739.0
67 784 343531.0
68 787 348276.0
69 897 353070.0
70 935 357707.0
71 978 362383.0
72 963 367058.0
73 940 371945.0
74 987 376631.0
75 1079 381252.0
76 1087 386056.0
77 1072 390977.0
78 1097 395696.0
79 1144 400384.0
80 1203 405066.0
81 1208 409472.0
82 1268 414153.0
83 1328 418658.0
84 1362 423476.0
85 1317 428143.0
86 1356 432954.0
87 1387 437629.0
88 1448 442124.0
89 1552 446686.0
90 1618 451552.0
91 1647 456403.0
92 1656 460750.0
93 1680 465336.0
94 1736 469768.0
95 1808 474197.0
96 1892 478303.0
97 1952 482892.0
98 1954 487382.0
99 2086 491929.0
100 2126 496297.0
101 2161 500779.0
102 2145 505272.0
103 2220 509606.0
104 2232 514012.0
105 2256 518328.0
106 2297 522382.0
107 2384 526921.0
108 2311 531247.0
109 2386 535547.0
110 2420 539821.0
111 2504 544112.0
112 2671 548372.0
113 2791 552636.0
114 2838 556777.0
115 2835 561210.0
116 2756 565546.0
117 2715 569555.0
118 2902 573709.0
119 3058 577768.0
120 3187 581993.0
121 3099 586078.0
122 3172 590315.0
123 3103 594696.0
124 3326 598586.0
125 3570 602538.0
126 3572 606638.0
127 3521 610861.0
128 3439 614935.0
129 3661 618760.0
130 3755 622548.0
131 3899 626294.0
132 3950 630256.0
133 3820 634356.0
134 3797 638096.0
135 4171 641992.0
136 4153 645507.0
137 4230 649716.0
138 3994 653735.0
139 3981 657598.0
140 4063 661263.0
141 4364 665093.0
142 4621 668621.0
143 4628 672370.0
144 4482 676231.0
145 4536 680002.0
146 4627 683855.0
147 4706 687356.0
148 4953 690949.0
149 5146 694621.0
150 5231 698038.0
151 5144 701614.0
152 5170 705261.0
153 5153 708901.0
154 5248 712468.0
155 5480 715861.0
156 5694 719183.0
157 5708 722707.0
158 5613 726074.0
159 5748 729790.0
160 5740 733323.0
161 5798 736915.0
162 6013 740182.0
163 6273 743555.0
164 6251 746925.0
165 6334 750155.0
166 6387 753561.0
167 6404 756856.0
168 6561 760020.0
169 6460 763187.0
170 6493 766376.0
171 6736 769419.0
172 6858 772437.0
173 6811 775478.0
174 6819 778763.0
175 6843 781855.0
176 7007 785020.0
177 7114 788082.0
178 7270 791056.0
179 7652 793893.0
180 7574 796863.0
181 7464 799661.0
182 7482 802450.0
183 7664 805422.0
184 7888 808322.0
185 8070 811097.0
186 8080 813828.0
187 7997 816654.0
188 7998 819322.0
189 8322 822047.0
190 8405 824710.0
191 8264 827752.0
192 8272 830604.0
193 8410 833376.0
194 8515 835997.0
195 8903 838500.0
196 9289 840935.0
197 9481 843349.0
198 9658 845958.0
199 9462 848393.0
200 9421 845697.0
201 8979 839314.0
202 8458 832990.0
203 8107 827037.0
204 7647 820905.0
205 7459 814920.0
206 7371 809090.0
207 7086 802946.0
208 7088 797271.0
209 6771 791278.0
210 6512 785525.0
211 6403 779518.0
212 6635 773651.0
213 6716 767663.0
214 6542 761941.0
215 6236 756577.0
216 6050 750945.0
217 6336 745096.0
218 6645 739348.0
219 6542 733491.0
220 6404 727746.0
221 6525 722185.0
222 6527 716348.0
223 6736 710596.0
224 6695 704787.0
225 6750 698926.0
226 6834 693371.0
227 6764 687349.0
228 6888 681725.0
229 6662 675762.0
230 6546 670105.0
231 6482 664395.0
232 6369 658893.0
233 6474 652862.0
234 6847 647137.0
235 6783 641513.0
236 6656 635871.0
237 6397 630435.0
238 6355 624829.0
239 6580 619231.0
240 6647 613354.0
241 6641 607654.0
242 6589 602275.0
243 6397 596512.0
244 6660 591048.0
245 6618 585403.0
246 6544 579965.0
247 6207 574522.0
248 6282 569296.0
249 6362 563748.0
250 6410 558412.0
251 6481 552990.0
252 6569 547461.0
253 6646 542048.0
254 6509 536757.0
255 6434 531413.0
256 6359 526034.0
257 6464 520743.0
258 6353 515652.0
259 6253 510357.0
260 6279 505234.0
261 6226 499662.0
262 6279 494378.0
263 6176 489262.0
264 6103 484166.0
265 6185 478934.0
266 6240 473689.0
267 6164 468426.0
268 6234 463445.0
269 6100 458355.0
270 6215 453174.0
271 6133 448040.0
272 6023 442977.0
273 6093 437970.0
274 6023 432810.0
275 6120 427942.0
276 5945 422930.0
277 5843 418008.0
278 5810 413093.0
279 5619 407990.0
280 5763 403125.0
281 5778 398471.0
282 5438 393591.0
283 5498 388914.0
284 5781 384056.0
285 5913 379440.0
286 5752 374659.0
287 5728 370130.0
288 5421 365297.0
289 5308 360827.0
290 5297 356321.0
291 5398 351696.0
292 5438 347049.0
293 5470 342329.0
294 5547 337779.0
295 5361 333374.0
296 5140 328896.0
297 5063 324305.0
298 5094 320025.0
299 5042 315660.0
300 4907 311255.0
301 4851 306794.0
302 4960 302445.0
303 4908 298053.0
304 5004 293679.0
305 5060 289200.0
306 5058 284975.0
307 4951 280519.0
308 4890 276437.0
309 4831 272264.0
310 4716 267919.0
311 4854 263663.0
312 4853 259505.0
313 4776 255437.0
314 4711 251476.0
315 4772 247468.0
316 5015 243462.0
317 4932 239182.0
318 4845 235430.0
319 4743 231454.0
320 4611 227483.0
321 4499 223689.0
322 4532 219805.0
323 4640 215918.0
324 4524 212029.0
325 4534 208473.0
326 4358 204725.0
327 4414 200917.0
328 4253 197277.0
329 4046 193859.0
330 3833 190257.0
331 3854 186791.0
332 3957 183241.0
333 4002 179756.0
334 3959 176118.0
335 4045 172697.0
336 3894 169120.0
337 3841 165653.0
338 3759 162486.0
339 3735 159319.0
340 3663 156162.0
341 3604 153132.0
342 3515 149894.0
343 3608 146905.0
344 3474 143827.0
345 3366 140930.0
346 3274 138081.0
347 3236 135247.0
348 3179 132563.0
349 3093 129708.0
350 3087 126846.0
351 3140 123931.0
352 3157 121282.0
353 3036 118548.0
354 3030 115970.0
355 2871 113525.0
356 2789 111046.0
357 2745 108610.0
358 2778 106087.0
359 2799 103603.0
360 2759 101118.0
361 2655 98723.0
362 2670 96363.0
363 2623 94029.0
364 2488 91799.0
365 2424 89769.0
366 2368 87621.0
367 2360 85507.0
368 2362 83460.0
369 2350 81223.0
370 2325 79042.0
371 2344 76991.0
372 2277 75024.0
373 2323 73041.0
374 2303 71107.0
375 2285 69317.0
376 2229 67407.0
377 2187 65425.0
378 2055 63692.0
379 1922 62058.0
380 1784 60468.0
381 1629 58899.0
382 1650 57212.0
383 1623 55611.0
384 1582 54171.0
385 1521 52763.0
386 1433 51215.0
387 1386 50049.0
388 1303 48656.0
389 1239 47454.0
390 1143 46200.0
391 1134 44884.0
392 1121 43674.0
393 1156 42525.0
394 1071 41298.0
395 982 40000.0
396 964 38885.0
397 928 37801.0
398 935 36788.0
399 914 35796.0
400 941 35543.0
401 918 35262.0
402 917 35027.0
403 829 34809.0
404 786 34618.0
405 726 34401.0
406 691 34228.0
407 655 34026.0
408 657 33847.0
409 633 33675.0
410 616 33499.0
411 641 33296.0
412 667 33134.0
413 623 32942.0
414 607 32808.0
415 563 32639.0
416 566 32481.0
417 559 32342.0
418 540 32176.0
419 546 32033.0
420 507 31902.0
421 469 31778.0
422 456 31645.0
423 455 31526.0
424 437 31417.0
425 402 31311.0
426 381 31216.0
427 367 31109.0
428 354 31025.0
429 332 30929.0
430 316 30852.0
431 317 30740.0
432 367 30646.0
433 371 30518.0
434 381 30422.0
435 358 30313.0
436 378 30205.0
437 379 30108.0
438 342 30023.0
439 299 29944.0
440 277 29888.0
441 250 29824.0
442 236 29750.0
443 254 29679.0
444 259 29605.0
445 252 29533.0
446 253 29462.0
447 221 29420.0
448 189 29364.0
449 204 29311.0
450 202 29263.0
451 203 29185.0
452 250 29121.0
453 238 29058.0
454 199 29018.0
455 162 28978.0
456 155 28946.0
457 138 28910.0
458 120 28884.0
459 120 28844.0
460 135 28797.0
461 157 28748.0
462 146 28720.0
463 112 28691.0
464 102 28670.0
465 108 28631.0
466 129 28588.0
467 146 28542.0
468 142 28506.0
469 138 28463.0
470 161 28414.0
471 168 28373.0
472 158 28324.0
473 145 28286.0
474 146 28239.0
475 159 28191.0
476 161 28154.0
477 144 28108.0
478 140 28080.0
479 124 28044.0
480 119 28012.0
481 120 27976.0
482 127 27934.0
483 138 27895.0
484 145 27853.0
485 129 27823.0
486 110 27800.0
487 99 27768.0
488 110 27740.0
489 106 27701.0
490 110 27677.0
491 111 27642.0
492 107 27614.0
493 106 27584.0
494 104 27553.0
495 113 27524.0
496 121 27485.0
497 111 27457.0
498 105 27426.0
499 111 27399.0
500 112 27369.0
501 101 27337.0
502 112 27306.0
503 135 27251.0
504 179 27186.0
505 202 27124.0
506 181 27079.0
507 156 27044.0
508 145 27016.0
509 124 26985.0
510 103 26956.0
511 106 26931.0
512 109 26895.0
513 100 26873.0
514 86 26842.0
515 105 26823.0
516 93 26788.0
517 96 26762.0
518 87 26739.0
519 76 26720.0
520 72 26700.0
521 86 26670.0
522 95 26637.0
523 85 26621.0
524 75 26594.0
525 84 26571.0
526 83 26555.0
527 66 26540.0
528 57 26525.0
529 59 26510.0
530 62 26487.0
531 72 26469.0
532 63 26458.0
533 54 26440.0
534 51 26424.0
535 63 26405.0
536 76 26374.0
537 85 26358.0
538 69 26337.0
539 51 26332.0
540 41 26325.0
541 33 26317.0
542 29 26311.0
543 22 26307.0
544 21 26300.0
545 18 26293.0
546 20 26286.0
547 22 26281.0
548 22 26271.0
549 29 26266.0
550 23 26262.0
551 17 26258.0
552 10 26256.0
553 10 26255.0
554 8 26252.0
555 10 26249.0
556 14 26243.0
557 20 26235.0
558 28 26223.0
559 36 26216.0
560 28 26203.0
561 21 26201.0
562 15 26194.0
563 18 26191.0
564 17 26183.0
565 16 26182.0
566 12 26175.0
567 14 26175.0
568 13 26167.0
569 15 26164.0
570 19 26156.0
571 26 26145.0
572 29 26141.0
573 25 26130.0
574 21 26128.0
575 26 26119.0
576 33 26105.0
577 31 26102.0
578 17 26100.0
579 12 26099.0
580 7 26097.0
581 8 26097.0
582 8 26092.0
583 12 26090.0
584 12 26081.0
585 12 26081.0
586 9 26075.0
587 12 26072.0
588 14 26063.0
589 20 26059.0
590 24 26046.0
591 35 26038.0
592 41 26013.0
593 54 26009.0
594 41 25994.0
595 36 25991.0
596 27 25982.0
597 28 25974.0
598 34 25962.0
599 41 25947.0
600 45 25939.0
601 35 25934.0
602 26 25928.0
603 23 25921.0
604 30 25914.0
605 23 25914.0
606 12 25913.0
607 7 25912.0
608 6 25912.0
609 5 25908.0
610 9 25907.0
611 10 25899.0
612 18 25897.0
613 20 25881.0
614 36 25877.0
615 28 25876.0
616 14 25876.0
617 7 25876.0
618 3 25876.0
619 1 25876.0
620 0 25876.0
621 0 25876.0
622 0 25876.0
623 0 25876.0
624 0 25876.0
625 0 25876.0
626 0 25876.0
627 0 25876.0
628 0 25876.0
629 0 25876.0
630 0 25876.0
631 0 25876.0
632 0 25876.0
633 0 25876.0
634 0 25876.0
635 0 25876.0
636 0 25876.0
637 0 25876.0
638 0 25876.0
639 0 25876.0
640 0 25876.0
641 0 25876.0
642 0 25876.0
643 0 25876.0
644 0 25876.0
645 0 25876.0
646 0 25876.0
647 0 25876.0
648 0 25876.0
649 0 25876.0
650 0 25876.0
651 0 25876.0
652 0 25876.0
653 0 25876.0
654 0 25876.0
655 0 25876.0
656 0 25876.0
657 0 25876.0
658 0 25876.0
659 0 25876.0
660 0 25876.0
661 0 25876.0
662 0 25876.0
663 0 25876.0
664 0 25876.0
665 0 25876.0
666 0 25876.0
667 0 25876.0
668 0 25876.0
669 0 25876.0
670 0 25876.0
671 0 25876.0
672 0 25876.0
673 0 25876.0
674 0 25876.0
675 0 25876.0
676 0 25876.0
677 0 25876.0
678 0 25876.0
679 0 25876.0
680 0 25876.0
681 0 25876.0
682 0 25876.0
683 0 25876.0
684 0 25876.0
685 0 25876.0
686 0 25876.0
687 0 25876.0
688 0 25876.0
689 0 25876.0
690 0 25876.0
691 0 25876.0
692 0 25876.0
693 0 25876.0
694 0 25876.0
695 0 25876.0
696 0 25876.0
697 0 25876.0
698 0 25876.0
699 0 25876.0
700 0 25876.0
701 0 25876.0
702 0 25876.0
703 0 25876.0
704 0 25876.0
705 0 25876.0
706 0 25876.0
707 0 25876.0
708 0 25876.0
709 0 25876.0
710 0 25876.0
711 0 25876.0
712 0 25876.0
713 0 25876.0
714 0 25876.0
715 0 25876.0
716 0 25876.0
717 0 25876.0
718 0 25876.0
719 0 25876.0
720 0 25876.0
721 0 25876.0
722 0 25876.0
723 0 25876.0
724 0 25876.0
725 0 25876.0
726 0 25876.0
727 0 25876.0
728 0 25876.0
729 0 25876.0
730 0 25876.0
731 0 25876.0
732 0 25876.0
733 0 25876.0
734 0 25876.0
735 0 25876.0
736 0 25876.0
737 0 25876.0
738 0 25876.0
739 0 25876.0
740 0 25876.0
741 0 25876.0
742 0 25876.0
743 0 25876.0
744 0 25876.0
745 0 25876.0
746 0 25876.0
747 0 25876.0
748 0 25876.0
749 0 25876.0
750 0 25876.0
751 0 25876.0
752 0 25876.0
753 0 25876.0
754 0 25876.0
755 0 25876.0
756 0 25876.0
757 0 25876.0
758 0 25876.0
759 0 25876.0
760 0 25876.0
761 0 25876.0
762 0 25876.0
763 0 25876.0
764 0 25876.0
765 0 25876.0
766 0 25876.0
767 0 25876.0
768 0 25876.0
769 0 25876.0
770 0 25876.0
771 0 25876.0
772 0 25876.0
773 0 25876.0
774 0 25876.0
775 0 25876.0
776 0 25876.0
777 0 25876.0
778 0 25876.0
779 0 25876.0
780 0 25876.0
781 0 25876.0
782 0 25876.0
783 0 25876.0
784 0 25876.0
785 0 25876.0
786 0 25876.0
787 0 25876.0
788 0 25876.0
789 0 25876.0
790 0 25876.0
791 0 25876.0
792 0 25876.0
793 0 25876.0
794 0 25876.0
795 0 25876.0
796 0 25876.0
797 0 25876.0
798 0 25876.0
799 0 25876.0
800 0 25876.0
801 0 25876.0
802 0 25876.0
803 0 25876.0
804 0 25876.0
805 0 25876.0
806 0 25876.0
807 0 25876.0
808 0 25876.0
809 0 25876.0
810 0 25876.0
811 0 25876.0
812 0 25876.0
813 0 25876.0
814 0 25876.0
815 0 25876.0
816 0 25876.0
817 0 25876.0
818 0 25876.0
819 0 25876.0
820 0 25876.0
821 0 25876.0
822 0 25876.0
823 0 25876.0
824 0 25876.0
825 0 25876.0
826 0 25876.0
827 0 25876.0
828 0 25876.0
829 0 25876.0
830 0 25876.0
831 0 25876.0
832 0 25876.0
833 0 25876.0
834 0 25876.0
835 0 25876.0
836 0 25876.0
837 0 25876.0
838 0 25876.0
839 0 25876.0
840 0 25876.0
841 0 25876.0
842 0 25876.0
843 0 25876.0
844 0 25876.0
845 0 25876.0
846 0 25876.0
847 0 25876.0
848 0 25876.0
849 0 25876.0
850 0 25876.0
851 0 25876.0
852 0 25876.0
853 0 25876.0
854 0 25876.0
855 0 25876.0
856 0 25876.0
857 0 25876.0
858 0 25876.0
859 0 25876.0
860 0 25876.0
861 0 25876.0
862 0 25876.0
863 0 25876.0
864 0 25876.0
865 0 25876.0
866 0 25876.0
867 0 25876.0
868 0 25876.0
869 0 25876.0
870 0 25876.0
871 0 25876.0
872 0 25876.0
873 0 25876.0
874 0 25876.0
875 0 25876.0
876 0 25876.0
877 0 25876.0
878 0 25876.0
879 0 25876.0
880 0 25876.0
881 0 25876.0
882 0 25876.0
883 0 25876.0
884 0 25876.0
885 0 25876.0
886 0 25876.0
887 0 25876.0
888 0 25876.0
889 0 25876.0
890 0 25876.0
891 0 25876.0
892 0 25876.0
893 0 25876.0
894 0 25876.0
895 0 25876.0
896 0 25876.0
897 0 25876.0
898 0 25876.0
899 0 25876.0
900 0 25876.0
901 0 25876.0
902 0 25876.0
903 0 25876.0
904 0 25876.0
905 0 25876.0
906 0 25876.0
907 0 25876.0
908 0 25876.0
909 0 25876.0
910 0 25876.0
911 0 25876.0
912 0 25876.0
913 0 25876.0
914 0 25876.0
915 0 25876.0
916 0 25876.0
917 0 25876.0
918 0 25876.0
919 0 25876.0
920 0 25876.0
921 0 25876.0
922 0 25876.0
923 0 25876.0
924 0 25876.0
925 0 25876.0
926 0 25876.0
927 0 25876.0
928 0 25876.0
929 0 25876.0
930 0 25876.0
931 0 25876.0
932 0 25876.0
933 0 25876.0
934 0 25876.0
935 0 25876.0
936 0 25876.0
937 0 25876.0
938 0 25876.0
939 0 25876.0
940 0 25876.0
941 0 25876.0
942 0 25876.0
943 0 25876.0
944 0 25876.0
945 0 25876.0
946 0 25876.0
947 0 25876.0
948 0 25876.0
949 0 25876.0
950 0 25876.0
951 0 25876.0
952 0 25876.0
953 0 25876.0
954 0 25876.0
955 0 25876.0
956 0 25876.0
957 0 25876.0
958 0 25876.0
959 0 25876.0
960 0 25876.0
961 0 25876.0
962 0 25876.0
963 0 25876.0
964 0 25876.0
965 0 25876.0
966 0 25876.0
967 0 25876.0
968 0 25876.0
969 0 25876.0
970 0 25876.0
971 0 25876.0
972 0 25876.0
973 0 25876.0
974 0 25876.0
975 0 25876.0
976 0 25876.0
977 0 25876.0
978 0 25876.0
979 0 25876.0
980 0 25876.0
981 0 25876.0
982 0 25876.0
983 0 25876.0
984 0 25876.0
985 0 25876.0
986 0 25876.0
987 0 25876.0
988 0 25876.0
989 0 25876.0
990 0 25876.0
991 0 25876.0
992 0 25876.0
993 0 25876.0
994 0 25876.0
995 0 25876.0
996 0 25876.0
997 0 25876.0
998 0 25876.0
999 0 25876.0
1000 0 25876.0
