1 1 15046.0
2 1 20726.0
3 1 26151.0
4 2 31378.0
5 2 36766.0
6 4 41992.0
7 3 47099.0
8 2 52162.0
9 2 57324.0
10 4 62445.0
11 4 67629.0
12 8 72713.0
13 6 77731.0
14 9 82870.0
15 7 88033.0
16 6 92935.0
17 11 97755.0
18 12 102788.0
19 22 108018.0
20 17 112893.0
21 17 117899.0
22 25 122852.0
23 28 127810.0
24 35 132745.0
25 33 137599.0
26 44 142506.0
27 38 147450.0
28 39 152509.0
29 34 157500.0
30 44 162376.0
31 48 167301.0
32 56 172239.0
33 63 177340.0
34 81 182202.0
35 82 187198.0
36 102 192132.0
37 140 197106.0
38 144 201991.0
39 167 206955.0
40 155 211999.0
41 167 216851.0
42 175 221820.0
43 172 226827.0
44 195 231821.0
45 169 236640.0
46 223 241317.0
47 240 246190.0
48 284 251033.0
49 258 255988.0
50 281 261138.0
51 297 265976.0
52 327 270871.0
53 345 275855.0
54 404 280819.0
55 432 285555.0
56 466 290439.0
57 397 295526.0
58 388 300612.0
59 439 305479.0
60 482 310349.0
61 498 315168.0
62 538 319991.0
63 533 324888.0
64 498 329823.0
65 556 334628.0
66 564 339329.0
67 644 344025.0
68 647 348967.0
69 647 353889.0
70 700 358759.0
71 719 363451.0
72 769 368166.0
73 787 372846.0
74 815 377514.0
75 846 382341.0
76 905 387085.0
77 936 391926.0
78 995 396458.0
79 1006 401254.0
80 986 406024.0
81 1100 410648.0
82 1167 415126.0
83 1208 419766.0
84 1230 424397.0
85 1237 428970.0
86 1270 433635.0
87 1338 438392.0
88 1334 443263.0
89 1378 447788.0
90 1463 452433.0
91 1457 456992.0
92 1555 461681.0
93 1561 466177.0
94 1599 470829.0
95 1594 475207.0
96 1752 479662.0
97 1794 484282.0
98 1770 488619.0
99 1718 493093.0
100 1759 497659.0
101 1886 502181.0
102 1917 506652.0
103 2091 510871.0
104 2085 515216.0
105 1975 519636.0
106 1997 523885.0
107 2075 528317.0
108 2231 532798.0
109 2275 537192.0
110 2313 541547.0
111 2247 545985.0
112 2304 550357.0
113 2382 554761.0
114 2495 559132.0
115 2486 563578.0
116 2401 567952.0
117 2486 572401.0
118 2652 576575.0
119 2806 580751.0
120 2804 585099.0
121 2760 589620.0
122 2805 593676.0
123 2950 597746.0
124 3026 601984.0
125 3093 606371.0
126 3069 610602.0
127 3108 614855.0
128 3023 619145.0
129 3080 623456.0
130 3296 627477.0
131 3403 631526.0
132 3539 635422.0
133 3741 639435.0
134 3660 643356.0
135 3553 647508.0
136 3486 651417.0
137 3730 655226.0
138 3899 658997.0
139 3949 662710.0
140 4051 666680.0
141 4029 670357.0
142 4105 674292.0
143 4098 678182.0
144 4208 682096.0
145 4427 685629.0
146 4543 689295.0
147 4409 692851.0
148 4580 696731.0
149 4701 700479.0
150 4863 704187.0
151 4997 707499.0
152 5086 711154.0
153 4784 714898.0
154 4857 718565.0
155 4884 722048.0
156 5211 725488.0
157 5208 729107.0
158 5144 732602.0
159 5304 736466.0
160 5202 739929.0
161 5299 743585.0
162 5441 746806.0
163 5730 750114.0
164 5889 753573.0
165 5768 757121.0
166 5779 760605.0
167 5879 763926.0
168 5990 767123.0
169 6201 770453.0
170 6252 773663.0
171 6259 777286.0
172 6422 780512.0
173 6489 783798.0
174 6509 787325.0
175 6448 790499.0
176 6492 793797.0
177 6559 797016.0
178 6784 800007.0
179 7152 803241.0
180 7071 806454.0
181 6961 809483.0
182 6956 812607.0
183 7284 815715.0
184 7581 818551.0
185 7717 821568.0
186 7604 824193.0
187 7912 826882.0
188 7923 829945.0
189 7797 832825.0
190 7877 835746.0
191 8020 838579.0
192 8255 841358.0
193 8388 843913.0
194 8325 846604.0
195 8328 849376.0
196 8408 852049.0
197 8476 854943.0
198 8587 857330.0
199 8836 860025.0
200 8803 857187.0
201 8683 850933.0
202 8091 844628.0
203 7928 838392.0
204 7450 832172.0
205 7082 826215.0
206 6815 820352.0
207 6626 814448.0
208 6553 808528.0
209 6422 802734.0
210 6416 796958.0
211 6416 791176.0
212 6378 785234.0
213 6350 779433.0
214 6313 773533.0
215 6490 767985.0
216 6276 761941.0
217 6280 756233.0
218 6317 750462.0
219 6198 744674.0
220 6281 738863.0
221 6181 733143.0
222 6099 727307.0
223 6240 721529.0
224 6355 715499.0
225 6548 709647.0
226 6473 703929.0
227 6274 698232.0
228 6350 692552.0
229 6226 687160.0
230 6169 681361.0
231 6263 675593.0
232 6376 669874.0
233 6303 664330.0
234 6159 658665.0
235 6347 652913.0
236 6292 647137.0
237 6285 641557.0
238 6145 636071.0
239 5958 630707.0
240 6142 625193.0
241 6596 619221.0
242 6873 613583.0
243 6472 608093.0
244 6091 602541.0
245 5854 597365.0
246 5824 591927.0
247 6207 586472.0
248 6353 580817.0
249 6405 575636.0
250 6249 570021.0
251 6267 564507.0
252 6052 559176.0
253 5865 553797.0
254 5986 548143.0
255 6200 542601.0
256 6021 537289.0
257 5922 531917.0
258 6099 526354.0
259 6182 521084.0
260 5969 515826.0
261 5824 510848.0
262 5590 505728.0
263 5532 500519.0
264 5746 495285.0
265 5956 489877.0
266 5871 484722.0
267 5771 479707.0
268 5790 474550.0
269 5822 469468.0
270 5699 464081.0
271 5951 459031.0
272 5722 453860.0
273 5791 449112.0
274 5645 443944.0
275 5852 438900.0
276 5882 434020.0
277 5834 429015.0
278 5681 424034.0
279 5716 419150.0
280 5611 414351.0
281 5538 409260.0
282 5583 404421.0
283 5614 399478.0
284 5545 394757.0
285 5404 389839.0
286 5470 385127.0
287 5443 380423.0
288 5534 375674.0
289 5594 370828.0
290 5594 366415.0
291 5370 361647.0
292 5500 357025.0
293 5569 352006.0
294 5582 347320.0
295 5607 342535.0
296 5356 337782.0
297 4989 333205.0
298 5003 328813.0
299 5008 324366.0
300 5012 320104.0
301 4965 315786.0
302 4994 311091.0
303 5083 306724.0
304 4890 302330.0
305 4800 298078.0
306 4678 293940.0
307 4535 289631.0
308 4698 285242.0
309 5003 280712.0
310 4756 276713.0
311 4433 272780.0
312 4345 268744.0
313 4478 264368.0
314 4642 260258.0
315 4523 256070.0
316 4568 252269.0
317 4472 248042.0
318 4476 244144.0
319 4318 240126.0
320 4298 236381.0
321 4245 232401.0
322 4396 228500.0
323 4464 224517.0
324 4366 220513.0
325 4305 216848.0
326 4293 213229.0
327 4185 209235.0
328 4195 205562.0
329 4191 201763.0
330 4117 198057.0
331 4089 194464.0
332 3998 190837.0
333 3815 187493.0
334 3574 183968.0
335 3555 180764.0
336 3464 177382.0
337 3545 174093.0
338 3573 170834.0
339 3617 167569.0
340 3651 164113.0
341 3628 160850.0
342 3401 157559.0
343 3357 154388.0
344 3277 151230.0
345 3257 148186.0
346 3167 145449.0
347 2965 142527.0
348 2912 139562.0
349 2882 136803.0
350 2824 134034.0
351 2844 131190.0
352 2784 128360.0
353 2828 125543.0
354 2916 122783.0
355 2944 120023.0
356 2969 117435.0
357 2853 114794.0
358 2836 112369.0
359 2755 109743.0
360 2653 107299.0
361 2607 104933.0
362 2514 102595.0
363 2502 100088.0
364 2422 97593.0
365 2342 95177.0
366 2282 92962.0
367 2272 90792.0
368 2262 88587.0
369 2183 86515.0
370 2240 84208.0
371 2163 82174.0
372 2030 80135.0
373 1932 78160.0
374 1856 76399.0
375 1707 74576.0
376 1606 72754.0
377 1634 70974.0
378 1584 69418.0
379 1554 67581.0
380 1521 65944.0
381 1464 64272.0
382 1478 62677.0
383 1438 61034.0
384 1441 59583.0
385 1334 58121.0
386 1271 56565.0
387 1233 54992.0
388 1254 53523.0
389 1264 52014.0
390 1270 50693.0
391 1174 49257.0
392 1119 47989.0
393 1060 46865.0
394 1017 45786.0
395 1025 44685.0
396 1025 43532.0
397 1092 42329.0
398 1068 41151.0
399 1048 39975.0
400 1009 39669.0
401 995 39415.0
402 941 39151.0
403 901 38924.0
404 806 38700.0
405 787 38506.0
406 724 38309.0
407 667 38145.0
408 642 37963.0
409 646 37784.0
410 634 37619.0
411 578 37448.0
412 583 37319.0
413 530 37180.0
414 510 37029.0
415 522 36887.0
416 535 36717.0
417 570 36560.0
418 572 36381.0
419 563 36235.0
420 547 36062.0
421 602 35906.0
422 615 35691.0
423 674 35519.0
424 671 35317.0
425 618 35151.0
426 571 35022.0
427 533 34882.0
428 502 34778.0
429 466 34624.0
430 498 34510.0
431 460 34377.0
432 422 34299.0
433 348 34229.0
434 300 34147.0
435 306 34054.0
436 362 33943.0
437 380 33813.0
438 394 33696.0
439 380 33601.0
440 347 33496.0
441 348 33424.0
442 317 33324.0
443 306 33259.0
444 277 33172.0
445 296 33115.0
446 275 33033.0
447 262 32968.0
448 230 32929.0
449 184 32877.0
450 192 32828.0
451 203 32756.0
452 229 32702.0
453 228 32614.0
454 238 32555.0
455 233 32481.0
456 231 32423.0
457 222 32366.0
458 215 32298.0
459 245 32222.0
460 246 32159.0
461 212 32102.0
462 198 32056.0
463 204 31986.0
464 240 31921.0
465 242 31845.0
466 238 31786.0
467 223 31735.0
468 182 31690.0
469 175 31646.0
470 187 31587.0
471 212 31521.0
472 205 31481.0
473 166 31439.0
474 147 31409.0
475 134 31371.0
476 142 31336.0
477 136 31292.0
478 131 31264.0
479 112 31239.0
480 92 31223.0
481 81 31203.0
482 83 31171.0
483 102 31141.0
484 124 31084.0
485 137 31045.0
486 138 30999.0
487 165 30941.0
488 179 30904.0
489 153 30860.0
490 135 30834.0
491 124 30801.0
492 115 30766.0
493 123 30735.0
494 111 30702.0
495 101 30692.0
496 79 30666.0
497 87 30648.0
498 86 30607.0
499 108 30586.0
500 106 30540.0
501 96 30530.0
502 72 30510.0
503 61 30503.0
504 59 30481.0
505 63 30467.0
506 59 30449.0
507 61 30435.0
508 54 30418.0
509 50 30407.0
510 52 30388.0
511 52 30375.0
512 43 30364.0
513 44 30350.0
514 60 30325.0
515 85 30290.0
516 104 30258.0
517 88 30243.0
518 62 30234.0
519 44 30229.0
520 34 30222.0
521 34 30211.0
522 43 30195.0
523 51 30182.0
524 52 30160.0
525 64 30141.0
526 72 30128.0
527 69 30091.0
528 88 30076.0
529 82 30049.0
530 82 30030.0
531 75 30006.0
532 79 29990.0
533 78 29961.0
534 97 29931.0
535 108 29897.0
536 117 29857.0
537 114 29841.0
538 99 29807.0
539 96 29786.0
540 99 29750.0
541 86 29742.0
542 73 29716.0
543 59 29709.0
544 43 29701.0
545 32 29697.0
546 34 29684.0
547 41 29670.0
548 46 29661.0
549 41 29642.0
550 61 29625.0
551 71 29593.0
552 85 29570.0
553 67 29563.0
554 53 29544.0
555 57 29537.0
556 52 29514.0
557 50 29504.0
558 46 29484.0
559 60 29469.0
560 65 29444.0
561 69 29428.0
562 67 29404.0
563 82 29382.0
564 78 29369.0
565 64 29350.0
566 60 29336.0
567 67 29308.0
568 87 29283.0
569 89 29271.0
570 77 29233.0
571 89 29227.0
572 78 29185.0
573 96 29164.0
574 87 29143.0
575 73 29125.0
576 70 29109.0
577 64 29094.0
578 45 29089.0
579 39 29073.0
580 39 29067.0
581 42 29049.0
582 59 29027.0
583 74 29005.0
584 71 28986.0
585 69 28964.0
586 82 28941.0
587 83 28913.0
588 75 28894.0
589 59 28888.0
590 42 28878.0
591 31 28874.0
592 22 28869.0
593 20 28865.0
594 18 28858.0
595 28 28850.0
596 36 28830.0
597 49 28824.0
598 44 28798.0
599 66 28785.0
600 65 28757.0
601 71 28744.0
602 54 28734.0
603 36 28730.0
604 29 28726.0
605 25 28720.0
606 16 28720.0
607 11 28718.0
608 7 28715.0
609 11 28715.0
610 10 28706.0
611 11 28705.0
612 7 28703.0
613 7 28702.0
614 5 28699.0
615 9 28698.0
616 8 28694.0
617 9 28693.0
618 6 28691.0
619 6 28689.0
620 4 28689.0
621 3 28688.0
622 2 28688.0
623 1 28688.0
624 0 28688.0
625 0 28688.0
626 0 28688.0
627 0 28688.0
628 0 28688.0
629 0 28688.0
630 0 28688.0
631 0 28688.0
632 0 28688.0
633 0 28688.0
634 0 28688.0
635 0 28688.0
636 0 28688.0
637 0 28688.0
638 0 28688.0
639 0 28688.0
640 0 28688.0
641 0 28688.0
642 0 28688.0
643 0 28688.0
644 0 28688.0
645 0 28688.0
646 0 28688.0
647 0 28688.0
648 0 28688.0
649 0 28688.0
650 0 28688.0
651 0 28688.0
652 0 28688.0
653 0 28688.0
654 0 28688.0
655 0 28688.0
656 0 28688.0
657 0 28688.0
658 0 28688.0
659 0 28688.0
660 0 28688.0
661 0 28688.0
662 0 28688.0
663 0 28688.0
664 0 28688.0
665 0 28688.0
666 0 28688.0
667 0 28688.0
668 0 28688.0
669 0 28688.0
670 0 28688.0
671 0 28688.0
672 0 28688.0
673 0 28688.0
674 0 28688.0
675 0 28688.0
676 0 28688.0
677 0 28688.0
678 0 28688.0
679 0 28688.0
680 0 28688.0
681 0 28688.0
682 0 28688.0
683 0 28688.0
684 0 28688.0
685 0 28688.0
686 0 28688.0
687 0 28688.0
688 0 28688.0
689 0 28688.0
690 0 28688.0
691 0 28688.0
692 0 28688.0
693 0 28688.0
694 0 28688.0
695 0 28688.0
696 0 28688.0
697 0 28688.0
698 0 28688.0
699 0 28688.0
700 0 28688.0
701 0 28688.0
702 0 28688.0
703 0 28688.0
704 0 28688.0
705 0 28688.0
706 0 28688.0
707 0 28688.0
708 0 28688.0
709 0 28688.0
710 0 28688.0
711 0 28688.0
712 0 28688.0
713 0 28688.0
714 0 28688.0
715 0 28688.0
716 0 28688.0
717 0 28688.0
718 0 28688.0
719 0 28688.0
720 0 28688.0
721 0 28688.0
722 0 28688.0
723 0 28688.0
724 0 28688.0
725 0 28688.0
726 0 28688.0
727 0 28688.0
728 0 28688.0
729 0 28688.0
730 0 28688.0
731 0 28688.0
732 0 28688.0
733 0 28688.0
734 0 28688.0
735 0 28688.0
736 0 28688.0
737 0 28688.0
738 0 28688.0
739 0 28688.0
740 0 28688.0
741 0 28688.0
742 0 28688.0
743 0 28688.0
744 0 28688.0
745 0 28688.0
746 0 28688.0
747 0 28688.0
748 0 28688.0
749 0 28688.0
750 0 28688.0
751 0 28688.0
752 0 28688.0
753 0 28688.0
754 0 28688.0
755 0 28688.0
756 0 28688.0
757 0 28688.0
758 0 28688.0
759 0 28688.0
760 0 28688.0
761 0 28688.0
762 0 28688.0
763 0 28688.0
764 0 28688.0
765 0 28688.0
766 0 28688.0
767 0 28688.0
768 0 28688.0
769 0 28688.0
770 0 28688.0
771 0 28688.0
772 0 28688.0
773 0 28688.0
774 0 28688.0
775 0 28688.0
776 0 28688.0
777 0 28688.0
778 0 28688.0
779 0 28688.0
780 0 28688.0
781 0 28688.0
782 0 28688.0
783 0 28688.0
784 0 28688.0
785 0 28688.0
786 0 28688.0
787 0 28688.0
788 0 28688.0
789 0 28688.0
790 0 28688.0
791 0 28688.0
792 0 28688.0
793 0 28688.0
794 0 28688.0
795 0 28688.0
796 0 28688.0
797 0 28688.0
798 0 28688.0
799 0 28688.0
800 0 28688.0
801 0 28688.0
802 0 28688.0
803 0 28688.0
804 0 28688.0
805 0 28688.0
806 0 28688.0
807 0 28688.0
808 0 28688.0
809 0 28688.0
810 0 28688.0
811 0 28688.0
812 0 28688.0
813 0 28688.0
814 0 28688.0
815 0 28688.0
816 0 28688.0
817 0 28688.0
818 0 28688.0
819 0 28688.0
820 0 28688.0
821 0 28688.0
822 0 28688.0
823 0 28688.0
824 0 28688.0
825 0 28688.0
826 0 28688.0
827 0 28688.0
828 0 28688.0
829 0 28688.0
830 0 28688.0
831 0 28688.0
832 0 28688.0
833 0 28688.0
834 0 28688.0
835 0 28688.0
836 0 28688.0
837 0 28688.0
838 0 28688.0
839 0 28688.0
840 0 28688.0
841 0 28688.0
842 0 28688.0
843 0 28688.0
844 0 28688.0
845 0 28688.0
846 0 28688.0
847 0 28688.0
848 0 28688.0
849 0 28688.0
850 0 28688.0
851 0 28688.0
852 0 28688.0
853 0 28688.0
854 0 28688.0
855 0 28688.0
856 0 28688.0
857 0 28688.0
858 0 28688.0
859 0 28688.0
860 0 28688.0
861 0 28688.0
862 0 28688.0
863 0 28688.0
864 0 28688.0
865 0 28688.0
866 0 28688.0
867 0 28688.0
868 0 28688.0
869 0 28688.0
870 0 28688.0
871 0 28688.0
872 0 28688.0
873 0 28688.0
874 0 28688.0
875 0 28688.0
876 0 28688.0
877 0 28688.0
878 0 28688.0
879 0 28688.0
880 0 28688.0
881 0 28688.0
882 0 28688.0
883 0 28688.0
884 0 28688.0
885 0 28688.0
886 0 28688.0
887 0 28688.0
888 0 28688.0
889 0 28688.0
890 0 28688.0
891 0 28688.0
892 0 28688.0
893 0 28688.0
894 0 28688.0
895 0 28688.0
896 0 28688.0
897 0 28688.0
898 0 28688.0
899 0 28688.0
900 0 28688.0
901 0 28688.0
902 0 28688.0
903 0 28688.0
904 0 28688.0
905 0 28688.0
906 0 28688.0
907 0 28688.0
908 0 28688.0
909 0 28688.0
910 0 28688.0
911 0 28688.0
912 0 28688.0
913 0 28688.0
914 0 28688.0
915 0 28688.0
916 0 28688.0
917 0 28688.0
918 0 28688.0
919 0 28688.0
920 0 28688.0
921 0 28688.0
922 0 28688.0
923 0 28688.0
924 0 28688.0
925 0 28688.0
926 0 28688.0
927 0 28688.0
928 0 28688.0
929 0 28688.0
930 0 28688.0
931 0 28688.0
932 0 28688.0
933 0 28688.0
934 0 28688.0
935 0 28688.0
936 0 28688.0
937 0 28688.0
938 0 28688.0
939 0 28688.0
940 0 28688.0
941 0 28688.0
942 0 28688.0
943 0 28688.0
944 0 28688.0
945 0 28688.0
946 0 28688.0
947 0 28688.0
948 0 28688.0
949 0 28688.0
950 0 28688.0
951 0 28688.0
952 0 28688.0
953 0 28688.0
954 0 28688.0
955 0 28688.0
956 0 28688.0
957 0 28688.0
958 0 28688.0
959 0 28688.0
960 0 28688.0
961 0 28688.0
962 0 28688.0
963 0 28688.0
964 0 28688.0
965 0 28688.0
966 0 28688.0
967 0 28688.0
968 0 28688.0
969 0 28688.0
970 0 28688.0
971 0 28688.0
972 0 28688.0
973 0 28688.0
974 0 28688.0
975 0 28688.0
976 0 28688.0
977 0 28688.0
978 0 28688.0
979 0 28688.0
980 0 28688.0
981 0 28688.0
982 0 28688.0
983 0 28688.0
984 0 28688.0
985 0 28688.0
986 0 28688.0
987 0 28688.0
988 0 28688.0
989 0 28688.0
990 0 28688.0
991 0 28688.0
992 0 28688.0
993 0 28688.0
994 0 28688.0
995 0 28688.0
996 0 28688.0
997 0 28688.0
998 0 28688.0
999 0 28688.0
1000 0 28688.0
