1 1 15035.0
2 1 20577.0
3 1 26135.0
4 2 31393.0
5 2 36663.0
6 4 41844.0
7 4 46987.0
8 8 52080.0
9 7 57189.0
10 7 62201.0
11 7 67077.0
12 14 72187.0
13 10 77183.0
14 13 82240.0
15 14 87317.0
16 13 92432.0
17 17 97444.0
18 21 102528.0
19 28 107455.0
20 23 112561.0
21 20 117504.0
22 26 122464.0
23 32 127446.0
24 34 132565.0
25 39 137765.0
26 45 142836.0
27 57 148068.0
28 52 153176.0
29 71 158391.0
30 93 163304.0
31 119 168104.0
32 131 173066.0
33 121 178135.0
34 122 183028.0
35 167 188036.0
36 170 192982.0
37 198 198002.0
38 229 202811.0
39 258 207912.0
40 252 212835.0
41 255 217593.0
42 256 222724.0
43 301 227626.0
44 351 232289.0
45 343 237087.0
46 348 241901.0
47 360 246703.0
48 337 251637.0
49 353 256482.0
50 392 261551.0
51 438 266635.0
52 474 271510.0
53 520 276505.0
54 497 281370.0
55 499 286114.0
56 500 291180.0
57 490 295954.0
58 537 300886.0
59 607 305801.0
60 600 310905.0
61 596 315868.0
62 623 320549.0
63 628 325413.0
64 611 330282.0
65 708 335161.0
66 756 339715.0
67 798 344524.0
68 813 349184.0
69 826 353975.0
70 889 358711.0
71 918 363308.0
72 958 368008.0
73 922 372667.0
74 937 377241.0
75 1018 381845.0
76 1049 386178.0
77 1078 390853.0
78 1135 395451.0
79 1140 399987.0
80 1203 404577.0
81 1197 409159.0
82 1176 413659.0
83 1288 418260.0
84 1388 423052.0
85 1470 427584.0
86 1508 432139.0
87 1502 436758.0
88 1521 441518.0
89 1545 446247.0
90 1565 450623.0
91 1702 454984.0
92 1738 459442.0
93 1770 463923.0
94 1745 468369.0
95 1785 472934.0
96 1862 477405.0
97 1868 481825.0
98 1813 486409.0
99 1838 490985.0
100 1972 495656.0
101 2056 500086.0
102 2277 504277.0
103 2475 508730.0
104 2445 513143.0
105 2321 517554.0
106 2286 522021.0
107 2405 526250.0
108 2538 530445.0
109 2721 534624.0
110 2767 538717.0
111 2782 542971.0
112 2699 547059.0
113 2783 551213.0
114 2802 555586.0
115 2802 560064.0
116 2846 564166.0
117 2988 568338.0
118 3050 572447.0
119 3162 576603.0
120 3208 580793.0
121 3129 584994.0
122 3117 589110.0
123 3023 593560.0
124 3096 597533.0
125 3245 601781.0
126 3295 605838.0
127 3468 610054.0
128 3436 614228.0
129 3432 618321.0
130 3582 622520.0
131 3595 626559.0
132 3773 630683.0
133 3856 634687.0
134 3911 638627.0
135 3975 642468.0
136 4066 646323.0
137 4184 650147.0
138 4141 654030.0
139 4119 657986.0
140 4088 661741.0
141 4080 665592.0
142 4210 669321.0
143 4462 672945.0
144 4655 676602.0
145 4829 680214.0
146 4712 684130.0
147 4581 688083.0
148 4590 691615.0
149 4729 695105.0
150 4960 698701.0
151 5101 702205.0
152 5227 705933.0
153 5105 709442.0
154 5064 712987.0
155 5125 716524.0
156 5283 719943.0
157 5325 723690.0
158 5398 727325.0
159 5696 730873.0
160 5974 734120.0
161 5916 737374.0
162 6026 740814.0
163 6231 743926.0
164 6049 747431.0
165 5899 750859.0
166 5921 754348.0
167 5964 757552.0
168 6505 760532.0
169 6781 763606.0
170 6771 766784.0
171 6636 770212.0
172 6498 773399.0
173 6585 776726.0
174 6613 779628.0
175 7072 782745.0
176 7203 785785.0
177 7146 788887.0
178 7245 791775.0
179 7520 794562.0
180 7547 797652.0
181 7472 800438.0
182 7748 803228.0
183 7697 806148.0
184 7637 809041.0
185 7915 811962.0
186 8047 814690.0
187 8301 817684.0
188 8196 820350.0
189 8071 823076.0
190 8170 825770.0
191 8161 828686.0
192 8393 831316.0
193 8693 834082.0
194 8828 836287.0
195 9078 838954.0
196 8936 841559.0
197 8743 844477.0
198 8788 846795.0
199 9098 849430.0
200 9224 846575.0
201 9043 839874.0
202 8409 833499.0
203 7967 827743.0
204 7615 821525.0
205 7679 815428.0
206 7279 809547.0
207 7007 803831.0
208 6587 798123.0
209 6587 792205.0
210 6795 786442.0
211 6821 780557.0
212 6780 774942.0
213 6630 768998.0
214 6767 763379.0
215 6760 757330.0
216 7021 751318.0
217 7037 745424.0
218 6848 739676.0
219 6556 733928.0
220 6488 728121.0
221 6896 721986.0
222 7186 715916.0
223 6859 710232.0
224 6488 704433.0
225 6311 698852.0
226 6414 693080.0
227 6675 687264.0
228 6807 681317.0
229 6976 675608.0
230 6713 669922.0
231 6403 664289.0
232 6415 658862.0
233 6576 653171.0
234 6603 647349.0
235 6825 641759.0
236 6564 636151.0
237 6449 630659.0
238 6386 624807.0
239 6404 619580.0
240 6264 613885.0
241 6589 608301.0
242 6499 602619.0
243 6442 597229.0
244 6310 591500.0
245 6482 586193.0
246 6504 580692.0
247 6427 575183.0
248 6160 569692.0
249 6128 564564.0
250 6368 559041.0
251 6550 553555.0
252 6588 548120.0
253 6491 542971.0
254 6372 537548.0
255 6552 532189.0
256 6662 526708.0
257 6612 521491.0
258 6393 516313.0
259 6293 511028.0
260 6018 505993.0
261 5797 500888.0
262 5882 495722.0
263 6105 490373.0
264 6190 485329.0
265 6174 480200.0
266 6148 475107.0
267 5965 470219.0
268 5960 465231.0
269 6066 460123.0
270 6079 455008.0
271 5945 449830.0
272 6051 444860.0
273 6040 439795.0
274 6209 434651.0
275 6398 429542.0
276 6108 424739.0
277 5810 419909.0
278 5698 415202.0
279 5653 410295.0
280 5779 405284.0
281 5883 400243.0
282 5798 395547.0
283 5801 390850.0
284 5661 386249.0
285 5406 381678.0
286 5301 377207.0
287 5266 372576.0
288 5310 367978.0
289 5526 363267.0
290 5619 358385.0
291 5846 353541.0
292 5700 349127.0
293 5358 344538.0
294 5238 340202.0
295 5210 335664.0
296 5443 330999.0
297 5422 326414.0
298 5418 322069.0
299 5242 317585.0
300 5287 313154.0
301 5271 308611.0
302 5177 304363.0
303 4945 300061.0
304 4944 295606.0
305 5142 291371.0
306 5294 286788.0
307 5515 282532.0
308 5395 278374.0
309 5169 274047.0
310 5148 269878.0
311 4976 265680.0
312 4945 261721.0
313 4986 257544.0
314 4859 253443.0
315 4852 249360.0
316 4736 245402.0
317 4516 241671.0
318 4419 237782.0
319 4450 234020.0
320 4393 229873.0
321 4587 226048.0
322 4513 222103.0
323 4319 218459.0
324 4137 214871.0
325 4154 211059.0
326 4251 207462.0
327 4203 203677.0
328 4313 199977.0
329 4354 196106.0
330 4539 192533.0
331 4459 188755.0
332 4366 185173.0
333 4200 181773.0
334 4016 178332.0
335 3910 174923.0
336 3748 171573.0
337 3851 168157.0
338 3987 164807.0
339 4020 161306.0
340 3961 157957.0
341 3865 154786.0
342 3897 151643.0
343 3821 148602.0
344 3690 145510.0
345 3780 142202.0
346 3881 139187.0
347 3645 136055.0
348 3473 133232.0
349 3220 130454.0
350 3247 127471.0
351 3258 124700.0
352 3206 121884.0
353 3246 118999.0
354 3101 116283.0
355 2908 113688.0
356 2748 111153.0
357 2767 108577.0
358 2755 106218.0
359 2785 103765.0
360 2721 101294.0
361 2710 98738.0
362 2766 96124.0
363 2675 93801.0
364 2600 91638.0
365 2438 89480.0
366 2538 87284.0
367 2489 85155.0
368 2374 83044.0
369 2187 80908.0
370 2064 78930.0
371 1976 77048.0
372 1969 75068.0
373 1988 73265.0
374 1926 71400.0
375 1979 69635.0
376 1946 67789.0
377 2030 65820.0
378 1995 63963.0
379 1913 62348.0
380 1889 60597.0
381 1910 58902.0
382 1919 57176.0
383 1801 55694.0
384 1677 54234.0
385 1612 52723.0
386 1613 51266.0
387 1633 49816.0
388 1562 48499.0
389 1436 47216.0
390 1342 45884.0
391 1325 44624.0
392 1337 43306.0
393 1317 42005.0
394 1283 40867.0
395 1205 39792.0
396 1154 38720.0
397 1061 37561.0
398 997 36628.0
399 968 35657.0
400 966 35331.0
401 975 35100.0
402 933 34823.0
403 920 34590.0
404 884 34343.0
405 814 34141.0
406 778 33913.0
407 760 33705.0
408 764 33484.0
409 736 33306.0
410 637 33149.0
411 576 33015.0
412 534 32849.0
413 538 32722.0
414 528 32549.0
415 556 32382.0
416 552 32205.0
417 607 32029.0
418 642 31829.0
419 655 31639.0
420 580 31497.0
421 535 31364.0
422 489 31253.0
423 485 31110.0
424 468 31006.0
425 431 30870.0
426 391 30800.0
427 350 30696.0
428 363 30603.0
429 367 30494.0
430 365 30389.0
431 342 30309.0
432 337 30207.0
433 389 30067.0
434 422 29951.0
435 409 29826.0
436 398 29739.0
437 345 29648.0
438 320 29584.0
439 304 29462.0
440 367 29371.0
441 357 29262.0
442 341 29186.0
443 324 29077.0
444 341 28999.0
445 336 28890.0
446 326 28817.0
447 316 28721.0
448 332 28622.0
449 358 28512.0
450 359 28433.0
451 304 28330.0
452 323 28274.0
453 306 28157.0
454 323 28069.0
455 308 27984.0
456 293 27901.0
457 311 27808.0
458 315 27709.0
459 338 27598.0
460 351 27509.0
461 332 27413.0
462 311 27336.0
463 282 27265.0
464 286 27179.0
465 317 27090.0
466 342 26966.0
467 354 26882.0
468 338 26783.0
469 304 26713.0
470 276 26640.0
471 265 26578.0
472 236 26527.0
473 233 26448.0
474 224 26400.0
475 214 26330.0
476 240 26261.0
477 241 26200.0
478 220 26135.0
479 205 26082.0
480 216 26011.0
481 224 25965.0
482 196 25906.0
483 210 25840.0
484 243 25754.0
485 272 25678.0
486 261 25591.0
487 274 25531.0
488 253 25454.0
489 239 25403.0
490 226 25331.0
491 247 25266.0
492 246 25193.0
493 270 25093.0
494 325 24993.0
495 326 24911.0
496 280 24828.0
497 257 24778.0
498 220 24709.0
499 214 24671.0
500 193 24608.0
501 182 24572.0
502 171 24519.0
503 176 24472.0
504 157 24442.0
505 129 24401.0
506 135 24365.0
507 145 24312.0
508 158 24276.0
509 158 24205.0
510 195 24166.0
511 192 24085.0
512 236 24022.0
513 230 23946.0
514 232 23890.0
515 228 23813.0
516 247 23753.0
517 224 23703.0
518 190 23662.0
519 169 23617.0
520 164 23571.0
521 193 23504.0
522 230 23448.0
523 239 23357.0
524 264 23297.0
525 238 23230.0
526 205 23186.0
527 194 23142.0
528 179 23078.0
529 185 23031.0
530 168 22987.0
531 147 22967.0
532 114 22940.0
533 105 22916.0
534 87 22899.0
535 76 22883.0
536 67 22865.0
537 60 22850.0
538 67 22831.0
539 65 22812.0
540 63 22792.0
541 78 22767.0
542 86 22743.0
543 73 22728.0
544 60 22714.0
545 49 22705.0
546 41 22697.0
547 36 22688.0
548 34 22679.0
549 44 22661.0
550 58 22644.0
551 65 22619.0
552 60 22614.0
553 40 22608.0
554 26 22607.0
555 15 22606.0
556 12 22600.0
557 15 22597.0
558 18 22588.0
559 27 22579.0
560 32 22571.0
561 32 22556.0
562 29 22549.0
563 25 22543.0
564 28 22533.0
565 39 22517.0
566 46 22510.0
567 36 22497.0
568 27 22495.0
569 19 22487.0
570 22 22485.0
571 25 22470.0
572 23 22468.0
573 13 22467.0
574 9 22466.0
575 5 22465.0
576 6 22464.0
577 7 22459.0
578 9 22457.0
579 9 22454.0
580 12 22448.0
581 18 22442.0
582 15 22442.0
583 8 22440.0
584 5 22440.0
585 3 22439.0
586 5 22438.0
587 6 22434.0
588 10 22432.0
589 12 22424.0
590 20 22420.0
591 24 22404.0
592 40 22396.0
593 33 22393.0
594 24 22381.0
595 27 22378.0
596 30 22363.0
597 30 22356.0
598 32 22346.0
599 35 22332.0
600 28 22332.0
601 18 22324.0
602 19 22324.0
603 13 22321.0
604 9 22320.0
605 8 22317.0
606 8 22315.0
607 8 22312.0
608 11 22308.0
609 15 22301.0
610 22 22293.0
611 30 22279.0
612 38 22273.0
613 31 22257.0
614 24 22256.0
615 20 22248.0
616 24 22243.0
617 27 22228.0
618 41 22218.0
619 38 22200.0
620 35 22198.0
621 25 22188.0
622 18 22186.0
623 18 22180.0
624 21 22173.0
625 24 22161.0
626 27 22155.0
627 33 22134.0
628 52 22122.0
629 54 22101.0
630 45 22099.0
631 34 22087.0
632 27 22085.0
633 21 22078.0
634 25 22072.0
635 32 22054.0
636 50 22040.0
637 55 22020.0
638 56 22006.0
639 46 21992.0
640 34 21992.0
641 20 21990.0
642 10 21990.0
643 5 21990.0
644 6 21990.0
645 4 21988.0
646 6 21986.0
647 8 21982.0
648 12 21978.0
649 16 21970.0
650 24 21962.0
651 30 21949.0
652 25 21949.0
653 13 21948.0
654 7 21948.0
655 4 21947.0
656 3 21947.0
657 2 21946.0
658 3 21945.0
659 4 21943.0
660 6 21941.0
661 8 21937.0
662 12 21933.0
663 15 21927.0
664 12 21927.0
665 9 21921.0
666 12 21920.0
667 14 21910.0
668 24 21906.0
669 25 21892.0
670 25 21888.0
671 21 21880.0
672 25 21872.0
673 32 21864.0
674 38 21842.0
675 43 21834.0
676 30 21834.0
677 15 21834.0
678 7 21834.0
679 3 21834.0
680 1 21834.0
681 0 21834.0
682 0 21834.0
683 0 21834.0
684 0 21834.0
685 0 21834.0
686 0 21834.0
687 0 21834.0
688 0 21834.0
689 0 21834.0
690 0 21834.0
691 0 21834.0
692 0 21834.0
693 0 21834.0
694 0 21834.0
695 0 21834.0
696 0 21834.0
697 0 21834.0
698 0 21834.0
699 0 21834.0
700 0 21834.0
701 0 21834.0
702 0 21834.0
703 0 21834.0
704 0 21834.0
705 0 21834.0
706 0 21834.0
707 0 21834.0
708 0 21834.0
709 0 21834.0
710 0 21834.0
711 0 21834.0
712 0 21834.0
713 0 21834.0
714 0 21834.0
715 0 21834.0
716 0 21834.0
717 0 21834.0
718 0 21834.0
719 0 21834.0
720 0 21834.0
721 0 21834.0
722 0 21834.0
723 0 21834.0
724 0 21834.0
725 0 21834.0
726 0 21834.0
727 0 21834.0
728 0 21834.0
729 0 21834.0
730 0 21834.0
731 0 21834.0
732 0 21834.0
733 0 21834.0
734 0 21834.0
735 0 21834.0
736 0 21834.0
737 0 21834.0
738 0 21834.0
739 0 21834.0
740 0 21834.0
741 0 21834.0
742 0 21834.0
743 0 21834.0
744 0 21834.0
745 0 21834.0
746 0 21834.0
747 0 21834.0
748 0 21834.0
749 0 21834.0
750 0 21834.0
751 0 21834.0
752 0 21834.0
753 0 21834.0
754 0 21834.0
755 0 21834.0
756 0 21834.0
757 0 21834.0
758 0 21834.0
759 0 21834.0
760 0 21834.0
761 0 21834.0
762 0 21834.0
763 0 21834.0
764 0 21834.0
765 0 21834.0
766 0 21834.0
767 0 21834.0
768 0 21834.0
769 0 21834.0
770 0 21834.0
771 0 21834.0
772 0 21834.0
773 0 21834.0
774 0 21834.0
775 0 21834.0
776 0 21834.0
777 0 21834.0
778 0 21834.0
779 0 21834.0
780 0 21834.0
781 0 21834.0
782 0 21834.0
783 0 21834.0
784 0 21834.0
785 0 21834.0
786 0 21834.0
787 0 21834.0
788 0 21834.0
789 0 21834.0
790 0 21834.0
791 0 21834.0
792 0 21834.0
793 0 21834.0
794 0 21834.0
795 0 21834.0
796 0 21834.0
797 0 21834.0
798 0 21834.0
799 0 21834.0
800 0 21834.0
801 0 21834.0
802 0 21834.0
803 0 21834.0
804 0 21834.0
805 0 21834.0
806 0 21834.0
807 0 21834.0
808 0 21834.0
809 0 21834.0
810 0 21834.0
811 0 21834.0
812 0 21834.0
813 0 21834.0
814 0 21834.0
815 0 21834.0
816 0 21834.0
817 0 21834.0
818 0 21834.0
819 0 21834.0
820 0 21834.0
821 0 21834.0
822 0 21834.0
823 0 21834.0
824 0 21834.0
825 0 21834.0
826 0 21834.0
827 0 21834.0
828 0 21834.0
829 0 21834.0
830 0 21834.0
831 0 21834.0
832 0 21834.0
833 0 21834.0
834 0 21834.0
835 0 21834.0
836 0 21834.0
837 0 21834.0
838 0 21834.0
839 0 21834.0
840 0 21834.0
841 0 21834.0
842 0 21834.0
843 0 21834.0
844 0 21834.0
845 0 21834.0
846 0 21834.0
847 0 21834.0
848 0 21834.0
849 0 21834.0
850 0 21834.0
851 0 21834.0
852 0 21834.0
853 0 21834.0
854 0 21834.0
855 0 21834.0
856 0 21834.0
857 0 21834.0
858 0 21834.0
859 0 21834.0
860 0 21834.0
861 0 21834.0
862 0 21834.0
863 0 21834.0
864 0 21834.0
865 0 21834.0
866 0 21834.0
867 0 21834.0
868 0 21834.0
869 0 21834.0
870 0 21834.0
871 0 21834.0
872 0 21834.0
873 0 21834.0
874 0 21834.0
875 0 21834.0
876 0 21834.0
877 0 21834.0
878 0 21834.0
879 0 21834.0
880 0 21834.0
881 0 21834.0
882 0 21834.0
883 0 21834.0
884 0 21834.0
885 0 21834.0
886 0 21834.0
887 0 21834.0
888 0 21834.0
889 0 21834.0
890 0 21834.0
891 0 21834.0
892 0 21834.0
893 0 21834.0
894 0 21834.0
895 0 21834.0
896 0 21834.0
897 0 21834.0
898 0 21834.0
899 0 21834.0
900 0 21834.0
901 0 21834.0
902 0 21834.0
903 0 21834.0
904 0 21834.0
905 0 21834.0
906 0 21834.0
907 0 21834.0
908 0 21834.0
909 0 21834.0
910 0 21834.0
911 0 21834.0
912 0 21834.0
913 0 21834.0
914 0 21834.0
915 0 21834.0
916 0 21834.0
917 0 21834.0
918 0 21834.0
919 0 21834.0
920 0 21834.0
921 0 21834.0
922 0 21834.0
923 0 21834.0
924 0 21834.0
925 0 21834.0
926 0 21834.0
927 0 21834.0
928 0 21834.0
929 0 21834.0
930 0 21834.0
931 0 21834.0
932 0 21834.0
933 0 21834.0
934 0 21834.0
935 0 21834.0
936 0 21834.0
937 0 21834.0
938 0 21834.0
939 0 21834.0
940 0 21834.0
941 0 21834.0
942 0 21834.0
943 0 21834.0
944 0 21834.0
945 0 21834.0
946 0 21834.0
947 0 21834.0
948 0 21834.0
949 0 21834.0
950 0 21834.0
951 0 21834.0
952 0 21834.0
953 0 21834.0
954 0 21834.0
955 0 21834.0
956 0 21834.0
957 0 21834.0
958 0 21834.0
959 0 21834.0
960 0 21834.0
961 0 21834.0
962 0 21834.0
963 0 21834.0
964 0 21834.0
965 0 21834.0
966 0 21834.0
967 0 21834.0
968 0 21834.0
969 0 21834.0
970 0 21834.0
971 0 21834.0
972 0 21834.0
973 0 21834.0
974 0 21834.0
975 0 21834.0
976 0 21834.0
977 0 21834.0
978 0 21834.0
979 0 21834.0
980 0 21834.0
981 0 21834.0
982 0 21834.0
983 0 21834.0
984 0 21834.0
985 0 21834.0
986 0 21834.0
987 0 21834.0
988 0 21834.0
989 0 21834.0
990 0 21834.0
991 0 21834.0
992 0 21834.0
993 0 21834.0
994 0 21834.0
995 0 21834.0
996 0 21834.0
997 0 21834.0
998 0 21834.0
999 0 21834.0
1000 0 21834.0
