1 1 15017.0
2 1 20615.0
3 1 26074.0
4 2 31529.0
5 2 36633.0
6 4 41849.0
7 3 47031.0
8 6 52048.0
9 4 57152.0
10 3 62306.0
11 6 67404.0
12 6 72344.0
13 12 77353.0
14 12 82399.0
15 24 87273.0
16 19 92219.0
17 19 97342.0
18 19 102611.0
19 24 107633.0
20 33 112508.0
21 41 117518.0
22 49 122610.0
23 56 127787.0
24 69 132884.0
25 68 137812.0
26 58 142787.0
27 61 147795.0
28 63 152852.0
29 85 157792.0
30 104 162678.0
31 121 167658.0
32 127 172574.0
33 133 177410.0
34 160 182565.0
35 173 187481.0
36 184 192456.0
37 168 197240.0
38 176 202308.0
39 184 207107.0
40 197 212055.0
41 227 217107.0
42 246 222058.0
43 250 226994.0
44 259 231794.0
45 274 236985.0
46 290 241786.0
47 288 246733.0
48 321 251643.0
49 333 256544.0
50 338 261534.0
51 371 266509.0
52 407 271565.0
53 460 276359.0
54 530 281391.0
55 533 286236.0
56 572 291056.0
57 561 295894.0
58 560 300822.0
59 582 305869.0
60 623 310713.0
61 649 315489.0
62 662 320443.0
63 656 325126.0
64 637 330098.0
65 692 335031.0
66 734 339802.0
67 829 344694.0
68 826 349217.0
69 840 354032.0
70 820 358599.0
71 809 363396.0
72 859 368198.0
73 935 372965.0
74 979 377694.0
75 1066 382298.0
76 1046 386896.0
77 1083 391484.0
78 1087 396364.0
79 1068 401061.0
80 1113 405672.0
81 1227 410151.0
82 1314 414643.0
83 1377 419366.0
84 1309 424011.0
85 1386 428663.0
86 1403 433144.0
87 1449 437893.0
88 1468 442342.0
89 1516 446922.0
90 1516 451546.0
91 1611 456156.0
92 1747 460448.0
93 1849 465003.0
94 1802 469550.0
95 1861 474166.0
96 1901 478487.0
97 2016 482972.0
98 2015 487285.0
99 2093 491774.0
100 2074 496336.0
101 2099 501044.0
102 2141 505368.0
103 2228 509578.0
104 2213 513825.0
105 2193 518441.0
106 2243 522553.0
107 2350 526871.0
108 2400 531343.0
109 2447 535651.0
110 2444 540011.0
111 2543 544335.0
112 2647 548629.0
113 2718 552771.0
114 2780 557105.0
115 2786 561313.0
116 2851 565602.0
117 2891 569791.0
118 2942 573890.0
119 3059 578276.0
120 2996 582685.0
121 3051 586812.0
122 3198 590954.0
123 3301 595196.0
124 3323 599167.0
125 3228 603252.0
126 3250 607533.0
127 3352 611582.0
128 3475 615562.0
129 3732 619535.0
130 3858 623429.0
131 3787 627383.0
132 3693 631506.0
133 3705 635380.0
134 3854 639334.0
135 3934 643366.0
136 4115 647154.0
137 4209 651028.0
138 4181 655158.0
139 4224 658822.0
140 4401 662611.0
141 4410 666338.0
142 4413 669962.0
143 4505 673657.0
144 4640 677615.0
145 4472 681430.0
146 4536 685311.0
147 4853 689010.0
148 4896 692711.0
149 4733 696544.0
150 4671 700428.0
151 4821 704067.0
152 5038 707772.0
153 5139 711295.0
154 5287 714977.0
155 5355 718378.0
156 5292 721718.0
157 5356 725197.0
158 5468 728718.0
159 5787 732172.0
160 5945 735473.0
161 6052 738730.0
162 5786 742011.0
163 5864 745534.0
164 5937 748847.0
165 6091 752077.0
166 6211 755432.0
167 6373 758345.0
168 6446 761968.0
169 6456 765430.0
170 6497 768737.0
171 6494 771835.0
172 6453 775179.0
173 6502 778269.0
174 6856 781479.0
175 7199 784080.0
176 7631 787079.0
177 7559 790210.0
178 7193 793471.0
179 7173 796382.0
180 7444 799684.0
181 7360 802492.0
182 7908 805726.0
183 7961 808501.0
184 8177 811421.0
185 8023 814308.0
186 7821 816930.0
187 8029 820017.0
188 8235 822644.0
189 8301 825633.0
190 8187 828470.0
191 8410 831075.0
192 8822 833450.0
193 9162 835823.0
194 9192 838459.0
195 9112 841170.0
196 9062 843660.0
197 9088 846364.0
198 9152 848966.0
199 9539 851474.0
200 9534 848697.0
201 9160 842115.0
202 8636 835820.0
203 8003 829955.0
204 7554 823901.0
205 7382 818070.0
206 7117 812131.0
207 7133 806414.0
208 6914 800401.0
209 6911 794440.0
210 6891 788501.0
211 6783 782632.0
212 6574 776834.0
213 6475 771220.0
214 6555 765242.0
215 6719 759386.0
216 7082 753260.0
217 7156 747363.0
218 6576 741688.0
219 6165 736276.0
220 6204 730770.0
221 6385 724878.0
222 6752 718824.0
223 6772 712792.0
224 6883 707256.0
225 6544 701524.0
226 6539 695924.0
227 6447 690227.0
228 6472 684744.0
229 6427 679212.0
230 6361 673535.0
231 6388 667850.0
232 6483 661997.0
233 6801 656172.0
234 6869 650254.0
235 6741 644876.0
236 6478 639474.0
237 6389 633630.0
238 6838 627995.0
239 7026 621961.0
240 7045 616610.0
241 6928 611088.0
242 6495 605399.0
243 6399 600063.0
244 6601 594231.0
245 6806 588749.0
246 6596 583439.0
247 6487 578051.0
248 6442 572675.0
249 6297 566923.0
250 6538 561422.0
251 6452 556077.0
252 6445 550873.0
253 6235 545545.0
254 6320 540379.0
255 6358 535080.0
256 6581 529780.0
257 6540 524425.0
258 6327 518985.0
259 6137 513868.0
260 6053 508753.0
261 6047 503526.0
262 6207 498136.0
263 6589 492969.0
264 6528 487758.0
265 6321 482639.0
266 6020 477703.0
267 6011 472807.0
268 6040 467476.0
269 6194 462460.0
270 6074 457239.0
271 6152 452390.0
272 5995 447373.0
273 6110 442446.0
274 6128 437301.0
275 6359 432257.0
276 6463 427142.0
277 6328 422101.0
278 6047 417164.0
279 5815 412449.0
280 5752 407638.0
281 6102 402691.0
282 6218 397891.0
283 5872 392919.0
284 5695 388236.0
285 5563 383469.0
286 5765 378576.0
287 5689 373993.0
288 5411 369253.0
289 5375 364551.0
290 5394 359874.0
291 5436 355416.0
292 5351 350824.0
293 5324 346174.0
294 5393 341499.0
295 5741 336902.0
296 5671 332259.0
297 5429 327846.0
298 5175 323731.0
299 5031 319448.0
300 5065 314981.0
301 5254 310458.0
302 5532 306049.0
303 5625 301477.0
304 5546 297211.0
305 5252 293064.0
306 5073 288857.0
307 5107 284346.0
308 5323 280081.0
309 5315 275763.0
310 5167 271595.0
311 5046 267426.0
312 4926 263095.0
313 4992 259032.0
314 5003 254727.0
315 5028 250485.0
316 4894 246482.0
317 4891 242373.0
318 4829 238350.0
319 4920 234463.0
320 4868 230551.0
321 4750 226589.0
322 4608 222453.0
323 4700 218885.0
324 4577 215082.0
325 4649 211625.0
326 4483 207841.0
327 4536 203965.0
328 4477 200264.0
329 4367 196664.0
330 4297 193023.0
331 4334 189519.0
332 4398 186000.0
333 4388 182541.0
334 4111 179157.0
335 3802 175775.0
336 3795 172583.0
337 3864 169141.0
338 3935 165837.0
339 3865 162572.0
340 3897 159276.0
341 3837 156086.0
342 3669 152983.0
343 3581 149954.0
344 3514 147065.0
345 3468 144048.0
346 3456 140894.0
347 3371 137782.0
348 3320 134894.0
349 3341 131838.0
350 3277 128943.0
351 3251 126228.0
352 3167 123436.0
353 3049 120746.0
354 3075 117946.0
355 3076 115348.0
356 3031 112854.0
357 2854 110299.0
358 2740 108048.0
359 2787 105570.0
360 2937 102984.0
361 2913 100242.0
362 2950 97784.0
363 2836 95370.0
364 2791 93099.0
365 2735 90841.0
366 2682 88633.0
367 2692 86501.0
368 2530 84458.0
369 2560 82425.0
370 2469 80194.0
371 2497 78139.0
372 2438 75982.0
373 2322 74029.0
374 2269 72153.0
375 2114 70309.0
376 2080 68392.0
377 2104 66542.0
378 2029 65064.0
379 1914 63407.0
380 1855 61753.0
381 1885 60215.0
382 1879 58585.0
383 1855 56873.0
384 1781 55380.0
385 1667 53938.0
386 1598 52692.0
387 1558 51236.0
388 1601 49938.0
389 1529 48487.0
390 1448 47176.0
391 1384 45885.0
392 1280 44796.0
393 1192 43576.0
394 1151 42425.0
395 1122 41240.0
396 1133 40167.0
397 1103 39003.0
398 1127 37858.0
399 1083 36879.0
400 1082 36570.0
401 1048 36277.0
402 975 36024.0
403 964 35724.0
404 1006 35447.0
405 942 35207.0
406 873 34982.0
407 807 34782.0
408 754 34572.0
409 705 34412.0
410 632 34242.0
411 606 34059.0
412 626 33904.0
413 596 33733.0
414 576 33573.0
415 591 33403.0
416 618 33232.0
417 605 33072.0
418 555 32934.0
419 492 32841.0
420 422 32722.0
421 398 32628.0
422 387 32510.0
423 413 32406.0
424 396 32267.0
425 419 32164.0
426 404 32027.0
427 421 31936.0
428 368 31842.0
429 304 31776.0
430 280 31710.0
431 262 31650.0
432 247 31579.0
433 243 31515.0
434 241 31438.0
435 243 31386.0
436 212 31322.0
437 210 31277.0
438 185 31220.0
439 184 31178.0
440 165 31148.0
441 162 31093.0
442 172 31050.0
443 162 30992.0
444 172 30952.0
445 155 30911.0
446 136 30877.0
447 129 30839.0
448 137 30805.0
449 135 30746.0
450 164 30712.0
451 155 30648.0
452 141 30627.0
453 120 30589.0
454 135 30546.0
455 170 30482.0
456 206 30414.0
457 202 30361.0
458 180 30314.0
459 165 30287.0
460 148 30230.0
461 159 30199.0
462 141 30158.0
463 146 30117.0
464 150 30069.0
465 152 30041.0
466 129 30005.0
467 109 29975.0
468 121 29944.0
469 118 29899.0
470 131 29862.0
471 135 29837.0
472 127 29782.0
473 126 29765.0
474 116 29715.0
475 126 29684.0
476 123 29649.0
477 138 29609.0
478 138 29567.0
479 148 29512.0
480 149 29468.0
481 141 29430.0
482 133 29383.0
483 145 29343.0
484 160 29279.0
485 183 29229.0
486 177 29175.0
487 167 29149.0
488 136 29108.0
489 145 29066.0
490 160 29008.0
491 191 28946.0
492 193 28906.0
493 162 28854.0
494 151 28823.0
495 125 28793.0
496 119 28761.0
497 115 28737.0
498 108 28709.0
499 119 28666.0
500 132 28635.0
501 130 28591.0
502 126 28554.0
503 130 28523.0
504 137 28471.0
505 147 28434.0
506 144 28395.0
507 140 28361.0
508 136 28308.0
509 156 28274.0
510 144 28225.0
511 139 28198.0
512 136 28143.0
513 138 28119.0
514 126 28075.0
515 141 28032.0
516 148 27990.0
517 134 27955.0
518 119 27923.0
519 128 27884.0
520 146 27831.0
521 185 27774.0
522 168 27734.0
523 134 27711.0
524 114 27677.0
525 122 27638.0
526 147 27578.0
527 165 27533.0
528 157 27484.0
529 139 27454.0
530 135 27427.0
531 119 27380.0
532 121 27369.0
533 91 27343.0
534 80 27331.0
535 62 27317.0
536 53 27305.0
537 48 27291.0
538 56 27271.0
539 60 27250.0
540 76 27222.0
541 86 27200.0
542 80 27176.0
543 82 27152.0
544 91 27116.0
545 93 27093.0
546 83 27075.0
547 67 27063.0
548 52 27051.0
549 48 27041.0
550 49 27024.0
551 59 27005.0
552 78 26968.0
553 101 26941.0
554 96 26909.0
555 93 26885.0
556 89 26851.0
557 100 26818.0
558 110 26777.0
559 122 26746.0
560 119 26704.0
561 125 26665.0
562 128 26634.0
563 104 26610.0
564 111 26583.0
565 119 26535.0
566 149 26492.0
567 157 26442.0
568 137 26417.0
569 108 26401.0
570 90 26369.0
571 86 26360.0
572 65 26344.0
573 53 26331.0
574 51 26317.0
575 50 26305.0
576 51 26290.0
577 61 26270.0
578 60 26252.0
579 49 26244.0
580 41 26234.0
581 34 26227.0
582 27 26221.0
583 24 26216.0
584 25 26209.0
585 25 26200.0
586 21 26196.0
587 18 26194.0
588 11 26191.0
589 9 26190.0
590 12 26187.0
591 15 26178.0
592 24 26172.0
593 26 26164.0
594 30 26147.0
595 47 26135.0
596 52 26108.0
597 44 26105.0
598 28 26097.0
599 23 26095.0
600 25 26083.0
601 31 26078.0
602 30 26064.0
603 34 26057.0
604 29 26051.0
605 19 26049.0
606 15 26045.0
607 16 26040.0
608 19 26032.0
609 24 26024.0
610 21 26020.0
611 15 26016.0
612 13 26015.0
613 11 26009.0
614 16 26006.0
615 17 25995.0
616 20 25992.0
617 16 25989.0
618 13 25986.0
619 13 25982.0
620 18 25974.0
621 26 25964.0
622 33 25953.0
623 27 25953.0
624 18 25944.0
625 20 25940.0
626 24 25928.0
627 34 25917.0
628 46 25895.0
629 67 25873.0
630 57 25868.0
631 35 25859.0
632 24 25853.0
633 28 25849.0
634 23 25842.0
635 22 25836.0
636 22 25832.0
637 20 25823.0
638 18 25819.0
639 16 25813.0
640 19 25809.0
641 22 25795.0
642 31 25790.0
643 36 25767.0
644 59 25754.0
645 72 25708.0
646 78 25697.0
647 63 25673.0
648 72 25658.0
649 80 25613.0
650 109 25592.0
651 107 25539.0
652 108 25527.0
653 86 25494.0
654 80 25485.0
655 66 25457.0
656 66 25448.0
657 60 25425.0
658 68 25417.0
659 52 25409.0
660 32 25405.0
661 26 25403.0
662 21 25393.0
663 26 25387.0
664 33 25371.0
665 49 25354.0
666 53 25338.0
667 54 25311.0
668 83 25295.0
669 75 25272.0
670 70 25253.0
671 76 25232.0
672 82 25205.0
673 93 25185.0
674 82 25161.0
675 76 25149.0
676 71 25121.0
677 80 25097.0
678 95 25063.0
679 82 25048.0
680 54 25041.0
681 44 25032.0
682 36 25024.0
683 26 25022.0
684 16 25020.0
685 10 25018.0
686 7 25018.0
687 9 25016.0
688 10 25011.0
689 15 25006.0
690 18 25000.0
691 14 25000.0
692 7 25000.0
693 3 25000.0
694 1 25000.0
695 0 25000.0
696 0 25000.0
697 0 25000.0
698 0 25000.0
699 0 25000.0
700 0 25000.0
701 0 25000.0
702 0 25000.0
703 0 25000.0
704 0 25000.0
705 0 25000.0
706 0 25000.0
707 0 25000.0
708 0 25000.0
709 0 25000.0
710 0 25000.0
711 0 25000.0
712 0 25000.0
713 0 25000.0
714 0 25000.0
715 0 25000.0
716 0 25000.0
717 0 25000.0
718 0 25000.0
719 0 25000.0
720 0 25000.0
721 0 25000.0
722 0 25000.0
723 0 25000.0
724 0 25000.0
725 0 25000.0
726 0 25000.0
727 0 25000.0
728 0 25000.0
729 0 25000.0
730 0 25000.0
731 0 25000.0
732 0 25000.0
733 0 25000.0
734 0 25000.0
735 0 25000.0
736 0 25000.0
737 0 25000.0
738 0 25000.0
739 0 25000.0
740 0 25000.0
741 0 25000.0
742 0 25000.0
743 0 25000.0
744 0 25000.0
745 0 25000.0
746 0 25000.0
747 0 25000.0
748 0 25000.0
749 0 25000.0
750 0 25000.0
751 0 25000.0
752 0 25000.0
753 0 25000.0
754 0 25000.0
755 0 25000.0
756 0 25000.0
757 0 25000.0
758 0 25000.0
759 0 25000.0
760 0 25000.0
761 0 25000.0
762 0 25000.0
763 0 25000.0
764 0 25000.0
765 0 25000.0
766 0 25000.0
767 0 25000.0
768 0 25000.0
769 0 25000.0
770 0 25000.0
771 0 25000.0
772 0 25000.0
773 0 25000.0
774 0 25000.0
775 0 25000.0
776 0 25000.0
777 0 25000.0
778 0 25000.0
779 0 25000.0
780 0 25000.0
781 0 25000.0
782 0 25000.0
783 0 25000.0
784 0 25000.0
785 0 25000.0
786 0 25000.0
787 0 25000.0
788 0 25000.0
789 0 25000.0
790 0 25000.0
791 0 25000.0
792 0 25000.0
793 0 25000.0
794 0 25000.0
795 0 25000.0
796 0 25000.0
797 0 25000.0
798 0 25000.0
799 0 25000.0
800 0 25000.0
801 0 25000.0
802 0 25000.0
803 0 25000.0
804 0 25000.0
805 0 25000.0
806 0 25000.0
807 0 25000.0
808 0 25000.0
809 0 25000.0
810 0 25000.0
811 0 25000.0
812 0 25000.0
813 0 25000.0
814 0 25000.0
815 0 25000.0
816 0 25000.0
817 0 25000.0
818 0 25000.0
819 0 25000.0
820 0 25000.0
821 0 25000.0
822 0 25000.0
823 0 25000.0
824 0 25000.0
825 0 25000.0
826 0 25000.0
827 0 25000.0
828 0 25000.0
829 0 25000.0
830 0 25000.0
831 0 25000.0
832 0 25000.0
833 0 25000.0
834 0 25000.0
835 0 25000.0
836 0 25000.0
837 0 25000.0
838 0 25000.0
839 0 25000.0
840 0 25000.0
841 0 25000.0
842 0 25000.0
843 0 25000.0
844 0 25000.0
845 0 25000.0
846 0 25000.0
847 0 25000.0
848 0 25000.0
849 0 25000.0
850 0 25000.0
851 0 25000.0
852 0 25000.0
853 0 25000.0
854 0 25000.0
855 0 25000.0
856 0 25000.0
857 0 25000.0
858 0 25000.0
859 0 25000.0
860 0 25000.0
861 0 25000.0
862 0 25000.0
863 0 25000.0
864 0 25000.0
865 0 25000.0
866 0 25000.0
867 0 25000.0
868 0 25000.0
869 0 25000.0
870 0 25000.0
871 0 25000.0
872 0 25000.0
873 0 25000.0
874 0 25000.0
875 0 25000.0
876 0 25000.0
877 0 25000.0
878 0 25000.0
879 0 25000.0
880 0 25000.0
881 0 25000.0
882 0 25000.0
883 0 25000.0
884 0 25000.0
885 0 25000.0
886 0 25000.0
887 0 25000.0
888 0 25000.0
889 0 25000.0
890 0 25000.0
891 0 25000.0
892 0 25000.0
893 0 25000.0
894 0 25000.0
895 0 25000.0
896 0 25000.0
897 0 25000.0
898 0 25000.0
899 0 25000.0
900 0 25000.0
901 0 25000.0
902 0 25000.0
903 0 25000.0
904 0 25000.0
905 0 25000.0
906 0 25000.0
907 0 25000.0
908 0 25000.0
909 0 25000.0
910 0 25000.0
911 0 25000.0
912 0 25000.0
913 0 25000.0
914 0 25000.0
915 0 25000.0
916 0 25000.0
917 0 25000.0
918 0 25000.0
919 0 25000.0
920 0 25000.0
921 0 25000.0
922 0 25000.0
923 0 25000.0
924 0 25000.0
925 0 25000.0
926 0 25000.0
927 0 25000.0
928 0 25000.0
929 0 25000.0
930 0 25000.0
931 0 25000.0
932 0 25000.0
933 0 25000.0
934 0 25000.0
935 0 25000.0
936 0 25000.0
937 0 25000.0
938 0 25000.0
939 0 25000.0
940 0 25000.0
941 0 25000.0
942 0 25000.0
943 0 25000.0
944 0 25000.0
945 0 25000.0
946 0 25000.0
947 0 25000.0
948 0 25000.0
949 0 25000.0
950 0 25000.0
951 0 25000.0
952 0 25000.0
953 0 25000.0
954 0 25000.0
955 0 25000.0
956 0 25000.0
957 0 25000.0
958 0 25000.0
959 0 25000.0
960 0 25000.0
961 0 25000.0
962 0 25000.0
963 0 25000.0
964 0 25000.0
965 0 25000.0
966 0 25000.0
967 0 25000.0
968 0 25000.0
969 0 25000.0
970 0 25000.0
971 0 25000.0
972 0 25000.0
973 0 25000.0
974 0 25000.0
975 0 25000.0
976 0 25000.0
977 0 25000.0
978 0 25000.0
979 0 25000.0
980 0 25000.0
981 0 25000.0
982 0 25000.0
983 0 25000.0
984 0 25000.0
985 0 25000.0
986 0 25000.0
987 0 25000.0
988 0 25000.0
989 0 25000.0
990 0 25000.0
991 0 25000.0
992 0 25000.0
993 0 25000.0
994 0 25000.0
995 0 25000.0
996 0 25000.0
997 0 25000.0
998 0 25000.0
999 0 25000.0
1000 0 25000.0
