1 1 14920.0
2 2 20476.0
3 2 25975.0
4 4 31270.0
5 3 36732.0
6 3 42055.0
7 2 47354.0
8 1 52256.0
9 1 57391.0
10 2 62743.0
11 2 67865.0
12 4 73257.0
13 3 78284.0
14 6 83548.0
15 4 88689.0
16 5 93651.0
17 4 98696.0
18 5 103606.0
19 8 108485.0
20 10 113542.0
21 12 118536.0
22 12 123550.0
23 20 128553.0
24 24 133710.0
25 40 138830.0
26 38 143740.0
27 49 148812.0
28 62 153645.0
29 55 158702.0
30 70 163883.0
31 74 169032.0
32 72 174077.0
33 77 178974.0
34 86 183993.0
35 111 188944.0
36 119 193738.0
37 121 198803.0
38 139 203770.0
39 161 208702.0
40 185 213602.0
41 209 218511.0
42 198 223521.0
43 197 228364.0
44 196 233281.0
45 217 238337.0
46 243 243251.0
47 268 248126.0
48 303 252961.0
49 290 257870.0
50 303 262742.0
51 329 267528.0
52 333 272322.0
53 337 277210.0
54 347 282213.0
55 399 287078.0
56 429 291875.0
57 466 296727.0
58 502 301513.0
59 514 306232.0
60 537 311038.0
61 545 316029.0
62 543 320884.0
63 565 325605.0
64 597 330381.0
65 629 335430.0
66 683 340167.0
67 691 345151.0
68 703 349838.0
69 728 354543.0
70 747 359219.0
71 811 363980.0
72 775 368664.0
73 845 373442.0
74 869 378078.0
75 910 382716.0
76 973 387532.0
77 1055 392216.0
78 1036 397057.0
79 1024 401832.0
80 1060 406543.0
81 1155 411068.0
82 1157 415638.0
83 1174 420578.0
84 1226 425316.0
85 1349 429973.0
86 1449 434489.0
87 1413 439083.0
88 1333 443672.0
89 1347 448309.0
90 1367 452958.0
91 1537 457609.0
92 1610 461946.0
93 1753 466575.0
94 1780 471037.0
95 1892 475553.0
96 1806 480143.0
97 1702 484675.0
98 1691 489222.0
99 1812 493725.0
100 1885 498289.0
101 1881 502831.0
102 1870 507433.0
103 1913 512045.0
104 1905 516589.0
105 2040 520910.0
106 2093 525261.0
107 2139 529683.0
108 2106 534206.0
109 2078 538776.0
110 2195 543127.0
111 2250 547400.0
112 2300 551760.0
113 2378 556087.0
114 2562 560637.0
115 2533 564942.0
116 2503 569320.0
117 2539 573532.0
118 2680 577861.0
119 2813 581998.0
120 2877 586191.0
121 2971 590441.0
122 2922 594488.0
123 3059 598739.0
124 3052 602837.0
125 3125 607052.0
126 3145 611135.0
127 3213 615083.0
128 3236 619091.0
129 3338 622886.0
130 3401 626941.0
131 3409 631266.0
132 3393 635244.0
133 3474 639321.0
134 3456 643380.0
135 3553 647422.0
136 3635 651259.0
137 3873 655146.0
138 4054 658835.0
139 4156 662799.0
140 4106 666904.0
141 4050 671013.0
142 4190 674930.0
143 4336 678708.0
144 4558 682471.0
145 4453 686272.0
146 4365 689983.0
147 4546 693819.0
148 4599 697497.0
149 4861 701082.0
150 5012 704655.0
151 5008 708245.0
152 4945 711754.0
153 4874 715527.0
154 4816 719037.0
155 4854 722710.0
156 4885 726186.0
157 4928 729885.0
158 4914 733606.0
159 5204 737267.0
160 5424 740975.0
161 5342 744738.0
162 5359 748092.0
163 5371 751585.0
164 5514 754929.0
165 5833 758230.0
166 6026 761357.0
167 6192 764945.0
168 5982 768411.0
169 5788 771953.0
170 5833 775347.0
171 5958 778832.0
172 6181 781796.0
173 6758 784857.0
174 6675 788212.0
175 6712 791460.0
176 6650 794368.0
177 6581 797864.0
178 6517 801015.0
179 6823 804038.0
180 7145 806957.0
181 7230 809953.0
182 7201 812790.0
183 7281 815871.0
184 7366 818912.0
185 7356 822089.0
186 7332 825280.0
187 7468 828362.0
188 7506 831308.0
189 7724 834005.0
190 8158 836875.0
191 8102 839416.0
192 8216 842347.0
193 8066 845190.0
194 7958 847791.0
195 8224 850631.0
196 8695 853291.0
197 8749 856086.0
198 8673 858721.0
199 9020 861221.0
200 9035 858523.0
201 8516 852163.0
202 7975 845859.0
203 7737 839785.0
204 7245 833838.0
205 6911 828003.0
206 6961 821987.0
207 7050 815895.0
208 7001 809913.0
209 6894 804058.0
210 6507 798215.0
211 6276 792473.0
212 6196 786592.0
213 6559 780369.0
214 6838 774462.0
215 6742 768501.0
216 6571 762939.0
217 6372 756913.0
218 6526 751205.0
219 6466 745287.0
220 6280 739561.0
221 6286 733700.0
222 6626 727576.0
223 6787 721662.0
224 6679 715911.0
225 6379 710306.0
226 6266 704762.0
227 6140 699097.0
228 6230 693420.0
229 6610 687432.0
230 7046 681668.0
231 6733 675793.0
232 6633 670046.0
233 6469 664311.0
234 6343 658913.0
235 6465 653327.0
236 6819 647499.0
237 6788 641708.0
238 6684 636254.0
239 6464 630714.0
240 6406 624832.0
241 6594 619247.0
242 6274 613671.0
243 6217 608359.0
244 6286 602882.0
245 6425 597237.0
246 6491 591742.0
247 6447 586025.0
248 6380 580361.0
249 6626 574642.0
250 6610 569225.0
251 6369 563767.0
252 6341 558470.0
253 6251 552921.0
254 6184 547832.0
255 6033 542434.0
256 6131 536979.0
257 6302 531321.0
258 6310 526009.0
259 6186 520658.0
260 6056 515426.0
261 6045 510127.0
262 6052 504790.0
263 6074 499537.0
264 6139 494069.0
265 6169 489001.0
266 5937 483775.0
267 5888 478542.0
268 6038 473410.0
269 6130 468218.0
270 6162 462850.0
271 6080 457681.0
272 5904 452485.0
273 5780 447398.0
274 5787 442089.0
275 6056 437014.0
276 6192 431766.0
277 6317 426832.0
278 6145 421615.0
279 6119 416700.0
280 5841 411870.0
281 5619 407048.0
282 5480 402078.0
283 5620 396996.0
284 5841 392185.0
285 5719 387328.0
286 5543 382845.0
287 5300 378189.0
288 5150 373430.0
289 5212 368698.0
290 5501 363729.0
291 5640 358991.0
292 5454 354432.0
293 5285 349761.0
294 5302 345016.0
295 5358 340518.0
296 5282 335827.0
297 5307 331257.0
298 5402 326472.0
299 5475 322063.0
300 5140 317688.0
301 5003 313352.0
302 4933 308650.0
303 4916 304233.0
304 4808 299783.0
305 4932 295553.0
306 4923 291262.0
307 4938 286938.0
308 5034 282806.0
309 4845 278681.0
310 4669 274575.0
311 4626 270532.0
312 4734 266405.0
313 4714 262223.0
314 4733 258107.0
315 4648 254178.0
316 4552 250287.0
317 4540 246237.0
318 4764 242058.0
319 4748 238007.0
320 4597 233870.0
321 4582 230127.0
322 4560 226188.0
323 4483 222331.0
324 4345 218520.0
325 4340 214959.0
326 4255 211207.0
327 4255 207571.0
328 4113 203999.0
329 4143 200202.0
330 4381 196558.0
331 4519 192871.0
332 4284 189225.0
333 4124 185676.0
334 4035 182245.0
335 3866 178709.0
336 3856 175370.0
337 3863 171872.0
338 3963 168465.0
339 3978 165089.0
340 4018 161649.0
341 3946 158133.0
342 3853 155147.0
343 3772 151858.0
344 3683 148626.0
345 3549 145530.0
346 3415 142569.0
347 3311 139479.0
348 3373 136613.0
349 3313 133439.0
350 3261 130710.0
351 3000 127794.0
352 2979 124985.0
353 2954 122380.0
354 2851 119697.0
355 2816 117045.0
356 2849 114149.0
357 2918 111518.0
358 2835 108946.0
359 2812 106357.0
360 2793 103669.0
361 2790 101113.0
362 2733 98688.0
363 2648 96342.0
364 2607 93961.0
365 2650 91719.0
366 2549 89264.0
367 2448 87017.0
368 2356 84993.0
369 2302 82718.0
370 2312 80645.0
371 2139 78507.0
372 2156 76431.0
373 2125 74346.0
374 2068 72387.0
375 1987 70454.0
376 1954 68519.0
377 1928 66870.0
378 1880 64993.0
379 1843 63174.0
380 1848 61534.0
381 1874 59871.0
382 1792 58329.0
383 1712 56655.0
384 1730 55138.0
385 1641 53671.0
386 1522 52217.0
387 1422 50809.0
388 1406 49463.0
389 1408 48042.0
390 1431 46594.0
391 1368 45225.0
392 1389 43830.0
393 1330 42425.0
394 1231 41150.0
395 1151 40100.0
396 1134 38960.0
397 1103 37786.0
398 1093 36731.0
399 1102 35713.0
400 1077 35380.0
401 1073 35102.0
402 985 34845.0
403 872 34641.0
404 753 34453.0
405 708 34270.0
406 675 34086.0
407 676 33890.0
408 686 33703.0
409 641 33551.0
410 607 33393.0
411 576 33238.0
412 573 33072.0
413 563 32939.0
414 547 32773.0
415 534 32629.0
416 549 32452.0
417 580 32299.0
418 557 32144.0
419 539 32006.0
420 494 31884.0
421 490 31730.0
422 521 31575.0
423 545 31423.0
424 527 31287.0
425 473 31169.0
426 419 31068.0
427 382 30980.0
428 351 30879.0
429 376 30775.0
430 366 30689.0
431 329 30581.0
432 330 30510.0
433 346 30382.0
434 368 30297.0
435 327 30220.0
436 285 30152.0
437 263 30066.0
438 282 29993.0
439 277 29904.0
440 277 29839.0
441 246 29765.0
442 241 29714.0
443 237 29628.0
444 247 29578.0
445 196 29532.0
446 167 29499.0
447 156 29444.0
448 173 29402.0
449 174 29343.0
450 188 29286.0
451 196 29242.0
452 172 29187.0
453 160 29164.0
454 139 29120.0
455 147 29078.0
456 135 29046.0
457 110 29022.0
458 113 28992.0
459 118 28946.0
460 145 28911.0
461 140 28852.0
462 168 28814.0
463 174 28746.0
464 167 28706.0
465 144 28671.0
466 152 28632.0
467 147 28577.0
468 151 28549.0
469 135 28504.0
470 120 28486.0
471 95 28463.0
472 76 28446.0
473 79 28424.0
474 80 28402.0
475 98 28367.0
476 113 28330.0
477 116 28296.0
478 114 28271.0
479 103 28239.0
480 113 28205.0
481 119 28178.0
482 112 28133.0
483 118 28114.0
484 91 28086.0
485 82 28077.0
486 72 28047.0
487 78 28032.0
488 66 28016.0
489 61 27999.0
490 68 27972.0
491 91 27943.0
492 97 27908.0
493 94 27885.0
494 91 27860.0
495 81 27838.0
496 89 27814.0
497 100 27782.0
498 109 27741.0
499 141 27693.0
500 147 27651.0
501 138 27616.0
502 129 27586.0
503 108 27555.0
504 100 27527.0
505 109 27501.0
506 104 27485.0
507 79 27454.0
508 83 27444.0
509 80 27405.0
510 79 27391.0
511 68 27374.0
512 64 27354.0
513 64 27346.0
514 46 27328.0
515 51 27316.0
516 55 27296.0
517 64 27274.0
518 79 27241.0
519 90 27220.0
520 83 27196.0
521 73 27181.0
522 48 27175.0
523 34 27166.0
524 32 27159.0
525 37 27147.0
526 38 27139.0
527 33 27127.0
528 36 27125.0
529 36 27097.0
530 56 27092.0
531 51 27072.0
532 45 27063.0
533 47 27052.0
534 38 27046.0
535 30 27038.0
536 27 27036.0
537 19 27028.0
538 27 27023.0
539 25 27017.0
540 18 27015.0
541 11 27013.0
542 8 27011.0
543 9 27010.0
544 7 27007.0
545 5 27006.0
546 3 27004.0
547 6 27004.0
548 6 26998.0
549 12 26998.0
550 12 26986.0
551 12 26986.0
552 6 26986.0
553 3 26986.0
554 1 26986.0
555 0 26986.0
556 0 26986.0
557 0 26986.0
558 0 26986.0
559 0 26986.0
560 0 26986.0
561 0 26986.0
562 0 26986.0
563 0 26986.0
564 0 26986.0
565 0 26986.0
566 0 26986.0
567 0 26986.0
568 0 26986.0
569 0 26986.0
570 0 26986.0
571 0 26986.0
572 0 26986.0
573 0 26986.0
574 0 26986.0
575 0 26986.0
576 0 26986.0
577 0 26986.0
578 0 26986.0
579 0 26986.0
580 0 26986.0
581 0 26986.0
582 0 26986.0
583 0 26986.0
584 0 26986.0
585 0 26986.0
586 0 26986.0
587 0 26986.0
588 0 26986.0
589 0 26986.0
590 0 26986.0
591 0 26986.0
592 0 26986.0
593 0 26986.0
594 0 26986.0
595 0 26986.0
596 0 26986.0
597 0 26986.0
598 0 26986.0
599 0 26986.0
600 0 26986.0
601 0 26986.0
602 0 26986.0
603 0 26986.0
604 0 26986.0
605 0 26986.0
606 0 26986.0
607 0 26986.0
608 0 26986.0
609 0 26986.0
610 0 26986.0
611 0 26986.0
612 0 26986.0
613 0 26986.0
614 0 26986.0
615 0 26986.0
616 0 26986.0
617 0 26986.0
618 0 26986.0
619 0 26986.0
620 0 26986.0
621 0 26986.0
622 0 26986.0
623 0 26986.0
624 0 26986.0
625 0 26986.0
626 0 26986.0
627 0 26986.0
628 0 26986.0
629 0 26986.0
630 0 26986.0
631 0 26986.0
632 0 26986.0
633 0 26986.0
634 0 26986.0
635 0 26986.0
636 0 26986.0
637 0 26986.0
638 0 26986.0
639 0 26986.0
640 0 26986.0
641 0 26986.0
642 0 26986.0
643 0 26986.0
644 0 26986.0
645 0 26986.0
646 0 26986.0
647 0 26986.0
648 0 26986.0
649 0 26986.0
650 0 26986.0
651 0 26986.0
652 0 26986.0
653 0 26986.0
654 0 26986.0
655 0 26986.0
656 0 26986.0
657 0 26986.0
658 0 26986.0
659 0 26986.0
660 0 26986.0
661 0 26986.0
662 0 26986.0
663 0 26986.0
664 0 26986.0
665 0 26986.0
666 0 26986.0
667 0 26986.0
668 0 26986.0
669 0 26986.0
670 0 26986.0
671 0 26986.0
672 0 26986.0
673 0 26986.0
674 0 26986.0
675 0 26986.0
676 0 26986.0
677 0 26986.0
678 0 26986.0
679 0 26986.0
680 0 26986.0
681 0 26986.0
682 0 26986.0
683 0 26986.0
684 0 26986.0
685 0 26986.0
686 0 26986.0
687 0 26986.0
688 0 26986.0
689 0 26986.0
690 0 26986.0
691 0 26986.0
692 0 26986.0
693 0 26986.0
694 0 26986.0
695 0 26986.0
696 0 26986.0
697 0 26986.0
698 0 26986.0
699 0 26986.0
700 0 26986.0
701 0 26986.0
702 0 26986.0
703 0 26986.0
704 0 26986.0
705 0 26986.0
706 0 26986.0
707 0 26986.0
708 0 26986.0
709 0 26986.0
710 0 26986.0
711 0 26986.0
712 0 26986.0
713 0 26986.0
714 0 26986.0
715 0 26986.0
716 0 26986.0
717 0 26986.0
718 0 26986.0
719 0 26986.0
720 0 26986.0
721 0 26986.0
722 0 26986.0
723 0 26986.0
724 0 26986.0
725 0 26986.0
726 0 26986.0
727 0 26986.0
728 0 26986.0
729 0 26986.0
730 0 26986.0
731 0 26986.0
732 0 26986.0
733 0 26986.0
734 0 26986.0
735 0 26986.0
736 0 26986.0
737 0 26986.0
738 0 26986.0
739 0 26986.0
740 0 26986.0
741 0 26986.0
742 0 26986.0
743 0 26986.0
744 0 26986.0
745 0 26986.0
746 0 26986.0
747 0 26986.0
748 0 26986.0
749 0 26986.0
750 0 26986.0
751 0 26986.0
752 0 26986.0
753 0 26986.0
754 0 26986.0
755 0 26986.0
756 0 26986.0
757 0 26986.0
758 0 26986.0
759 0 26986.0
760 0 26986.0
761 0 26986.0
762 0 26986.0
763 0 26986.0
764 0 26986.0
765 0 26986.0
766 0 26986.0
767 0 26986.0
768 0 26986.0
769 0 26986.0
770 0 26986.0
771 0 26986.0
772 0 26986.0
773 0 26986.0
774 0 26986.0
775 0 26986.0
776 0 26986.0
777 0 26986.0
778 0 26986.0
779 0 26986.0
780 0 26986.0
781 0 26986.0
782 0 26986.0
783 0 26986.0
784 0 26986.0
785 0 26986.0
786 0 26986.0
787 0 26986.0
788 0 26986.0
789 0 26986.0
790 0 26986.0
791 0 26986.0
792 0 26986.0
793 0 26986.0
794 0 26986.0
795 0 26986.0
796 0 26986.0
797 0 26986.0
798 0 26986.0
799 0 26986.0
800 0 26986.0
801 0 26986.0
802 0 26986.0
803 0 26986.0
804 0 26986.0
805 0 26986.0
806 0 26986.0
807 0 26986.0
808 0 26986.0
809 0 26986.0
810 0 26986.0
811 0 26986.0
812 0 26986.0
813 0 26986.0
814 0 26986.0
815 0 26986.0
816 0 26986.0
817 0 26986.0
818 0 26986.0
819 0 26986.0
820 0 26986.0
821 0 26986.0
822 0 26986.0
823 0 26986.0
824 0 26986.0
825 0 26986.0
826 0 26986.0
827 0 26986.0
828 0 26986.0
829 0 26986.0
830 0 26986.0
831 0 26986.0
832 0 26986.0
833 0 26986.0
834 0 26986.0
835 0 26986.0
836 0 26986.0
837 0 26986.0
838 0 26986.0
839 0 26986.0
840 0 26986.0
841 0 26986.0
842 0 26986.0
843 0 26986.0
844 0 26986.0
845 0 26986.0
846 0 26986.0
847 0 26986.0
848 0 26986.0
849 0 26986.0
850 0 26986.0
851 0 26986.0
852 0 26986.0
853 0 26986.0
854 0 26986.0
855 0 26986.0
856 0 26986.0
857 0 26986.0
858 0 26986.0
859 0 26986.0
860 0 26986.0
861 0 26986.0
862 0 26986.0
863 0 26986.0
864 0 26986.0
865 0 26986.0
866 0 26986.0
867 0 26986.0
868 0 26986.0
869 0 26986.0
870 0 26986.0
871 0 26986.0
872 0 26986.0
873 0 26986.0
874 0 26986.0
875 0 26986.0
876 0 26986.0
877 0 26986.0
878 0 26986.0
879 0 26986.0
880 0 26986.0
881 0 26986.0
882 0 26986.0
883 0 26986.0
884 0 26986.0
885 0 26986.0
886 0 26986.0
887 0 26986.0
888 0 26986.0
889 0 26986.0
890 0 26986.0
891 0 26986.0
892 0 26986.0
893 0 26986.0
894 0 26986.0
895 0 26986.0
896 0 26986.0
897 0 26986.0
898 0 26986.0
899 0 26986.0
900 0 26986.0
901 0 26986.0
902 0 26986.0
903 0 26986.0
904 0 26986.0
905 0 26986.0
906 0 26986.0
907 0 26986.0
908 0 26986.0
909 0 26986.0
910 0 26986.0
911 0 26986.0
912 0 26986.0
913 0 26986.0
914 0 26986.0
915 0 26986.0
916 0 26986.0
917 0 26986.0
918 0 26986.0
919 0 26986.0
920 0 26986.0
921 0 26986.0
922 0 26986.0
923 0 26986.0
924 0 26986.0
925 0 26986.0
926 0 26986.0
927 0 26986.0
928 0 26986.0
929 0 26986.0
930 0 26986.0
931 0 26986.0
932 0 26986.0
933 0 26986.0
934 0 26986.0
935 0 26986.0
936 0 26986.0
937 0 26986.0
938 0 26986.0
939 0 26986.0
940 0 26986.0
941 0 26986.0
942 0 26986.0
943 0 26986.0
944 0 26986.0
945 0 26986.0
946 0 26986.0
947 0 26986.0
948 0 26986.0
949 0 26986.0
950 0 26986.0
951 0 26986.0
952 0 26986.0
953 0 26986.0
954 0 26986.0
955 0 26986.0
956 0 26986.0
957 0 26986.0
958 0 26986.0
959 0 26986.0
960 0 26986.0
961 0 26986.0
962 0 26986.0
963 0 26986.0
964 0 26986.0
965 0 26986.0
966 0 26986.0
967 0 26986.0
968 0 26986.0
969 0 26986.0
970 0 26986.0
971 0 26986.0
972 0 26986.0
973 0 26986.0
974 0 26986.0
975 0 26986.0
976 0 26986.0
977 0 26986.0
978 0 26986.0
979 0 26986.0
980 0 26986.0
981 0 26986.0
982 0 26986.0
983 0 26986.0
984 0 26986.0
985 0 26986.0
986 0 26986.0
987 0 26986.0
988 0 26986.0
989 0 26986.0
990 0 26986.0
991 0 26986.0
992 0 26986.0
993 0 26986.0
994 0 26986.0
995 0 26986.0
996 0 26986.0
997 0 26986.0
998 0 26986.0
999 0 26986.0
1000 0 26986.0
