1 1 15081.0
2 2 20617.0
3 2 26211.0
4 4 31505.0
5 3 36811.0
6 2 42051.0
7 1 47025.0
8 2 52109.0
9 2 57141.0
10 4 62239.0
11 4 67204.0
12 8 72309.0
13 6 77468.0
14 7 82640.0
15 8 87614.0
16 7 92810.0
17 9 97891.0
18 10 102871.0
19 18 108005.0
20 17 112998.0
21 22 117784.0
22 18 122642.0
23 17 127659.0
24 21 132859.0
25 28 137990.0
26 24 142878.0
27 28 147915.0
28 37 152947.0
29 34 158028.0
30 35 163002.0
31 44 168160.0
32 60 173075.0
33 87 177992.0
34 104 182905.0
35 112 187846.0
36 112 192967.0
37 124 197953.0
38 129 202918.0
39 136 207704.0
40 141 212744.0
41 170 217645.0
42 206 222676.0
43 207 227606.0
44 212 232533.0
45 238 237239.0
46 244 242006.0
47 277 246740.0
48 288 251651.0
49 278 256674.0
50 302 261718.0
51 358 266364.0
52 392 271163.0
53 369 275982.0
54 404 281005.0
55 404 285931.0
56 434 290783.0
57 431 295737.0
58 467 300596.0
59 470 305571.0
60 504 310328.0
61 539 315198.0
62 538 320165.0
63 585 324975.0
64 618 329765.0
65 638 334475.0
66 677 339222.0
67 733 343961.0
68 756 348755.0
69 770 353472.0
70 798 358402.0
71 804 363032.0
72 843 367736.0
73 862 372516.0
74 886 377472.0
75 896 382146.0
76 961 386893.0
77 951 391534.0
78 923 396337.0
79 958 401225.0
80 983 406045.0
81 1026 411022.0
82 1059 415659.0
83 1139 420490.0
84 1191 425243.0
85 1222 429903.0
86 1224 434501.0
87 1280 438902.0
88 1340 443613.0
89 1376 448328.0
90 1425 452965.0
91 1508 457537.0
92 1605 461929.0
93 1556 466627.0
94 1674 471166.0
95 1725 475521.0
96 1880 479986.0
97 1835 484472.0
98 1844 488857.0
99 1893 493502.0
100 1909 497757.0
101 1977 502251.0
102 2019 507112.0
103 2006 511543.0
104 2097 515960.0
105 2132 520507.0
106 2162 524866.0
107 2150 529159.0
108 2231 533452.0
109 2320 537722.0
110 2455 542114.0
111 2575 546468.0
112 2631 550724.0
113 2592 554796.0
114 2600 559075.0
115 2676 563301.0
116 2622 567687.0
117 2598 571937.0
118 2621 576177.0
119 2728 580550.0
120 2768 584717.0
121 2845 588905.0
122 2936 593238.0
123 2966 597384.0
124 2934 601530.0
125 2902 605701.0
126 3076 610018.0
127 3296 614089.0
128 3396 618152.0
129 3428 621972.0
130 3470 626073.0
131 3379 630104.0
132 3407 634332.0
133 3469 638083.0
134 3631 642277.0
135 3744 646325.0
136 3944 650338.0
137 4128 654404.0
138 4099 658563.0
139 3848 662696.0
140 3853 666552.0
141 4021 670407.0
142 4107 674276.0
143 4232 678075.0
144 4307 681916.0
145 4326 685794.0
146 4517 689516.0
147 4546 693360.0
148 4591 697209.0
149 4606 700995.0
150 4709 704662.0
151 4786 708281.0
152 4999 712052.0
153 5123 715655.0
154 5131 719258.0
155 5107 723019.0
156 5149 726555.0
157 5380 730051.0
158 5371 733410.0
159 5412 736926.0
160 5442 740543.0
161 5537 743958.0
162 5746 747583.0
163 5861 751151.0
164 5860 754426.0
165 6094 757845.0
166 6122 761307.0
167 6129 764748.0
168 6124 767901.0
169 6222 771160.0
170 6345 774557.0
171 6275 778015.0
172 6427 780966.0
173 6527 784305.0
174 6468 787453.0
175 6468 790874.0
176 6417 794202.0
177 6478 797715.0
178 6753 800426.0
179 7342 803437.0
180 7313 806552.0
181 7274 809485.0
182 7296 812459.0
183 7084 815780.0
184 7204 818764.0
185 7518 821583.0
186 7621 824545.0
187 7808 827197.0
188 8169 829867.0
189 8293 832410.0
190 8186 835334.0
191 8281 837806.0
192 8448 840568.0
193 8478 843045.0
194 8739 845480.0
195 8867 848040.0
196 8890 850703.0
197 8877 853232.0
198 8906 855771.0
199 9027 858545.0
200 8919 855978.0
201 8456 849496.0
202 8042 843355.0
203 7719 836860.0
204 7753 830795.0
205 7663 824708.0
206 7279 818816.0
207 7015 812837.0
208 6869 807158.0
209 6666 800993.0
210 7045 795098.0
211 6792 788893.0
212 6758 783130.0
213 6684 777205.0
214 6694 771333.0
215 6815 765262.0
216 6946 758891.0
217 6782 753221.0
218 6339 747322.0
219 6626 741723.0
220 6617 736016.0
221 6581 730068.0
222 6625 724455.0
223 6468 718717.0
224 6352 713093.0
225 6296 707241.0
226 6492 701588.0
227 6490 695676.0
228 6512 689702.0
229 6587 683843.0
230 6487 678155.0
231 6604 672398.0
232 6608 666935.0
233 6459 661265.0
234 6480 655759.0
235 6486 650281.0
236 6450 644503.0
237 6663 638491.0
238 6779 632816.0
239 6536 627207.0
240 6523 621845.0
241 6585 615999.0
242 6538 610483.0
243 6609 604509.0
244 6586 599194.0
245 6374 593749.0
246 6084 588505.0
247 5997 582975.0
248 6058 577866.0
249 5952 572360.0
250 6124 566900.0
251 6125 561388.0
252 6304 555994.0
253 6438 550794.0
254 6552 544864.0
255 6666 539554.0
256 6315 534061.0
257 6205 528828.0
258 6122 523620.0
259 6309 518234.0
260 6510 512835.0
261 6305 507648.0
262 5900 502635.0
263 5807 497734.0
264 5783 492383.0
265 6005 487235.0
266 6069 482106.0
267 6044 476880.0
268 6026 471852.0
269 6037 466591.0
270 6146 461410.0
271 6155 456375.0
272 6055 451227.0
273 6353 445802.0
274 6395 440819.0
275 6008 435787.0
276 6012 430808.0
277 5970 425509.0
278 6116 420493.0
279 6002 415560.0
280 5991 410582.0
281 6059 405704.0
282 6045 400827.0
283 5957 395918.0
284 5890 391174.0
285 5699 386415.0
286 5532 381853.0
287 5470 377222.0
288 5551 372282.0
289 5676 367411.0
290 5509 362746.0
291 5038 358493.0
292 4835 354057.0
293 4849 349660.0
294 5081 344779.0
295 5351 340196.0
296 5280 335606.0
297 5073 331071.0
298 4971 326731.0
299 4931 322265.0
300 5063 317800.0
301 5212 313212.0
302 5253 308770.0
303 5102 304355.0
304 5090 300066.0
305 4951 295668.0
306 5108 291196.0
307 5189 286832.0
308 5105 282438.0
309 5060 278313.0
310 5073 274040.0
311 4974 269939.0
312 4790 265877.0
313 4695 262036.0
314 4412 258142.0
315 4298 254206.0
316 4476 249972.0
317 4664 245989.0
318 4816 241661.0
319 4829 237699.0
320 4598 233678.0
321 4613 229719.0
322 4642 225822.0
323 4594 222028.0
324 4481 218162.0
325 4405 214445.0
326 4337 210638.0
327 4317 206845.0
328 4225 203069.0
329 4181 199244.0
330 4196 195666.0
331 4158 192140.0
332 4025 188816.0
333 3892 185478.0
334 3831 181945.0
335 3759 178530.0
336 3825 175019.0
337 3722 171802.0
338 3460 168364.0
339 3429 165131.0
340 3491 161780.0
341 3661 158428.0
342 3582 155161.0
343 3613 152161.0
344 3475 149257.0
345 3413 146272.0
346 3208 143249.0
347 3232 140112.0
348 3396 136945.0
349 3556 133942.0
350 3585 130980.0
351 3438 128031.0
352 3203 125242.0
353 2924 122436.0
354 2882 119753.0
355 2939 117114.0
356 3042 114348.0
357 3091 111595.0
358 3169 108992.0
359 3048 106373.0
360 2957 103809.0
361 2718 101387.0
362 2645 98887.0
363 2721 96657.0
364 2638 94216.0
365 2584 91858.0
366 2482 89525.0
367 2393 87450.0
368 2439 85348.0
369 2455 83159.0
370 2335 81151.0
371 2154 79088.0
372 2140 77108.0
373 2089 75079.0
374 2036 73345.0
375 2041 71389.0
376 2034 69547.0
377 1956 67513.0
378 1934 65728.0
379 1841 64116.0
380 1841 62491.0
381 1703 60699.0
382 1631 59151.0
383 1605 57608.0
384 1657 56052.0
385 1638 54433.0
386 1605 52978.0
387 1590 51645.0
388 1521 50263.0
389 1494 48814.0
390 1431 47560.0
391 1375 46271.0
392 1312 45141.0
393 1244 43870.0
394 1162 42660.0
395 1156 41627.0
396 1102 40564.0
397 1038 39629.0
398 955 38455.0
399 955 37303.0
400 922 37051.0
401 891 36804.0
402 849 36551.0
403 853 36318.0
404 801 36096.0
405 779 35896.0
406 717 35708.0
407 694 35509.0
408 720 35307.0
409 751 35072.0
410 765 34870.0
411 721 34679.0
412 715 34463.0
413 698 34282.0
414 639 34139.0
415 554 34008.0
416 540 33855.0
417 575 33664.0
418 614 33483.0
419 618 33302.0
420 609 33145.0
421 581 32982.0
422 584 32813.0
423 613 32625.0
424 603 32481.0
425 529 32341.0
426 509 32214.0
427 458 32118.0
428 401 32010.0
429 374 31936.0
430 341 31833.0
431 341 31748.0
432 311 31681.0
433 277 31605.0
434 265 31547.0
435 258 31449.0
436 294 31369.0
437 310 31278.0
438 293 31213.0
439 255 31140.0
440 259 31076.0
441 260 31003.0
442 290 30898.0
443 344 30787.0
444 346 30684.0
445 366 30587.0
446 367 30467.0
447 381 30373.0
448 373 30256.0
449 349 30169.0
450 320 30081.0
451 315 30011.0
452 288 29931.0
453 273 29861.0
454 255 29786.0
455 255 29729.0
456 235 29662.0
457 216 29624.0
458 188 29563.0
459 186 29521.0
460 192 29457.0
461 215 29383.0
462 250 29314.0
463 241 29242.0
464 206 29218.0
465 161 29169.0
466 163 29135.0
467 162 29082.0
468 155 29050.0
469 138 29005.0
470 154 28971.0
471 144 28933.0
472 138 28884.0
473 161 28842.0
474 149 28799.0
475 127 28776.0
476 115 28737.0
477 127 28704.0
478 133 28659.0
479 140 28620.0
480 128 28591.0
481 126 28547.0
482 141 28509.0
483 143 28469.0
484 145 28414.0
485 161 28379.0
486 151 28329.0
487 152 28297.0
488 139 28257.0
489 128 28227.0
490 118 28191.0
491 125 28149.0
492 150 28114.0
493 133 28072.0
494 117 28050.0
495 117 28008.0
496 120 27981.0
497 124 27933.0
498 146 27896.0
499 146 27848.0
500 149 27804.0
501 151 27756.0
502 146 27726.0
503 123 27701.0
504 116 27654.0
505 141 27625.0
506 120 27579.0
507 128 27552.0
508 108 27515.0
509 125 27480.0
510 139 27434.0
511 138 27401.0
512 118 27373.0
513 99 27339.0
514 119 27316.0
515 114 27274.0
516 99 27255.0
517 82 27229.0
518 83 27207.0
519 79 27183.0
520 87 27159.0
521 94 27122.0
522 128 27077.0
523 155 27035.0
524 137 26999.0
525 121 26964.0
526 128 26928.0
527 132 26894.0
528 108 26881.0
529 89 26856.0
530 91 26831.0
531 88 26815.0
532 74 26790.0
533 93 26762.0
534 97 26736.0
535 93 26713.0
536 77 26694.0
537 78 26672.0
538 66 26665.0
539 52 26647.0
540 45 26638.0
541 35 26632.0
542 29 26623.0
543 23 26622.0
544 14 26619.0
545 14 26615.0
546 14 26613.0
547 16 26603.0
548 23 26597.0
549 28 26582.0
550 38 26577.0
551 34 26559.0
552 34 26557.0
553 24 26552.0
554 22 26544.0
555 20 26540.0
556 14 26539.0
557 9 26536.0
558 10 26535.0
559 11 26529.0
560 15 26526.0
561 17 26514.0
562 28 26509.0
563 28 26495.0
564 23 26494.0
565 14 26491.0
566 12 26490.0
567 12 26481.0
568 19 26479.0
569 18 26469.0
570 21 26468.0
571 15 26462.0
572 10 26462.0
573 6 26462.0
574 4 26459.0
575 3 26459.0
576 1 26459.0
577 1 26458.0
578 2 26458.0
579 2 26456.0
580 4 26456.0
581 3 26454.0
582 2 26454.0
583 1 26453.0
584 2 26453.0
585 2 26451.0
586 4 26451.0
587 4 26447.0
588 8 26447.0
589 8 26439.0
590 16 26439.0
591 12 26438.0
592 7 26436.0
593 5 26436.0
594 5 26434.0
595 5 26432.0
596 8 26430.0
597 10 26424.0
598 16 26420.0
599 20 26408.0
600 32 26400.0
601 36 26384.0
602 30 26384.0
603 16 26382.0
604 9 26382.0
605 4 26382.0
606 2 26382.0
607 1 26382.0
608 0 26382.0
609 0 26382.0
610 0 26382.0
611 0 26382.0
612 0 26382.0
613 0 26382.0
614 0 26382.0
615 0 26382.0
616 0 26382.0
617 0 26382.0
618 0 26382.0
619 0 26382.0
620 0 26382.0
621 0 26382.0
622 0 26382.0
623 0 26382.0
624 0 26382.0
625 0 26382.0
626 0 26382.0
627 0 26382.0
628 0 26382.0
629 0 26382.0
630 0 26382.0
631 0 26382.0
632 0 26382.0
633 0 26382.0
634 0 26382.0
635 0 26382.0
636 0 26382.0
637 0 26382.0
638 0 26382.0
639 0 26382.0
640 0 26382.0
641 0 26382.0
642 0 26382.0
643 0 26382.0
644 0 26382.0
645 0 26382.0
646 0 26382.0
647 0 26382.0
648 0 26382.0
649 0 26382.0
650 0 26382.0
651 0 26382.0
652 0 26382.0
653 0 26382.0
654 0 26382.0
655 0 26382.0
656 0 26382.0
657 0 26382.0
658 0 26382.0
659 0 26382.0
660 0 26382.0
661 0 26382.0
662 0 26382.0
663 0 26382.0
664 0 26382.0
665 0 26382.0
666 0 26382.0
667 0 26382.0
668 0 26382.0
669 0 26382.0
670 0 26382.0
671 0 26382.0
672 0 26382.0
673 0 26382.0
674 0 26382.0
675 0 26382.0
676 0 26382.0
677 0 26382.0
678 0 26382.0
679 0 26382.0
680 0 26382.0
681 0 26382.0
682 0 26382.0
683 0 26382.0
684 0 26382.0
685 0 26382.0
686 0 26382.0
687 0 26382.0
688 0 26382.0
689 0 26382.0
690 0 26382.0
691 0 26382.0
692 0 26382.0
693 0 26382.0
694 0 26382.0
695 0 26382.0
696 0 26382.0
697 0 26382.0
698 0 26382.0
699 0 26382.0
700 0 26382.0
701 0 26382.0
702 0 26382.0
703 0 26382.0
704 0 26382.0
705 0 26382.0
706 0 26382.0
707 0 26382.0
708 0 26382.0
709 0 26382.0
710 0 26382.0
711 0 26382.0
712 0 26382.0
713 0 26382.0
714 0 26382.0
715 0 26382.0
716 0 26382.0
717 0 26382.0
718 0 26382.0
719 0 26382.0
720 0 26382.0
721 0 26382.0
722 0 26382.0
723 0 26382.0
724 0 26382.0
725 0 26382.0
726 0 26382.0
727 0 26382.0
728 0 26382.0
729 0 26382.0
730 0 26382.0
731 0 26382.0
732 0 26382.0
733 0 26382.0
734 0 26382.0
735 0 26382.0
736 0 26382.0
737 0 26382.0
738 0 26382.0
739 0 26382.0
740 0 26382.0
741 0 26382.0
742 0 26382.0
743 0 26382.0
744 0 26382.0
745 0 26382.0
746 0 26382.0
747 0 26382.0
748 0 26382.0
749 0 26382.0
750 0 26382.0
751 0 26382.0
752 0 26382.0
753 0 26382.0
754 0 26382.0
755 0 26382.0
756 0 26382.0
757 0 26382.0
758 0 26382.0
759 0 26382.0
760 0 26382.0
761 0 26382.0
762 0 26382.0
763 0 26382.0
764 0 26382.0
765 0 26382.0
766 0 26382.0
767 0 26382.0
768 0 26382.0
769 0 26382.0
770 0 26382.0
771 0 26382.0
772 0 26382.0
773 0 26382.0
774 0 26382.0
775 0 26382.0
776 0 26382.0
777 0 26382.0
778 0 26382.0
779 0 26382.0
780 0 26382.0
781 0 26382.0
782 0 26382.0
783 0 26382.0
784 0 26382.0
785 0 26382.0
786 0 26382.0
787 0 26382.0
788 0 26382.0
789 0 26382.0
790 0 26382.0
791 0 26382.0
792 0 26382.0
793 0 26382.0
794 0 26382.0
795 0 26382.0
796 0 26382.0
797 0 26382.0
798 0 26382.0
799 0 26382.0
800 0 26382.0
801 0 26382.0
802 0 26382.0
803 0 26382.0
804 0 26382.0
805 0 26382.0
806 0 26382.0
807 0 26382.0
808 0 26382.0
809 0 26382.0
810 0 26382.0
811 0 26382.0
812 0 26382.0
813 0 26382.0
814 0 26382.0
815 0 26382.0
816 0 26382.0
817 0 26382.0
818 0 26382.0
819 0 26382.0
820 0 26382.0
821 0 26382.0
822 0 26382.0
823 0 26382.0
824 0 26382.0
825 0 26382.0
826 0 26382.0
827 0 26382.0
828 0 26382.0
829 0 26382.0
830 0 26382.0
831 0 26382.0
832 0 26382.0
833 0 26382.0
834 0 26382.0
835 0 26382.0
836 0 26382.0
837 0 26382.0
838 0 26382.0
839 0 26382.0
840 0 26382.0
841 0 26382.0
842 0 26382.0
843 0 26382.0
844 0 26382.0
845 0 26382.0
846 0 26382.0
847 0 26382.0
848 0 26382.0
849 0 26382.0
850 0 26382.0
851 0 26382.0
852 0 26382.0
853 0 26382.0
854 0 26382.0
855 0 26382.0
856 0 26382.0
857 0 26382.0
858 0 26382.0
859 0 26382.0
860 0 26382.0
861 0 26382.0
862 0 26382.0
863 0 26382.0
864 0 26382.0
865 0 26382.0
866 0 26382.0
867 0 26382.0
868 0 26382.0
869 0 26382.0
870 0 26382.0
871 0 26382.0
872 0 26382.0
873 0 26382.0
874 0 26382.0
875 0 26382.0
876 0 26382.0
877 0 26382.0
878 0 26382.0
879 0 26382.0
880 0 26382.0
881 0 26382.0
882 0 26382.0
883 0 26382.0
884 0 26382.0
885 0 26382.0
886 0 26382.0
887 0 26382.0
888 0 26382.0
889 0 26382.0
890 0 26382.0
891 0 26382.0
892 0 26382.0
893 0 26382.0
894 0 26382.0
895 0 26382.0
896 0 26382.0
897 0 26382.0
898 0 26382.0
899 0 26382.0
900 0 26382.0
901 0 26382.0
902 0 26382.0
903 0 26382.0
904 0 26382.0
905 0 26382.0
906 0 26382.0
907 0 26382.0
908 0 26382.0
909 0 26382.0
910 0 26382.0
911 0 26382.0
912 0 26382.0
913 0 26382.0
914 0 26382.0
915 0 26382.0
916 0 26382.0
917 0 26382.0
918 0 26382.0
919 0 26382.0
920 0 26382.0
921 0 26382.0
922 0 26382.0
923 0 26382.0
924 0 26382.0
925 0 26382.0
926 0 26382.0
927 0 26382.0
928 0 26382.0
929 0 26382.0
930 0 26382.0
931 0 26382.0
932 0 26382.0
933 0 26382.0
934 0 26382.0
935 0 26382.0
936 0 26382.0
937 0 26382.0
938 0 26382.0
939 0 26382.0
940 0 26382.0
941 0 26382.0
942 0 26382.0
943 0 26382.0
944 0 26382.0
945 0 26382.0
946 0 26382.0
947 0 26382.0
948 0 26382.0
949 0 26382.0
950 0 26382.0
951 0 26382.0
952 0 26382.0
953 0 26382.0
954 0 26382.0
955 0 26382.0
956 0 26382.0
957 0 26382.0
958 0 26382.0
959 0 26382.0
960 0 26382.0
961 0 26382.0
962 0 26382.0
963 0 26382.0
964 0 26382.0
965 0 26382.0
966 0 26382.0
967 0 26382.0
968 0 26382.0
969 0 26382.0
970 0 26382.0
971 0 26382.0
972 0 26382.0
973 0 26382.0
974 0 26382.0
975 0 26382.0
976 0 26382.0
977 0 26382.0
978 0 26382.0
979 0 26382.0
980 0 26382.0
981 0 26382.0
982 0 26382.0
983 0 26382.0
984 0 26382.0
985 0 26382.0
986 0 26382.0
987 0 26382.0
988 0 26382.0
989 0 26382.0
990 0 26382.0
991 0 26382.0
992 0 26382.0
993 0 26382.0
994 0 26382.0
995 0 26382.0
996 0 26382.0
997 0 26382.0
998 0 26382.0
999 0 26382.0
1000 0 26382.0
