1 1 15048.0
2 2 20697.0
3 2 25966.0
4 2 31074.0
5 2 36377.0
6 4 41608.0
7 4 46766.0
8 6 51920.0
9 5 56879.0
10 7 61874.0
11 9 67118.0
12 12 72224.0
13 13 77310.0
14 21 82294.0
15 20 87210.0
16 27 92111.0
17 30 97208.0
18 28 102243.0
19 39 107278.0
20 42 112185.0
21 57 117154.0
22 43 122188.0
23 58 127093.0
24 60 131979.0
25 71 137035.0
26 79 142149.0
27 79 147114.0
28 83 152224.0
29 101 157088.0
30 126 162071.0
31 126 166983.0
32 153 171796.0
33 158 177015.0
34 182 181967.0
35 198 186791.0
36 214 191708.0
37 205 196745.0
38 240 201712.0
39 241 206876.0
40 269 211775.0
41 291 216765.0
42 330 221511.0
43 354 226591.0
44 381 231427.0
45 393 236226.0
46 366 241221.0
47 367 246180.0
48 401 251067.0
49 431 255998.0
50 472 260955.0
51 457 265727.0
52 512 270691.0
53 488 275533.0
54 512 280247.0
55 570 285027.0
56 614 289774.0
57 621 294443.0
58 659 299390.0
59 695 304204.0
60 727 308985.0
61 712 313852.0
62 728 318553.0
63 779 323315.0
64 782 328076.0
65 795 332887.0
66 794 337583.0
67 863 342309.0
68 948 346967.0
69 994 351621.0
70 1027 356315.0
71 1047 361148.0
72 1038 365990.0
73 1091 370444.0
74 1217 374998.0
75 1231 379512.0
76 1209 384271.0
77 1245 388913.0
78 1347 393562.0
79 1352 398135.0
80 1429 402878.0
81 1472 407553.0
82 1475 412228.0
83 1435 416905.0
84 1512 421614.0
85 1505 426091.0
86 1519 430664.0
87 1551 435261.0
88 1588 439897.0
89 1565 444573.0
90 1574 448992.0
91 1586 453779.0
92 1695 458381.0
93 1821 462872.0
94 1829 467330.0
95 1909 471978.0
96 1906 476240.0
97 1930 480899.0
98 1935 485389.0
99 2130 490163.0
100 2146 494664.0
101 2338 498934.0
102 2482 503308.0
103 2435 507544.0
104 2346 511904.0
105 2373 516251.0
106 2370 520562.0
107 2480 524551.0
108 2607 528812.0
109 2615 532928.0
110 2648 537342.0
111 2748 541644.0
112 3035 545895.0
113 3069 549900.0
114 3011 554450.0
115 2915 558461.0
116 2897 562903.0
117 2921 567132.0
118 3018 571226.0
119 3181 575318.0
120 3214 579282.0
121 3303 583524.0
122 3224 587685.0
123 3235 591877.0
124 3380 595985.0
125 3616 600061.0
126 3728 603955.0
127 3828 607727.0
128 3887 611688.0
129 3707 615700.0
130 3851 619682.0
131 3969 623662.0
132 3800 627687.0
133 3840 631898.0
134 4132 635623.0
135 4316 639575.0
136 4255 643501.0
137 4279 647117.0
138 4280 650811.0
139 4139 654394.0
140 4119 658302.0
141 4225 662129.0
142 4546 665654.0
143 4829 669243.0
144 4968 672915.0
145 4951 676480.0
146 4799 680282.0
147 4739 684069.0
148 4866 687779.0
149 4985 691569.0
150 5006 695263.0
151 5008 699001.0
152 5067 702339.0
153 5472 705755.0
154 5677 709098.0
155 5862 712732.0
156 5620 716308.0
157 5490 719746.0
158 5567 723345.0
159 5859 726739.0
160 6345 730060.0
161 6592 733565.0
162 6358 736779.0
163 6263 740334.0
164 6159 743495.0
165 6329 746861.0
166 6506 749931.0
167 6983 752919.0
168 7077 755944.0
169 6847 759254.0
170 6704 762562.0
171 6752 765596.0
172 7036 768764.0
173 7127 771584.0
174 7095 774579.0
175 7226 777710.0
176 7418 780649.0
177 7559 783491.0
178 7758 786546.0
179 7686 789387.0
180 7832 792652.0
181 7577 795572.0
182 7619 798548.0
183 7776 801522.0
184 8150 804216.0
185 8517 806846.0
186 8887 809488.0
187 8702 811995.0
188 8511 814811.0
189 8573 817267.0
190 8774 820023.0
191 8809 822444.0
192 9009 824874.0
193 9155 827278.0
194 9204 829733.0
195 9280 832345.0
196 9233 834575.0
197 9419 837206.0
198 9259 839826.0
199 9301 842437.0
200 9426 839629.0
201 9336 833036.0
202 8665 827014.0
203 7866 820846.0
204 7529 815119.0
205 7140 809060.0
206 7197 803156.0
207 7230 797151.0
208 7329 791149.0
209 7243 785180.0
210 7123 779276.0
211 7020 773389.0
212 6740 767724.0
213 6500 761875.0
214 6637 756019.0
215 6681 750054.0
216 6844 744186.0
217 6837 738349.0
218 6955 732340.0
219 7068 726661.0
220 6835 720794.0
221 6683 714833.0
222 6772 709010.0
223 6815 703067.0
224 6800 697300.0
225 6741 691685.0
226 6675 685884.0
227 6887 680169.0
228 6846 674318.0
229 6979 668496.0
230 6748 663074.0
231 6402 657530.0
232 6565 652146.0
233 6567 646311.0
234 6828 640701.0
235 6749 634737.0
236 6774 629187.0
237 6740 623737.0
238 6584 618518.0
239 6603 612737.0
240 6815 606948.0
241 6936 601320.0
242 6803 595809.0
243 6820 590120.0
244 6874 584572.0
245 6709 579272.0
246 6598 574034.0
247 6502 568333.0
248 6498 563186.0
249 6436 557584.0
250 6747 552225.0
251 6658 546754.0
252 6538 541630.0
253 6498 536254.0
254 6453 531212.0
255 6170 526030.0
256 6312 520867.0
257 6182 515623.0
258 6427 510533.0
259 6521 505269.0
260 6430 500070.0
261 6306 495000.0
262 6292 489593.0
263 6443 484350.0
264 6505 479232.0
265 6447 473616.0
266 6580 468513.0
267 6314 463346.0
268 6459 458536.0
269 6219 453502.0
270 5979 448647.0
271 5968 443546.0
272 6262 438689.0
273 6233 433574.0
274 6109 428777.0
275 6092 423641.0
276 6102 418876.0
277 5810 413926.0
278 5839 409052.0
279 5704 404261.0
280 5985 399551.0
281 6123 394363.0
282 6244 389711.0
283 5946 384862.0
284 5725 380065.0
285 5640 375410.0
286 5705 370572.0
287 5802 365859.0
288 5699 361201.0
289 5716 356552.0
290 5792 351798.0
291 5891 347162.0
292 5840 342710.0
293 5641 338314.0
294 5590 333739.0
295 5532 329172.0
296 5475 324668.0
297 5471 320013.0
298 5592 315339.0
299 5455 310762.0
300 5315 306306.0
301 5401 302008.0
302 5252 297865.0
303 5021 293769.0
304 5027 289454.0
305 5124 285298.0
306 5060 280894.0
307 5128 276754.0
308 5136 272252.0
309 5192 268170.0
310 4979 264157.0
311 4903 260129.0
312 4795 256071.0
313 4933 252019.0
314 4944 247875.0
315 5011 243839.0
316 4967 239736.0
317 4951 235750.0
318 4880 231869.0
319 4734 227909.0
320 4864 224074.0
321 4824 219961.0
322 4898 216115.0
323 5000 212286.0
324 4949 208771.0
325 4699 205202.0
326 4473 201589.0
327 4432 197953.0
328 4309 194215.0
329 4327 190436.0
330 4333 186701.0
331 4215 183328.0
332 4180 179897.0
333 4223 176266.0
334 4088 172916.0
335 3916 169602.0
336 3912 166285.0
337 4083 163072.0
338 3913 159644.0
339 3647 156504.0
340 3723 153557.0
341 3615 150480.0
342 3540 147321.0
343 3526 144339.0
344 3412 141377.0
345 3401 138543.0
346 3492 135400.0
347 3555 132530.0
348 3326 129598.0
349 3241 126870.0
350 3231 124074.0
351 3160 121343.0
352 3136 118570.0
353 3216 115811.0
354 3364 113178.0
355 3311 110534.0
356 3271 107998.0
357 3223 105507.0
358 3100 103045.0
359 2995 100463.0
360 3013 98041.0
361 2918 95584.0
362 2840 93473.0
363 2856 91322.0
364 2786 89191.0
365 2609 87059.0
366 2563 84903.0
367 2461 82885.0
368 2309 80800.0
369 2372 78758.0
370 2364 76803.0
371 2310 74800.0
372 2171 72951.0
373 2003 71243.0
374 1951 69416.0
375 1987 67516.0
376 2007 65795.0
377 1994 64038.0
378 1926 62233.0
379 1935 60738.0
380 1912 58975.0
381 1857 57455.0
382 1787 55764.0
383 1805 54169.0
384 1846 52618.0
385 1767 51119.0
386 1626 49533.0
387 1594 48202.0
388 1530 46836.0
389 1445 45674.0
390 1362 44317.0
391 1322 43073.0
392 1307 41901.0
393 1334 40684.0
394 1331 39508.0
395 1313 38381.0
396 1295 37231.0
397 1271 36158.0
398 1196 35177.0
399 1136 34164.0
400 1069 33850.0
401 1056 33558.0
402 1005 33289.0
403 947 33045.0
404 888 32800.0
405 863 32564.0
406 876 32300.0
407 888 32060.0
408 881 31779.0
409 904 31563.0
410 844 31309.0
411 864 31097.0
412 811 30861.0
413 729 30711.0
414 637 30543.0
415 603 30391.0
416 598 30232.0
417 575 30066.0
418 539 29953.0
419 453 29843.0
420 424 29742.0
421 413 29606.0
422 418 29514.0
423 391 29385.0
424 390 29295.0
425 388 29167.0
426 450 29008.0
427 507 28840.0
428 563 28663.0
429 612 28478.0
430 595 28330.0
431 568 28162.0
432 593 28001.0
433 572 27836.0
434 516 27730.0
435 431 27622.0
436 400 27541.0
437 357 27432.0
438 378 27338.0
439 384 27205.0
440 407 27092.0
441 379 26999.0
442 341 26903.0
443 356 26799.0
444 344 26716.0
445 310 26635.0
446 280 26576.0
447 258 26491.0
448 301 26397.0
449 316 26318.0
450 299 26225.0
451 317 26143.0
452 322 26029.0
453 340 25953.0
454 306 25855.0
455 293 25782.0
456 281 25712.0
457 253 25663.0
458 214 25604.0
459 218 25547.0
460 215 25475.0
461 231 25410.0
462 226 25351.0
463 207 25286.0
464 234 25216.0
465 245 25145.0
466 236 25085.0
467 237 25011.0
468 242 24942.0
469 232 24879.0
470 210 24818.0
471 199 24764.0
472 188 24721.0
473 182 24663.0
474 191 24617.0
475 185 24563.0
476 191 24505.0
477 204 24443.0
478 213 24382.0
479 211 24319.0
480 242 24228.0
481 304 24142.0
482 301 24046.0
483 266 23988.0
484 226 23931.0
485 198 23892.0
486 187 23834.0
487 180 23789.0
488 183 23720.0
489 213 23671.0
490 200 23611.0
491 185 23572.0
492 168 23518.0
493 167 23480.0
494 149 23428.0
495 162 23395.0
496 139 23359.0
497 124 23330.0
498 129 23289.0
499 153 23241.0
500 149 23207.0
501 129 23171.0
502 117 23149.0
503 100 23117.0
504 107 23096.0
505 109 23048.0
506 146 23004.0
507 184 22913.0
508 254 22849.0
509 229 22786.0
510 198 22739.0
511 188 22677.0
512 182 22644.0
513 152 22604.0
514 130 22584.0
515 122 22543.0
516 131 22508.0
517 133 22462.0
518 138 22429.0
519 130 22380.0
520 151 22336.0
521 168 22283.0
522 165 22243.0
523 140 22212.0
524 110 22192.0
525 94 22170.0
526 91 22143.0
527 103 22107.0
528 107 22083.0
529 97 22049.0
530 99 22028.0
531 90 21997.0
532 94 21971.0
533 101 21942.0
534 106 21903.0
535 114 21879.0
536 99 21849.0
537 89 21839.0
538 78 21809.0
539 84 21797.0
540 81 21758.0
541 108 21735.0
542 106 21687.0
543 108 21668.0
544 91 21631.0
545 98 21613.0
546 88 21586.0
547 84 21561.0
548 78 21547.0
549 65 21525.0
550 62 21514.0
551 65 21483.0
552 97 21456.0
553 111 21413.0
554 118 21373.0
555 138 21337.0
556 133 21301.0
557 120 21271.0
558 114 21233.0
559 123 21202.0
560 125 21172.0
561 115 21139.0
562 102 21115.0
563 96 21088.0
564 80 21073.0
565 67 21056.0
566 58 21042.0
567 47 21038.0
568 38 21026.0
569 33 21021.0
570 30 21009.0
571 37 20999.0
572 44 20982.0
573 50 20968.0
574 42 20962.0
575 34 20955.0
576 28 20945.0
577 38 20935.0
578 39 20914.0
579 52 20903.0
580 62 20873.0
581 84 20849.0
582 81 20821.0
583 89 20792.0
584 102 20768.0
585 85 20750.0
586 71 20735.0
587 61 20717.0
588 63 20705.0
589 56 20688.0
590 51 20680.0
591 36 20669.0
592 34 20662.0
593 40 20649.0
594 43 20632.0
595 50 20621.0
596 42 20612.0
597 31 20608.0
598 25 20599.0
599 31 20590.0
600 42 20573.0
601 50 20560.0
602 45 20545.0
603 33 20544.0
604 20 20541.0
605 14 20539.0
606 12 20538.0
607 8 20534.0
608 13 20531.0
609 16 20521.0
610 26 20515.0
611 32 20495.0
612 52 20483.0
613 45 20475.0
614 29 20472.0
615 18 20468.0
616 19 20463.0
617 23 20454.0
618 26 20447.0
619 24 20442.0
620 17 20442.0
621 10 20440.0
622 7 20439.0
623 7 20438.0
624 7 20434.0
625 11 20431.0
626 11 20427.0
627 9 20426.0
628 9 20420.0
629 14 20419.0
630 11 20415.0
631 11 20413.0
632 10 20409.0
633 10 20405.0
634 10 20404.0
635 10 20400.0
636 13 20396.0
637 16 20387.0
638 24 20382.0
639 19 20381.0
640 10 20381.0
641 6 20379.0
642 7 20377.0
643 8 20374.0
644 11 20369.0
645 16 20363.0
646 22 20353.0
647 31 20342.0
648 26 20342.0
649 15 20338.0
650 12 20334.0
651 15 20331.0
652 13 20325.0
653 12 20323.0
654 17 20316.0
655 23 20308.0
656 18 20306.0
657 10 20306.0
658 5 20306.0
659 2 20306.0
660 1 20306.0
661 0 20306.0
662 0 20306.0
663 0 20306.0
664 0 20306.0
665 0 20306.0
666 0 20306.0
667 0 20306.0
668 0 20306.0
669 0 20306.0
670 0 20306.0
671 0 20306.0
672 0 20306.0
673 0 20306.0
674 0 20306.0
675 0 20306.0
676 0 20306.0
677 0 20306.0
678 0 20306.0
679 0 20306.0
680 0 20306.0
681 0 20306.0
682 0 20306.0
683 0 20306.0
684 0 20306.0
685 0 20306.0
686 0 20306.0
687 0 20306.0
688 0 20306.0
689 0 20306.0
690 0 20306.0
691 0 20306.0
692 0 20306.0
693 0 20306.0
694 0 20306.0
695 0 20306.0
696 0 20306.0
697 0 20306.0
698 0 20306.0
699 0 20306.0
700 0 20306.0
701 0 20306.0
702 0 20306.0
703 0 20306.0
704 0 20306.0
705 0 20306.0
706 0 20306.0
707 0 20306.0
708 0 20306.0
709 0 20306.0
710 0 20306.0
711 0 20306.0
712 0 20306.0
713 0 20306.0
714 0 20306.0
715 0 20306.0
716 0 20306.0
717 0 20306.0
718 0 20306.0
719 0 20306.0
720 0 20306.0
721 0 20306.0
722 0 20306.0
723 0 20306.0
724 0 20306.0
725 0 20306.0
726 0 20306.0
727 0 20306.0
728 0 20306.0
729 0 20306.0
730 0 20306.0
731 0 20306.0
732 0 20306.0
733 0 20306.0
734 0 20306.0
735 0 20306.0
736 0 20306.0
737 0 20306.0
738 0 20306.0
739 0 20306.0
740 0 20306.0
741 0 20306.0
742 0 20306.0
743 0 20306.0
744 0 20306.0
745 0 20306.0
746 0 20306.0
747 0 20306.0
748 0 20306.0
749 0 20306.0
750 0 20306.0
751 0 20306.0
752 0 20306.0
753 0 20306.0
754 0 20306.0
755 0 20306.0
756 0 20306.0
757 0 20306.0
758 0 20306.0
759 0 20306.0
760 0 20306.0
761 0 20306.0
762 0 20306.0
763 0 20306.0
764 0 20306.0
765 0 20306.0
766 0 20306.0
767 0 20306.0
768 0 20306.0
769 0 20306.0
770 0 20306.0
771 0 20306.0
772 0 20306.0
773 0 20306.0
774 0 20306.0
775 0 20306.0
776 0 20306.0
777 0 20306.0
778 0 20306.0
779 0 20306.0
780 0 20306.0
781 0 20306.0
782 0 20306.0
783 0 20306.0
784 0 20306.0
785 0 20306.0
786 0 20306.0
787 0 20306.0
788 0 20306.0
789 0 20306.0
790 0 20306.0
791 0 20306.0
792 0 20306.0
793 0 20306.0
794 0 20306.0
795 0 20306.0
796 0 20306.0
797 0 20306.0
798 0 20306.0
799 0 20306.0
800 0 20306.0
801 0 20306.0
802 0 20306.0
803 0 20306.0
804 0 20306.0
805 0 20306.0
806 0 20306.0
807 0 20306.0
808 0 20306.0
809 0 20306.0
810 0 20306.0
811 0 20306.0
812 0 20306.0
813 0 20306.0
814 0 20306.0
815 0 20306.0
816 0 20306.0
817 0 20306.0
818 0 20306.0
819 0 20306.0
820 0 20306.0
821 0 20306.0
822 0 20306.0
823 0 20306.0
824 0 20306.0
825 0 20306.0
826 0 20306.0
827 0 20306.0
828 0 20306.0
829 0 20306.0
830 0 20306.0
831 0 20306.0
832 0 20306.0
833 0 20306.0
834 0 20306.0
835 0 20306.0
836 0 20306.0
837 0 20306.0
838 0 20306.0
839 0 20306.0
840 0 20306.0
841 0 20306.0
842 0 20306.0
843 0 20306.0
844 0 20306.0
845 0 20306.0
846 0 20306.0
847 0 20306.0
848 0 20306.0
849 0 20306.0
850 0 20306.0
851 0 20306.0
852 0 20306.0
853 0 20306.0
854 0 20306.0
855 0 20306.0
856 0 20306.0
857 0 20306.0
858 0 20306.0
859 0 20306.0
860 0 20306.0
861 0 20306.0
862 0 20306.0
863 0 20306.0
864 0 20306.0
865 0 20306.0
866 0 20306.0
867 0 20306.0
868 0 20306.0
869 0 20306.0
870 0 20306.0
871 0 20306.0
872 0 20306.0
873 0 20306.0
874 0 20306.0
875 0 20306.0
876 0 20306.0
877 0 20306.0
878 0 20306.0
879 0 20306.0
880 0 20306.0
881 0 20306.0
882 0 20306.0
883 0 20306.0
884 0 20306.0
885 0 20306.0
886 0 20306.0
887 0 20306.0
888 0 20306.0
889 0 20306.0
890 0 20306.0
891 0 20306.0
892 0 20306.0
893 0 20306.0
894 0 20306.0
895 0 20306.0
896 0 20306.0
897 0 20306.0
898 0 20306.0
899 0 20306.0
900 0 20306.0
901 0 20306.0
902 0 20306.0
903 0 20306.0
904 0 20306.0
905 0 20306.0
906 0 20306.0
907 0 20306.0
908 0 20306.0
909 0 20306.0
910 0 20306.0
911 0 20306.0
912 0 20306.0
913 0 20306.0
914 0 20306.0
915 0 20306.0
916 0 20306.0
917 0 20306.0
918 0 20306.0
919 0 20306.0
920 0 20306.0
921 0 20306.0
922 0 20306.0
923 0 20306.0
924 0 20306.0
925 0 20306.0
926 0 20306.0
927 0 20306.0
928 0 20306.0
929 0 20306.0
930 0 20306.0
931 0 20306.0
932 0 20306.0
933 0 20306.0
934 0 20306.0
935 0 20306.0
936 0 20306.0
937 0 20306.0
938 0 20306.0
939 0 20306.0
940 0 20306.0
941 0 20306.0
942 0 20306.0
943 0 20306.0
944 0 20306.0
945 0 20306.0
946 0 20306.0
947 0 20306.0
948 0 20306.0
949 0 20306.0
950 0 20306.0
951 0 20306.0
952 0 20306.0
953 0 20306.0
954 0 20306.0
955 0 20306.0
956 0 20306.0
957 0 20306.0
958 0 20306.0
959 0 20306.0
960 0 20306.0
961 0 20306.0
962 0 20306.0
963 0 20306.0
964 0 20306.0
965 0 20306.0
966 0 20306.0
967 0 20306.0
968 0 20306.0
969 0 20306.0
970 0 20306.0
971 0 20306.0
972 0 20306.0
973 0 20306.0
974 0 20306.0
975 0 20306.0
976 0 20306.0
977 0 20306.0
978 0 20306.0
979 0 20306.0
980 0 20306.0
981 0 20306.0
982 0 20306.0
983 0 20306.0
984 0 20306.0
985 0 20306.0
986 0 20306.0
987 0 20306.0
988 0 20306.0
989 0 20306.0
990 0 20306.0
991 0 20306.0
992 0 20306.0
993 0 20306.0
994 0 20306.0
995 0 20306.0
996 0 20306.0
997 0 20306.0
998 0 20306.0
999 0 20306.0
1000 0 20306.0
