1 1 15026.0
2 1 20706.0
3 1 26199.0
4 2 31468.0
5 1 36610.0
6 2 41770.0
7 1 46948.0
8 1 52216.0
9 1 57230.0
10 2 62398.0
11 2 67638.0
12 4 72612.0
13 3 77653.0
14 4 82761.0
15 4 87910.0
16 5 92967.0
17 8 98016.0
18 8 102795.0
19 14 107912.0
20 16 112989.0
21 19 118088.0
22 16 123296.0
23 22 128190.0
24 22 133323.0
25 33 138182.0
26 37 143254.0
27 44 148261.0
28 49 153330.0
29 55 158185.0
30 74 163319.0
31 77 168224.0
32 85 173181.0
33 88 178286.0
34 88 183431.0
35 111 188403.0
36 104 193352.0
37 135 198220.0
38 127 203077.0
39 140 208132.0
40 149 212972.0
41 160 217891.0
42 188 222572.0
43 199 227495.0
44 202 232344.0
45 202 237313.0
46 226 242191.0
47 237 247115.0
48 270 252203.0
49 312 257013.0
50 328 261856.0
51 324 266753.0
52 319 271788.0
53 302 276590.0
54 325 281463.0
55 380 286386.0
56 444 291215.0
57 426 296121.0
58 442 300876.0
59 466 305617.0
60 501 310467.0
61 556 315261.0
62 586 320134.0
63 666 325095.0
64 688 330033.0
65 634 335158.0
66 615 339991.0
67 662 344620.0
68 715 349286.0
69 759 354024.0
70 779 358721.0
71 806 363438.0
72 783 368194.0
73 851 372930.0
74 858 377566.0
75 884 382028.0
76 897 386872.0
77 889 391651.0
78 925 396425.0
79 998 401259.0
80 1045 405983.0
81 1122 410557.0
82 1215 415060.0
83 1233 419837.0
84 1216 424480.0
85 1194 429081.0
86 1240 433735.0
87 1319 438272.0
88 1360 443012.0
89 1450 447595.0
90 1527 452061.0
91 1544 456608.0
92 1693 461212.0
93 1732 465585.0
94 1684 470293.0
95 1687 474793.0
96 1700 479440.0
97 1671 483914.0
98 1814 488293.0
99 1962 492804.0
100 1972 497223.0
101 1909 501806.0
102 1931 506466.0
103 2010 511025.0
104 2095 515722.0
105 2007 520359.0
106 2001 525014.0
107 1991 529525.0
108 2018 534254.0
109 2117 538547.0
110 2270 542895.0
111 2419 547403.0
112 2339 551980.0
113 2325 556440.0
114 2361 560818.0
115 2460 565140.0
116 2572 569458.0
117 2693 573716.0
118 2776 578073.0
119 2830 582307.0
120 2958 586595.0
121 2834 591030.0
122 2881 595229.0
123 2901 599346.0
124 2987 603705.0
125 3155 607735.0
126 3178 612069.0
127 3192 616011.0
128 3356 620382.0
129 3424 624470.0
130 3567 628402.0
131 3533 632460.0
132 3446 636572.0
133 3691 640504.0
134 3803 644255.0
135 3863 648133.0
136 3936 651988.0
137 3930 655922.0
138 3895 659587.0
139 4171 663636.0
140 4200 667491.0
141 4199 671149.0
142 4104 674812.0
143 4446 678873.0
144 4510 682676.0
145 4551 686387.0
146 4603 690092.0
147 4611 693853.0
148 4478 697558.0
149 4646 701372.0
150 4756 704926.0
151 4935 708491.0
152 4975 711987.0
153 5052 715564.0
154 4906 719127.0
155 4857 722818.0
156 4863 726366.0
157 5069 730123.0
158 5315 733690.0
159 5466 737233.0
160 5423 740616.0
161 5379 744395.0
162 5604 747815.0
163 5830 751060.0
164 5974 754287.0
165 5915 757958.0
166 5740 761449.0
167 5773 764776.0
168 6052 767943.0
169 6215 771236.0
170 6325 774259.0
171 6387 777541.0
172 6202 780986.0
173 6164 784459.0
174 6184 787656.0
175 6665 790847.0
176 6870 794075.0
177 6892 797299.0
178 6898 800384.0
179 7055 803479.0
180 7001 806776.0
181 6912 810063.0
182 6924 813163.0
183 7098 816289.0
184 7266 819311.0
185 7476 822120.0
186 7849 824915.0
187 7784 827772.0
188 7640 830775.0
189 7646 833778.0
190 7721 836607.0
191 7996 839299.0
192 8315 842079.0
193 8620 844964.0
194 8464 847971.0
195 8426 850760.0
196 8651 853476.0
197 8826 855926.0
198 8823 858604.0
199 8707 861334.0
200 8750 858722.0
201 8663 851944.0
202 8471 845589.0
203 8201 839488.0
204 7699 833338.0
205 6997 827424.0
206 6579 821504.0
207 6629 815744.0
208 6872 809370.0
209 7259 803546.0
210 7002 797391.0
211 6809 791654.0
212 6451 785766.0
213 6311 779948.0
214 6232 774010.0
215 6565 768226.0
216 6440 762361.0
217 6356 756528.0
218 6343 750650.0
219 6515 744524.0
220 6641 738761.0
221 6399 733060.0
222 6094 727435.0
223 5990 721632.0
224 6119 715734.0
225 6318 709891.0
226 6505 704053.0
227 6649 698058.0
228 6542 692326.0
229 6392 686837.0
230 6069 681046.0
231 6195 675305.0
232 6547 669304.0
233 6758 663683.0
234 6486 657960.0
235 6213 652432.0
236 5992 646917.0
237 6120 641137.0
238 6282 635503.0
239 6356 629957.0
240 6254 624345.0
241 6383 618928.0
242 6447 613277.0
243 6584 607955.0
244 6367 602517.0
245 6024 597108.0
246 5900 591483.0
247 6081 586003.0
248 6225 580241.0
249 6417 574621.0
250 6396 569212.0
251 6267 563809.0
252 6249 558316.0
253 6167 553052.0
254 6034 547653.0
255 6120 542306.0
256 6145 537087.0
257 6025 531694.0
258 6266 526410.0
259 6291 521082.0
260 5958 516102.0
261 5825 510895.0
262 5822 505940.0
263 5756 500756.0
264 5772 495594.0
265 6139 490314.0
266 6304 484991.0
267 6041 479849.0
268 5779 474835.0
269 5611 469724.0
270 5839 464667.0
271 5893 459455.0
272 5879 454265.0
273 5736 449223.0
274 5675 444273.0
275 5678 439291.0
276 5676 434358.0
277 5609 429274.0
278 5649 424533.0
279 5422 419668.0
280 5442 414919.0
281 5410 409973.0
282 5490 405156.0
283 5348 400000.0
284 5411 395374.0
285 5361 390752.0
286 5349 385935.0
287 5492 381048.0
288 5534 376030.0
289 5861 371122.0
290 5696 366112.0
291 5610 361589.0
292 5456 357017.0
293 5379 352435.0
294 5283 347603.0
295 5550 342976.0
296 5622 338282.0
297 5520 333725.0
298 5365 329151.0
299 5289 324652.0
300 5213 320094.0
301 5451 315474.0
302 5633 310993.0
303 5436 306761.0
304 5133 302421.0
305 4926 298204.0
306 4772 293758.0
307 4951 289324.0
308 4953 284998.0
309 5085 280704.0
310 4963 276496.0
311 4797 272473.0
312 4563 268232.0
313 4714 263994.0
314 4715 259551.0
315 4788 255396.0
316 4752 251276.0
317 4726 247054.0
318 4708 243017.0
319 4544 238922.0
320 4593 234920.0
321 4564 230958.0
322 4398 227134.0
323 4322 223420.0
324 4271 219498.0
325 4287 215649.0
326 4435 211928.0
327 4270 208140.0
328 4109 204583.0
329 3926 201099.0
330 3873 197615.0
331 3841 193786.0
332 3849 190332.0
333 3727 186710.0
334 3830 183336.0
335 3805 179669.0
336 3932 176144.0
337 3795 172684.0
338 3682 169522.0
339 3536 166325.0
340 3428 163023.0
341 3349 159649.0
342 3401 156581.0
343 3369 153629.0
344 3179 150543.0
345 3127 147580.0
346 2976 144646.0
347 2991 141668.0
348 3141 138714.0
349 3165 135720.0
350 3169 132727.0
351 2983 129748.0
352 3044 126784.0
353 3003 123963.0
354 2959 121339.0
355 2811 118751.0
356 2796 116123.0
357 2721 113558.0
358 2747 110951.0
359 2718 108371.0
360 2651 105983.0
361 2560 103586.0
362 2457 101075.0
363 2491 98666.0
364 2398 96510.0
365 2336 94192.0
366 2301 92191.0
367 2243 89796.0
368 2227 87752.0
369 2188 85525.0
370 2228 83406.0
371 2143 81289.0
372 2137 79297.0
373 2098 77253.0
374 2150 75295.0
375 2142 73355.0
376 2128 71594.0
377 2052 69652.0
378 2014 67779.0
379 1938 65849.0
380 1854 64240.0
381 1793 62536.0
382 1766 60722.0
383 1728 59211.0
384 1667 57643.0
385 1634 56121.0
386 1578 54596.0
387 1537 53083.0
388 1561 51554.0
389 1613 50122.0
390 1574 48747.0
391 1500 47266.0
392 1431 45963.0
393 1418 44846.0
394 1356 43561.0
395 1332 42175.0
396 1262 40956.0
397 1146 39787.0
398 1014 38818.0
399 976 37832.0
400 976 37508.0
401 961 37296.0
402 872 37029.0
403 893 36785.0
404 866 36542.0
405 838 36325.0
406 853 36024.0
407 920 35806.0
408 834 35563.0
409 792 35364.0
410 791 35139.0
411 773 34928.0
412 725 34729.0
413 710 34553.0
414 677 34361.0
415 645 34209.0
416 602 34056.0
417 559 33905.0
418 545 33755.0
419 553 33599.0
420 557 33420.0
421 590 33265.0
422 583 33098.0
423 559 32952.0
424 545 32806.0
425 534 32644.0
426 549 32509.0
427 519 32362.0
428 479 32237.0
429 465 32124.0
430 469 31976.0
431 475 31858.0
432 424 31746.0
433 416 31631.0
434 430 31524.0
435 407 31393.0
436 377 31309.0
437 333 31217.0
438 329 31138.0
439 336 31021.0
440 370 30918.0
441 376 30798.0
442 372 30719.0
443 348 30611.0
444 338 30537.0
445 311 30447.0
446 308 30363.0
447 305 30279.0
448 292 30202.0
449 295 30123.0
450 281 30041.0
451 281 29964.0
452 296 29873.0
453 311 29777.0
454 322 29677.0
455 314 29604.0
456 281 29537.0
457 276 29451.0
458 329 29343.0
459 370 29211.0
460 402 29080.0
461 404 29005.0
462 342 28891.0
463 309 28839.0
464 267 28775.0
465 248 28708.0
466 243 28627.0
467 246 28572.0
468 203 28525.0
469 178 28483.0
470 173 28425.0
471 209 28353.0
472 252 28279.0
473 256 28201.0
474 251 28126.0
475 244 28063.0
476 227 28008.0
477 218 27954.0
478 203 27914.0
479 183 27857.0
480 212 27793.0
481 213 27733.0
482 201 27666.0
483 199 27626.0
484 181 27569.0
485 186 27515.0
486 199 27464.0
487 184 27411.0
488 174 27369.0
489 164 27319.0
490 161 27276.0
491 153 27238.0
492 147 27195.0
493 147 27169.0
494 134 27114.0
495 142 27090.0
496 135 27034.0
497 168 26990.0
498 188 26915.0
499 207 26871.0
500 198 26790.0
501 223 26741.0
502 209 26675.0
503 215 26624.0
504 219 26534.0
505 269 26466.0
506 258 26387.0
507 226 26346.0
508 184 26292.0
509 177 26260.0
510 145 26218.0
511 145 26193.0
512 130 26161.0
513 112 26133.0
514 108 26099.0
515 122 26066.0
516 135 26010.0
517 152 25984.0
518 128 25950.0
519 119 25920.0
520 135 25878.0
521 152 25813.0
522 165 25795.0
523 120 25763.0
524 87 25755.0
525 67 25737.0
526 64 25726.0
527 56 25712.0
528 54 25695.0
529 54 25683.0
530 51 25665.0
531 64 25648.0
532 56 25639.0
533 43 25632.0
534 32 25625.0
535 34 25614.0
536 36 25607.0
537 34 25593.0
538 43 25581.0
539 51 25558.0
540 70 25536.0
541 72 25521.0
542 53 25505.0
543 53 25495.0
544 43 25484.0
545 41 25470.0
546 45 25466.0
547 39 25439.0
548 56 25435.0
549 51 25405.0
550 55 25398.0
551 44 25381.0
552 46 25374.0
553 33 25370.0
554 23 25366.0
555 16 25364.0
556 16 25361.0
557 18 25350.0
558 27 25345.0
559 22 25338.0
560 16 25336.0
561 11 25334.0
562 14 25329.0
563 18 25322.0
564 23 25314.0
565 28 25302.0
566 41 25287.0
567 54 25266.0
568 53 25260.0
569 41 25240.0
570 55 25233.0
571 50 25211.0
572 53 25202.0
573 39 25196.0
574 31 25186.0
575 27 25178.0
576 39 25166.0
577 45 25149.0
578 51 25130.0
579 60 25114.0
580 51 25104.0
581 38 25095.0
582 36 25084.0
583 40 25069.0
584 43 25062.0
585 35 25047.0
586 36 25045.0
587 32 25023.0
588 50 25018.0
589 44 25007.0
590 34 24999.0
591 37 24988.0
592 41 24976.0
593 37 24969.0
594 29 24961.0
595 26 24958.0
596 23 24946.0
597 25 24940.0
598 35 24926.0
599 47 24908.0
600 45 24903.0
601 29 24896.0
602 25 24891.0
603 29 24881.0
604 27 24873.0
605 23 24870.0
606 24 24861.0
607 24 24857.0
608 20 24850.0
609 20 24846.0
610 24 24837.0
611 19 24837.0
612 11 24834.0
613 11 24833.0
614 9 24829.0
615 12 24826.0
616 14 24818.0
617 12 24818.0
618 6 24817.0
619 4 24816.0
620 3 24815.0
621 2 24814.0
622 4 24814.0
623 4 24810.0
624 8 24810.0
625 7 24804.0
626 10 24803.0
627 10 24796.0
628 15 24793.0
629 17 24782.0
630 17 24782.0
631 10 24779.0
632 9 24777.0
633 11 24773.0
634 13 24770.0
635 15 24760.0
636 25 24755.0
637 23 24745.0
638 19 24741.0
639 17 24735.0
640 15 24732.0
641 17 24729.0
642 18 24720.0
643 27 24711.0
644 36 24693.0
645 53 24676.0
646 59 24640.0
647 89 24626.0
648 81 24606.0
649 61 24590.0
650 48 24583.0
651 41 24571.0
652 38 24562.0
653 31 24551.0
654 36 24547.0
655 30 24532.0
656 26 24532.0
657 16 24527.0
658 13 24527.0
659 13 24520.0
660 19 24516.0
661 21 24504.0
662 18 24504.0
663 9 24504.0
664 5 24503.0
665 4 24502.0
666 5 24499.0
667 5 24498.0
668 3 24498.0
669 2 24497.0
670 2 24497.0
671 2 24495.0
672 4 24495.0
673 4 24491.0
674 8 24491.0
675 8 24483.0
676 16 24483.0
677 15 24468.0
678 15 24468.0
679 12 24459.0
680 19 24457.0
681 19 24448.0
682 20 24444.0
683 19 24435.0
684 20 24434.0
685 13 24432.0
686 9 24431.0
687 5 24430.0
688 6 24429.0
689 8 24425.0
690 12 24421.0
691 12 24417.0
692 9 24417.0
693 6 24414.0
694 8 24412.0
695 6 24412.0
696 3 24412.0
697 1 24412.0
698 0 24412.0
699 0 24412.0
700 0 24412.0
701 0 24412.0
702 0 24412.0
703 0 24412.0
704 0 24412.0
705 0 24412.0
706 0 24412.0
707 0 24412.0
708 0 24412.0
709 0 24412.0
710 0 24412.0
711 0 24412.0
712 0 24412.0
713 0 24412.0
714 0 24412.0
715 0 24412.0
716 0 24412.0
717 0 24412.0
718 0 24412.0
719 0 24412.0
720 0 24412.0
721 0 24412.0
722 0 24412.0
723 0 24412.0
724 0 24412.0
725 0 24412.0
726 0 24412.0
727 0 24412.0
728 0 24412.0
729 0 24412.0
730 0 24412.0
731 0 24412.0
732 0 24412.0
733 0 24412.0
734 0 24412.0
735 0 24412.0
736 0 24412.0
737 0 24412.0
738 0 24412.0
739 0 24412.0
740 0 24412.0
741 0 24412.0
742 0 24412.0
743 0 24412.0
744 0 24412.0
745 0 24412.0
746 0 24412.0
747 0 24412.0
748 0 24412.0
749 0 24412.0
750 0 24412.0
751 0 24412.0
752 0 24412.0
753 0 24412.0
754 0 24412.0
755 0 24412.0
756 0 24412.0
757 0 24412.0
758 0 24412.0
759 0 24412.0
760 0 24412.0
761 0 24412.0
762 0 24412.0
763 0 24412.0
764 0 24412.0
765 0 24412.0
766 0 24412.0
767 0 24412.0
768 0 24412.0
769 0 24412.0
770 0 24412.0
771 0 24412.0
772 0 24412.0
773 0 24412.0
774 0 24412.0
775 0 24412.0
776 0 24412.0
777 0 24412.0
778 0 24412.0
779 0 24412.0
780 0 24412.0
781 0 24412.0
782 0 24412.0
783 0 24412.0
784 0 24412.0
785 0 24412.0
786 0 24412.0
787 0 24412.0
788 0 24412.0
789 0 24412.0
790 0 24412.0
791 0 24412.0
792 0 24412.0
793 0 24412.0
794 0 24412.0
795 0 24412.0
796 0 24412.0
797 0 24412.0
798 0 24412.0
799 0 24412.0
800 0 24412.0
801 0 24412.0
802 0 24412.0
803 0 24412.0
804 0 24412.0
805 0 24412.0
806 0 24412.0
807 0 24412.0
808 0 24412.0
809 0 24412.0
810 0 24412.0
811 0 24412.0
812 0 24412.0
813 0 24412.0
814 0 24412.0
815 0 24412.0
816 0 24412.0
817 0 24412.0
818 0 24412.0
819 0 24412.0
820 0 24412.0
821 0 24412.0
822 0 24412.0
823 0 24412.0
824 0 24412.0
825 0 24412.0
826 0 24412.0
827 0 24412.0
828 0 24412.0
829 0 24412.0
830 0 24412.0
831 0 24412.0
832 0 24412.0
833 0 24412.0
834 0 24412.0
835 0 24412.0
836 0 24412.0
837 0 24412.0
838 0 24412.0
839 0 24412.0
840 0 24412.0
841 0 24412.0
842 0 24412.0
843 0 24412.0
844 0 24412.0
845 0 24412.0
846 0 24412.0
847 0 24412.0
848 0 24412.0
849 0 24412.0
850 0 24412.0
851 0 24412.0
852 0 24412.0
853 0 24412.0
854 0 24412.0
855 0 24412.0
856 0 24412.0
857 0 24412.0
858 0 24412.0
859 0 24412.0
860 0 24412.0
861 0 24412.0
862 0 24412.0
863 0 24412.0
864 0 24412.0
865 0 24412.0
866 0 24412.0
867 0 24412.0
868 0 24412.0
869 0 24412.0
870 0 24412.0
871 0 24412.0
872 0 24412.0
873 0 24412.0
874 0 24412.0
875 0 24412.0
876 0 24412.0
877 0 24412.0
878 0 24412.0
879 0 24412.0
880 0 24412.0
881 0 24412.0
882 0 24412.0
883 0 24412.0
884 0 24412.0
885 0 24412.0
886 0 24412.0
887 0 24412.0
888 0 24412.0
889 0 24412.0
890 0 24412.0
891 0 24412.0
892 0 24412.0
893 0 24412.0
894 0 24412.0
895 0 24412.0
896 0 24412.0
897 0 24412.0
898 0 24412.0
899 0 24412.0
900 0 24412.0
901 0 24412.0
902 0 24412.0
903 0 24412.0
904 0 24412.0
905 0 24412.0
906 0 24412.0
907 0 24412.0
908 0 24412.0
909 0 24412.0
910 0 24412.0
911 0 24412.0
912 0 24412.0
913 0 24412.0
914 0 24412.0
915 0 24412.0
916 0 24412.0
917 0 24412.0
918 0 24412.0
919 0 24412.0
920 0 24412.0
921 0 24412.0
922 0 24412.0
923 0 24412.0
924 0 24412.0
925 0 24412.0
926 0 24412.0
927 0 24412.0
928 0 24412.0
929 0 24412.0
930 0 24412.0
931 0 24412.0
932 0 24412.0
933 0 24412.0
934 0 24412.0
935 0 24412.0
936 0 24412.0
937 0 24412.0
938 0 24412.0
939 0 24412.0
940 0 24412.0
941 0 24412.0
942 0 24412.0
943 0 24412.0
944 0 24412.0
945 0 24412.0
946 0 24412.0
947 0 24412.0
948 0 24412.0
949 0 24412.0
950 0 24412.0
951 0 24412.0
952 0 24412.0
953 0 24412.0
954 0 24412.0
955 0 24412.0
956 0 24412.0
957 0 24412.0
958 0 24412.0
959 0 24412.0
960 0 24412.0
961 0 24412.0
962 0 24412.0
963 0 24412.0
964 0 24412.0
965 0 24412.0
966 0 24412.0
967 0 24412.0
968 0 24412.0
969 0 24412.0
970 0 24412.0
971 0 24412.0
972 0 24412.0
973 0 24412.0
974 0 24412.0
975 0 24412.0
976 0 24412.0
977 0 24412.0
978 0 24412.0
979 0 24412.0
980 0 24412.0
981 0 24412.0
982 0 24412.0
983 0 24412.0
984 0 24412.0
985 0 24412.0
986 0 24412.0
987 0 24412.0
988 0 24412.0
989 0 24412.0
990 0 24412.0
991 0 24412.0
992 0 24412.0
993 0 24412.0
994 0 24412.0
995 0 24412.0
996 0 24412.0
997 0 24412.0
998 0 24412.0
999 0 24412.0
1000 0 24412.0
