1 1 15119.0
2 2 20811.0
3 2 26280.0
4 4 31669.0
5 4 37118.0
6 8 42134.0
7 6 47236.0
8 5 52183.0
9 4 57302.0
10 6 62333.0
11 6 67341.0
12 12 72343.0
13 10 77520.0
14 11 82456.0
15 14 87476.0
16 17 92402.0
17 15 97424.0
18 17 102603.0
19 21 107683.0
20 23 112594.0
21 33 117516.0
22 43 122364.0
23 47 127250.0
24 47 132505.0
25 57 137522.0
26 65 142458.0
27 69 147316.0
28 76 152324.0
29 83 157287.0
30 81 162230.0
31 91 167136.0
32 103 172112.0
33 121 176970.0
34 126 181939.0
35 160 186956.0
36 155 191972.0
37 160 196912.0
38 179 201903.0
39 183 206785.0
40 182 211842.0
41 197 216784.0
42 207 221791.0
43 251 226787.0
44 286 231853.0
45 322 236596.0
46 303 241679.0
47 321 246532.0
48 354 251460.0
49 356 256405.0
50 394 261308.0
51 390 266214.0
52 428 271156.0
53 446 276006.0
54 460 280952.0
55 517 285894.0
56 519 290809.0
57 501 295634.0
58 531 300549.0
59 544 305307.0
60 595 310053.0
61 610 314969.0
62 594 319818.0
63 645 324390.0
64 681 329234.0
65 659 334058.0
66 691 338683.0
67 720 343529.0
68 762 348255.0
69 765 353197.0
70 763 357951.0
71 771 362793.0
72 830 367518.0
73 894 372259.0
74 962 377039.0
75 985 381462.0
76 990 386152.0
77 960 390932.0
78 1019 395632.0
79 1077 400274.0
80 1162 404823.0
81 1216 409520.0
82 1184 414217.0
83 1175 418935.0
84 1189 423659.0
85 1289 428044.0
86 1413 432576.0
87 1445 437119.0
88 1405 441639.0
89 1426 446252.0
90 1446 450728.0
91 1517 455235.0
92 1619 459845.0
93 1677 464237.0
94 1642 468601.0
95 1731 473261.0
96 1778 477730.0
97 1781 482196.0
98 1774 486840.0
99 1727 491527.0
100 1825 495997.0
101 1955 500500.0
102 2010 504787.0
103 2038 509050.0
104 2034 513555.0
105 2136 517878.0
106 2279 522267.0
107 2330 526582.0
108 2338 531041.0
109 2281 535530.0
110 2370 539902.0
111 2428 544050.0
112 2542 548297.0
113 2561 552884.0
114 2601 557244.0
115 2707 561509.0
116 2754 565828.0
117 2859 570035.0
118 2948 574409.0
119 2934 578361.0
120 3096 582469.0
121 3135 586549.0
122 3132 590671.0
123 3190 594716.0
124 3212 598805.0
125 3239 603090.0
126 3257 607284.0
127 3242 611379.0
128 3329 615278.0
129 3479 619414.0
130 3519 623397.0
131 3581 627501.0
132 3599 631679.0
133 3701 635805.0
134 3805 639625.0
135 4031 643590.0
136 4136 647173.0
137 4307 651169.0
138 4107 654944.0
139 4188 658878.0
140 4310 662513.0
141 4375 666428.0
142 4244 670185.0
143 4368 674214.0
144 4309 677957.0
145 4388 681696.0
146 4386 685301.0
147 4645 688960.0
148 4760 692667.0
149 4725 696150.0
150 4847 699988.0
151 4931 703728.0
152 5006 707363.0
153 5222 710634.0
154 5330 714387.0
155 5142 717944.0
156 5304 721354.0
157 5461 724807.0
158 5491 728329.0
159 5500 731776.0
160 5708 735423.0
161 5875 738561.0
162 6028 741707.0
163 5978 745046.0
164 5955 748340.0
165 5980 751873.0
166 6004 755210.0
167 6125 758758.0
168 6071 762218.0
169 6148 765421.0
170 6559 768644.0
171 6617 771741.0
172 6559 775119.0
173 6326 778500.0
174 6445 781754.0
175 6919 784817.0
176 7258 787624.0
177 7299 790606.0
178 7035 793812.0
179 7175 796937.0
180 7411 799873.0
181 7669 802815.0
182 7693 805744.0
183 7840 808769.0
184 7752 811762.0
185 7837 814394.0
186 8030 817313.0
187 8175 820038.0
188 8275 823060.0
189 8051 826033.0
190 8006 828804.0
191 8187 831508.0
192 8305 834466.0
193 8596 837029.0
194 8894 839732.0
195 8864 842149.0
196 8769 845020.0
197 8407 847589.0
198 8788 850099.0
199 9292 852593.0
200 9434 849905.0
201 9149 843029.0
202 8704 836946.0
203 8049 830904.0
204 7408 824743.0
205 7260 818748.0
206 7226 812790.0
207 7166 806460.0
208 7118 800532.0
209 6803 794477.0
210 6623 788887.0
211 6382 782985.0
212 6578 777186.0
213 6617 771347.0
214 6592 765403.0
215 6685 759462.0
216 6712 753447.0
217 6832 747468.0
218 6954 741542.0
219 6756 735866.0
220 6417 730162.0
221 6259 724505.0
222 6288 718733.0
223 6796 712923.0
224 6947 706913.0
225 6852 701042.0
226 6739 695189.0
227 6645 689426.0
228 6435 683979.0
229 6413 678104.0
230 6614 672312.0
231 6455 666836.0
232 6412 661051.0
233 6645 655676.0
234 6438 649895.0
235 6508 644275.0
236 6390 638666.0
237 6428 632995.0
238 6420 627323.0
239 6289 621627.0
240 6437 615944.0
241 6505 610319.0
242 6624 604771.0
243 6382 599322.0
244 6088 593831.0
245 5994 588456.0
246 6167 582811.0
247 6281 577306.0
248 6379 571830.0
249 6524 566254.0
250 6618 560711.0
251 6338 555458.0
252 6187 550285.0
253 6185 544981.0
254 6225 539703.0
255 6347 534076.0
256 6492 528781.0
257 6381 523593.0
258 6198 518220.0
259 6021 513394.0
260 5774 508220.0
261 5688 503061.0
262 5765 497889.0
263 6093 492645.0
264 6180 487354.0
265 5942 482165.0
266 5824 477112.0
267 5955 471961.0
268 5940 466838.0
269 5936 461939.0
270 6056 456873.0
271 6155 451823.0
272 6017 446804.0
273 6050 441724.0
274 5886 436860.0
275 5705 431875.0
276 5779 427073.0
277 5878 421970.0
278 6032 416807.0
279 5905 412012.0
280 5656 406818.0
281 5599 402278.0
282 5574 397405.0
283 5826 392409.0
284 6032 387389.0
285 5801 382450.0
286 5663 377710.0
287 5677 372864.0
288 5677 367950.0
289 5803 363547.0
290 5628 358685.0
291 5682 354074.0
292 5633 349402.0
293 5630 344772.0
294 5619 340291.0
295 5568 335609.0
296 5649 330952.0
297 5488 326527.0
298 5264 322081.0
299 5402 317584.0
300 5380 313069.0
301 5378 308502.0
302 5293 304110.0
303 5262 299543.0
304 5294 295383.0
305 5130 290933.0
306 5072 286628.0
307 5127 282293.0
308 5140 277932.0
309 5024 274006.0
310 4862 269738.0
311 4814 265511.0
312 4772 261515.0
313 4747 257485.0
314 4839 253379.0
315 4871 249344.0
316 4854 245339.0
317 4643 241440.0
318 4568 237599.0
319 4492 233731.0
320 4432 229870.0
321 4581 225873.0
322 4728 221855.0
323 4723 217969.0
324 4472 214036.0
325 4292 210517.0
326 4045 206914.0
327 4043 203391.0
328 3960 199790.0
329 3990 196221.0
330 4004 192692.0
331 3930 189253.0
332 3810 185660.0
333 3833 182293.0
334 3790 178757.0
335 3763 175474.0
336 3710 171981.0
337 3728 168441.0
338 3717 165347.0
339 3662 161999.0
340 3854 158753.0
341 3989 155363.0
342 4052 152149.0
343 3935 148872.0
344 3911 145970.0
345 3564 142703.0
346 3391 139858.0
347 3299 136924.0
348 3218 134136.0
349 3065 131407.0
350 3053 128533.0
351 3187 125798.0
352 3269 122824.0
353 3189 120125.0
354 2955 117380.0
355 2979 114827.0
356 2817 112122.0
357 2758 109610.0
358 2744 107063.0
359 2640 104700.0
360 2606 102347.0
361 2586 99976.0
362 2616 97701.0
363 2494 95525.0
364 2378 93302.0
365 2327 91117.0
366 2330 88788.0
367 2502 86502.0
368 2522 84316.0
369 2460 82308.0
370 2469 80268.0
371 2496 78003.0
372 2321 75968.0
373 2190 74120.0
374 2124 72249.0
375 1999 70336.0
376 1916 68716.0
377 1896 66756.0
378 2030 64721.0
379 2056 63052.0
380 1992 61433.0
381 1842 59894.0
382 1735 58293.0
383 1637 56827.0
384 1565 55432.0
385 1512 53874.0
386 1509 52555.0
387 1371 51219.0
388 1285 49781.0
389 1244 48528.0
390 1179 47048.0
391 1156 46044.0
392 1107 44783.0
393 1088 43794.0
394 1080 42488.0
395 1039 41308.0
396 1006 40180.0
397 983 38961.0
398 1004 37845.0
399 1008 36954.0
400 947 36709.0
401 899 36441.0
402 916 36185.0
403 926 35910.0
404 944 35629.0
405 898 35426.0
406 791 35218.0
407 709 35030.0
408 704 34847.0
409 638 34696.0
410 566 34561.0
411 526 34413.0
412 496 34280.0
413 510 34133.0
414 526 33965.0
415 547 33820.0
416 542 33649.0
417 514 33542.0
418 470 33395.0
419 505 33266.0
420 503 33118.0
421 473 32991.0
422 458 32881.0
423 420 32753.0
424 418 32649.0
425 408 32541.0
426 385 32431.0
427 375 32342.0
428 343 32237.0
429 336 32149.0
430 351 32040.0
431 371 31936.0
432 364 31813.0
433 367 31721.0
434 347 31630.0
435 312 31565.0
436 274 31482.0
437 261 31438.0
438 247 31355.0
439 269 31272.0
440 283 31199.0
441 274 31110.0
442 284 31026.0
443 333 30937.0
444 305 30841.0
445 260 30798.0
446 226 30734.0
447 220 30682.0
448 228 30599.0
449 224 30554.0
450 194 30495.0
451 207 30441.0
452 236 30347.0
453 278 30260.0
454 280 30191.0
455 251 30123.0
456 216 30060.0
457 227 30007.0
458 241 29921.0
459 266 29841.0
460 262 29764.0
461 267 29698.0
462 247 29632.0
463 239 29565.0
464 241 29496.0
465 250 29416.0
466 267 29330.0
467 288 29252.0
468 268 29181.0
469 248 29118.0
470 238 29063.0
471 204 29000.0
472 190 28962.0
473 164 28910.0
474 197 28857.0
475 201 28774.0
476 225 28727.0
477 209 28673.0
478 175 28632.0
479 161 28587.0
480 160 28541.0
481 172 28485.0
482 210 28403.0
483 256 28331.0
484 254 28287.0
485 208 28221.0
486 198 28182.0
487 173 28130.0
488 179 28069.0
489 172 28024.0
490 172 27990.0
491 161 27926.0
492 162 27898.0
493 143 27853.0
494 160 27794.0
495 195 27739.0
496 200 27678.0
497 192 27613.0
498 194 27574.0
499 177 27516.0
500 193 27471.0
501 187 27427.0
502 163 27385.0
503 151 27344.0
504 155 27306.0
505 141 27263.0
506 136 27220.0
507 130 27188.0
508 119 27155.0
509 114 27119.0
510 131 27081.0
511 137 27038.0
512 128 27016.0
513 102 26988.0
514 98 26969.0
515 94 26935.0
516 98 26909.0
517 106 26872.0
518 119 26849.0
519 110 26801.0
520 124 26777.0
521 124 26718.0
522 145 26693.0
523 131 26642.0
524 154 26596.0
525 166 26550.0
526 163 26492.0
527 183 26445.0
528 190 26370.0
529 181 26334.0
530 149 26293.0
531 146 26261.0
532 144 26218.0
533 134 26191.0
534 122 26149.0
535 138 26108.0
536 149 26056.0
537 151 26018.0
538 130 25992.0
539 98 25971.0
540 88 25954.0
541 85 25928.0
542 101 25894.0
543 104 25867.0
544 87 25843.0
545 85 25828.0
546 88 25790.0
547 95 25769.0
548 87 25745.0
549 85 25727.0
550 97 25681.0
551 127 25640.0
552 132 25597.0
553 122 25563.0
554 111 25545.0
555 89 25513.0
556 87 25508.0
557 63 25483.0
558 76 25466.0
559 78 25435.0
560 86 25417.0
561 81 25377.0
562 112 25353.0
563 106 25333.0
564 81 25310.0
565 75 25292.0
566 72 25274.0
567 66 25262.0
568 63 25238.0
569 77 25213.0
570 90 25181.0
571 89 25155.0
572 81 25131.0
573 85 25107.0
574 76 25088.0
575 74 25068.0
576 67 25050.0
577 53 25042.0
578 49 25023.0
579 52 25014.0
580 53 24989.0
581 71 24970.0
582 76 24940.0
583 80 24922.0
584 78 24892.0
585 82 24876.0
586 84 24845.0
587 80 24826.0
588 78 24794.0
589 100 24766.0
590 104 24738.0
591 88 24713.0
592 86 24694.0
593 72 24667.0
594 55 24663.0
595 42 24653.0
596 37 24641.0
597 40 24630.0
598 46 24614.0
599 57 24596.0
600 59 24577.0
601 58 24556.0
602 65 24542.0
603 71 24512.0
604 84 24495.0
605 66 24479.0
606 65 24462.0
607 60 24444.0
608 60 24432.0
609 47 24421.0
610 35 24412.0
611 36 24402.0
612 42 24387.0
613 44 24375.0
614 33 24367.0
615 25 24363.0
616 29 24354.0
617 33 24342.0
618 29 24340.0
619 21 24333.0
620 17 24328.0
621 22 24324.0
622 17 24319.0
623 14 24318.0
624 11 24313.0
625 14 24311.0
626 11 24309.0
627 6 24308.0
628 8 24307.0
629 8 24302.0
630 13 24299.0
631 16 24289.0
632 26 24283.0
633 21 24277.0
634 11 24277.0
635 7 24276.0
636 4 24276.0
637 3 24276.0
638 2 24275.0
639 3 24274.0
640 4 24272.0
641 6 24270.0
642 8 24266.0
643 7 24265.0
644 5 24262.0
645 7 24260.0
646 9 24255.0
647 14 24251.0
648 18 24241.0
649 28 24233.0
650 28 24221.0
651 33 24215.0
652 30 24204.0
653 27 24196.0
654 26 24189.0
655 28 24177.0
656 35 24167.0
657 33 24157.0
658 29 24152.0
659 24 24145.0
660 30 24136.0
661 29 24129.0
662 30 24119.0
663 23 24119.0
664 16 24113.0
665 15 24112.0
666 11 24106.0
667 16 24105.0
668 15 24093.0
669 15 24093.0
670 9 24090.0
671 10 24088.0
672 10 24082.0
673 11 24080.0
674 9 24079.0
675 6 24079.0
676 4 24077.0
677 3 24076.0
678 3 24076.0
679 4 24074.0
680 3 24073.0
681 2 24073.0
682 1 24072.0
683 1 24072.0
684 1 24071.0
685 2 24071.0
686 2 24069.0
687 4 24069.0
688 4 24065.0
689 8 24065.0
690 8 24057.0
691 16 24057.0
692 12 24054.0
693 8 24053.0
694 6 24052.0
695 5 24051.0
696 3 24050.0
697 2 24050.0
698 1 24050.0
699 1 24049.0
700 2 24049.0
701 2 24047.0
702 4 24047.0
703 4 24043.0
704 8 24043.0
705 7 24036.0
706 7 24036.0
707 7 24029.0
708 9 24029.0
709 7 24024.0
710 10 24024.0
711 9 24016.0
712 17 24015.0
713 14 24014.0
714 9 24011.0
715 6 24011.0
716 6 24008.0
717 10 24006.0
718 12 23998.0
719 20 23994.0
720 21 23984.0
721 26 23973.0
722 28 23960.0
723 30 23953.0
724 27 23948.0
725 22 23940.0
726 28 23932.0
727 31 23919.0
728 37 23915.0
729 29 23904.0
730 25 23903.0
731 17 23898.0
732 16 23895.0
733 16 23888.0
734 23 23882.0
735 24 23874.0
736 19 23867.0
737 17 23865.0
738 19 23857.0
739 26 23849.0
740 34 23831.0
741 37 23824.0
742 27 23823.0
743 19 23818.0
744 17 23812.0
745 22 23806.0
746 28 23793.0
747 30 23789.0
748 25 23776.0
749 26 23775.0
750 17 23767.0
751 11 23767.0
752 6 23767.0
753 4 23767.0
754 2 23767.0
755 1 23767.0
756 1 23766.0
757 2 23766.0
758 2 23764.0
759 4 23764.0
760 4 23760.0
761 8 23760.0
762 6 23757.0
763 5 23756.0
764 4 23755.0
765 4 23754.0
766 5 23751.0
767 8 23749.0
768 6 23749.0
769 4 23746.0
770 7 23745.0
771 8 23739.0
772 14 23737.0
773 16 23725.0
774 28 23721.0
775 29 23702.0
776 41 23700.0
777 32 23691.0
778 29 23685.0
779 23 23681.0
780 18 23675.0
781 22 23670.0
782 24 23664.0
783 23 23657.0
784 28 23645.0
785 38 23635.0
786 40 23619.0
787 41 23614.0
788 30 23604.0
789 35 23595.0
790 42 23579.0
791 36 23575.0
792 21 23573.0
793 11 23573.0
794 6 23572.0
795 5 23572.0
796 3 23571.0
797 3 23571.0
798 2 23569.0
799 2 23569.0
800 1 23568.0
801 2 23568.0
802 2 23566.0
803 4 23566.0
804 4 23562.0
805 8 23562.0
806 8 23554.0
807 16 23554.0
808 16 23538.0
809 32 23538.0
810 24 23537.0
811 17 23527.0
812 18 23526.0
813 17 23517.0
814 21 23511.0
815 23 23501.0
816 32 23489.0
817 42 23472.0
818 38 23470.0
819 32 23450.0
820 46 23445.0
821 41 23422.0
822 49 23415.0
823 52 23384.0
824 51 23380.0
825 39 23361.0
826 38 23357.0
827 27 23351.0
828 20 23348.0
829 15 23344.0
830 17 23341.0
831 18 23335.0
832 22 23323.0
833 34 23313.0
834 44 23289.0
835 54 23282.0
836 41 23265.0
837 45 23255.0
838 46 23245.0
839 41 23228.0
840 43 23216.0
841 44 23202.0
842 44 23188.0
843 48 23179.0
844 43 23162.0
845 51 23145.0
846 51 23137.0
847 35 23135.0
848 20 23134.0
849 13 23132.0
850 11 23129.0
851 12 23127.0
852 11 23119.0
853 17 23118.0
854 19 23103.0
855 34 23099.0
856 33 23078.0
857 36 23074.0
858 30 23059.0
859 42 23050.0
860 53 23019.0
861 83 22999.0
862 81 22973.0
863 70 22963.0
864 63 22941.0
865 58 22929.0
866 47 22916.0
867 43 22914.0
868 34 22899.0
869 38 22895.0
870 39 22872.0
871 50 22867.0
872 44 22841.0
873 49 22840.0
874 38 22816.0
875 55 22811.0
876 62 22769.0
877 74 22760.0
878 64 22732.0
879 74 22715.0
880 74 22691.0
881 76 22671.0
882 71 22659.0
883 59 22636.0
884 55 22630.0
885 43 22615.0
886 40 22612.0
887 34 22596.0
888 47 22590.0
889 44 22578.0
890 33 22573.0
891 23 22568.0
892 14 22568.0
893 10 22566.0
894 8 22565.0
895 7 22559.0
896 13 22559.0
897 11 22550.0
898 10 22550.0
899 6 22548.0
900 5 22548.0
901 5 22546.0
902 7 22543.0
903 10 22539.0
904 14 22533.0
905 20 22525.0
906 28 22513.0
907 32 22511.0
908 24 22497.0
909 34 22492.0
910 34 22475.0
911 33 22473.0
912 26 22457.0
913 34 22452.0
914 28 22440.0
915 37 22431.0
916 36 22426.0
917 29 22412.0
918 32 22407.0
919 23 22400.0
920 22 22399.0
921 18 22390.0
922 24 22387.0
923 24 22369.0
924 43 22366.0
925 33 22366.0
926 16 22366.0
927 8 22366.0
928 4 22366.0
929 2 22366.0
930 1 22366.0
931 0 22366.0
932 0 22366.0
933 0 22366.0
934 0 22366.0
935 0 22366.0
936 0 22366.0
937 0 22366.0
938 0 22366.0
939 0 22366.0
940 0 22366.0
941 0 22366.0
942 0 22366.0
943 0 22366.0
944 0 22366.0
945 0 22366.0
946 0 22366.0
947 0 22366.0
948 0 22366.0
949 0 22366.0
950 0 22366.0
951 0 22366.0
952 0 22366.0
953 0 22366.0
954 0 22366.0
955 0 22366.0
956 0 22366.0
957 0 22366.0
958 0 22366.0
959 0 22366.0
960 0 22366.0
961 0 22366.0
962 0 22366.0
963 0 22366.0
964 0 22366.0
965 0 22366.0
966 0 22366.0
967 0 22366.0
968 0 22366.0
969 0 22366.0
970 0 22366.0
971 0 22366.0
972 0 22366.0
973 0 22366.0
974 0 22366.0
975 0 22366.0
976 0 22366.0
977 0 22366.0
978 0 22366.0
979 0 22366.0
980 0 22366.0
981 0 22366.0
982 0 22366.0
983 0 22366.0
984 0 22366.0
985 0 22366.0
986 0 22366.0
987 0 22366.0
988 0 22366.0
989 0 22366.0
990 0 22366.0
991 0 22366.0
992 0 22366.0
993 0 22366.0
994 0 22366.0
995 0 22366.0
996 0 22366.0
997 0 22366.0
998 0 22366.0
999 0 22366.0
1000 0 22366.0
