1 1 15013.0
2 1 20697.0
3 1 26265.0
4 2 31398.0
5 2 36547.0
6 2 41741.0
7 2 47003.0
8 4 52057.0
9 4 57256.0
10 8 62318.0
11 8 67344.0
12 16 72379.0
13 12 77665.0
14 19 82723.0
15 17 87888.0
16 15 92838.0
17 24 97825.0
18 27 102837.0
19 45 107693.0
20 37 112720.0
21 40 117901.0
22 42 122809.0
23 49 127658.0
24 63 132824.0
25 78 137765.0
26 93 142742.0
27 96 147710.0
28 109 152801.0
29 118 157700.0
30 143 162694.0
31 136 167800.0
32 165 172691.0
33 170 177599.0
34 204 182428.0
35 203 187274.0
36 215 192337.0
37 232 197302.0
38 236 202062.0
39 263 207047.0
40 285 212166.0
41 291 217008.0
42 295 222002.0
43 316 226813.0
44 338 231595.0
45 360 236441.0
46 386 241326.0
47 392 246205.0
48 413 251290.0
49 413 256134.0
50 428 261127.0
51 475 266025.0
52 481 271059.0
53 502 275971.0
54 529 281035.0
55 546 285747.0
56 557 290678.0
57 565 295725.0
58 643 300281.0
59 652 305017.0
60 709 309816.0
61 706 314738.0
62 690 319627.0
63 724 324402.0
64 760 329024.0
65 816 333715.0
66 868 338487.0
67 871 343191.0
68 888 347905.0
69 913 352934.0
70 921 357607.0
71 992 362277.0
72 1003 366870.0
73 1033 371610.0
74 1025 376459.0
75 1066 381267.0
76 1067 385860.0
77 1179 390546.0
78 1244 395219.0
79 1229 400090.0
80 1240 404964.0
81 1269 409380.0
82 1343 414017.0
83 1356 418809.0
84 1399 423597.0
85 1449 428315.0
86 1520 432807.0
87 1521 437599.0
88 1545 442367.0
89 1650 446904.0
90 1657 451527.0
91 1715 455990.0
92 1820 460425.0
93 1815 464914.0
94 1801 469595.0
95 1868 473990.0
96 2057 478287.0
97 2169 482743.0
98 2201 487214.0
99 2181 491559.0
100 2107 496134.0
101 2095 500572.0
102 2191 504787.0
103 2337 509197.0
104 2444 513709.0
105 2402 517848.0
106 2469 522123.0
107 2414 526565.0
108 2539 531054.0
109 2594 535329.0
110 2593 539727.0
111 2682 543962.0
112 2686 548358.0
113 2636 552653.0
114 2620 556872.0
115 2784 561151.0
116 2805 565402.0
117 2988 569567.0
118 3178 573837.0
119 3272 577763.0
120 3274 582053.0
121 3237 586128.0
122 3313 590459.0
123 3313 594565.0
124 3425 598585.0
125 3558 602602.0
126 3485 606641.0
127 3563 610621.0
128 3683 614656.0
129 3672 618503.0
130 3673 622388.0
131 3760 626442.0
132 3963 630163.0
133 4122 634209.0
134 4178 638160.0
135 4251 641937.0
136 4222 646028.0
137 4311 649598.0
138 4394 653427.0
139 4393 657222.0
140 4522 660910.0
141 4695 664501.0
142 4708 668228.0
143 4768 671944.0
144 4780 675577.0
145 4748 679502.0
146 4833 683002.0
147 4969 686613.0
148 4991 690416.0
149 4829 694239.0
150 4868 698042.0
151 4976 701657.0
152 5086 705269.0
153 5156 708816.0
154 5364 712329.0
155 5423 715802.0
156 5273 719395.0
157 5267 723000.0
158 5382 726285.0
159 5670 729452.0
160 5822 732817.0
161 5963 736308.0
162 6023 739529.0
163 6161 742999.0
164 6104 746282.0
165 6329 749735.0
166 6414 752944.0
167 6451 756301.0
168 6409 759390.0
169 6701 762540.0
170 6978 765641.0
171 6991 768774.0
172 6981 771961.0
173 7074 775129.0
174 7076 778149.0
175 7058 781165.0
176 7161 784134.0
177 7260 787236.0
178 7244 790228.0
179 7205 793246.0
180 7592 796019.0
181 7973 798807.0
182 7981 801511.0
183 8030 804467.0
184 7985 807510.0
185 7767 810351.0
186 8005 813076.0
187 8425 815759.0
188 8680 818461.0
189 8884 820963.0
190 8847 823791.0
191 8672 826347.0
192 8782 828863.0
193 8832 831304.0
194 8881 833991.0
195 9003 836835.0
196 8993 839272.0
197 9199 841791.0
198 9212 844195.0
199 9609 846686.0
200 9621 843937.0
201 8868 837365.0
202 8206 831265.0
203 7709 825349.0
204 7448 818889.0
205 7784 812783.0
206 7864 806563.0
207 7673 800801.0
208 7076 794862.0
209 6727 789092.0
210 6596 783139.0
211 6765 777289.0
212 6875 771169.0
213 7304 764874.0
214 7208 759014.0
215 6780 753098.0
216 6745 747479.0
217 6644 741482.0
218 6693 735752.0
219 6845 729548.0
220 7025 723608.0
221 6777 717676.0
222 6855 711673.0
223 7062 705787.0
224 7099 700107.0
225 6841 694313.0
226 6735 688495.0
227 6717 682968.0
228 6651 677164.0
229 6795 671418.0
230 6739 665662.0
231 6787 660022.0
232 6762 654041.0
233 7053 648426.0
234 7025 642668.0
235 6790 636990.0
236 6594 631601.0
237 6486 626121.0
238 6611 620549.0
239 6572 615026.0
240 6493 609521.0
241 6641 603823.0
242 6594 598383.0
243 6414 592490.0
244 6734 586823.0
245 6963 581220.0
246 6810 575963.0
247 6428 570506.0
248 6194 565010.0
249 6077 559788.0
250 6105 554443.0
251 6231 548759.0
252 6743 543033.0
253 6829 537571.0
254 6608 532290.0
255 6456 527133.0
256 6421 521609.0
257 6488 516258.0
258 6284 510871.0
259 6238 505736.0
260 6314 500454.0
261 6437 495141.0
262 6389 489996.0
263 6162 484814.0
264 6298 479693.0
265 6247 474362.0
266 6347 469450.0
267 6274 464252.0
268 6236 459205.0
269 6186 454094.0
270 6140 449017.0
271 5943 444046.0
272 5805 439153.0
273 5678 434058.0
274 5787 429205.0
275 5825 424208.0
276 5919 419441.0
277 5835 414265.0
278 6004 409244.0
279 6037 404480.0
280 5943 399546.0
281 5801 394712.0
282 5782 389942.0
283 5945 385190.0
284 6068 380338.0
285 6093 375407.0
286 5873 370781.0
287 5668 366090.0
288 5467 361593.0
289 5392 356989.0
290 5616 352165.0
291 5731 347579.0
292 5467 343024.0
293 5412 338648.0
294 5249 334047.0
295 5219 329589.0
296 5310 325153.0
297 5431 320663.0
298 5616 316215.0
299 5705 311523.0
300 5709 306997.0
301 5491 302638.0
302 5389 298220.0
303 5231 294112.0
304 5227 289656.0
305 5526 285478.0
306 5263 281103.0
307 5277 276904.0
308 5140 272704.0
309 5014 268807.0
310 4841 264670.0
311 4767 260699.0
312 4831 256672.0
313 4787 252594.0
314 4798 248695.0
315 4745 244829.0
316 4599 241073.0
317 4510 237080.0
318 4638 233115.0
319 4816 229113.0
320 4723 225331.0
321 4612 221438.0
322 4575 217760.0
323 4546 213920.0
324 4651 210262.0
325 4682 206427.0
326 4653 202577.0
327 4507 198750.0
328 4418 195070.0
329 4457 191534.0
330 4429 187751.0
331 4456 184260.0
332 4307 180722.0
333 4203 177092.0
334 4211 173471.0
335 4268 170081.0
336 4232 166649.0
337 4087 163332.0
338 3951 160153.0
339 3777 156915.0
340 3707 153784.0
341 3687 150773.0
342 3663 147684.0
343 3584 144644.0
344 3474 141695.0
345 3511 138549.0
346 3539 135642.0
347 3493 132684.0
348 3356 129913.0
349 3211 127106.0
350 3132 124426.0
351 3197 121627.0
352 3288 118984.0
353 3264 116253.0
354 3228 113689.0
355 3144 111034.0
356 3200 108301.0
357 3212 105675.0
358 3170 103218.0
359 2970 100896.0
360 2709 98562.0
361 2648 96155.0
362 2746 93749.0
363 2963 91529.0
364 2895 89151.0
365 2699 87002.0
366 2419 84942.0
367 2216 82899.0
368 2274 80838.0
369 2322 78927.0
370 2266 76826.0
371 2262 74835.0
372 2354 72634.0
373 2361 70595.0
374 2297 68691.0
375 2195 67053.0
376 2072 65410.0
377 2001 63638.0
378 1895 61897.0
379 1914 60275.0
380 1909 58614.0
381 1925 56949.0
382 1913 55370.0
383 1820 53782.0
384 1719 52446.0
385 1547 50967.0
386 1516 49564.0
387 1477 48195.0
388 1430 46852.0
389 1389 45750.0
390 1311 44547.0
391 1257 43270.0
392 1257 42107.0
393 1203 40928.0
394 1187 39842.0
395 1147 38821.0
396 1158 37832.0
397 1131 36942.0
398 1075 35969.0
399 992 34952.0
400 953 34709.0
401 866 34480.0
402 824 34246.0
403 807 34021.0
404 782 33799.0
405 786 33563.0
406 811 33327.0
407 813 33103.0
408 782 32886.0
409 797 32669.0
410 772 32441.0
411 796 32196.0
412 793 32008.0
413 756 31774.0
414 730 31616.0
415 656 31427.0
416 645 31262.0
417 625 31084.0
418 594 30936.0
419 577 30754.0
420 579 30608.0
421 509 30508.0
422 458 30378.0
423 450 30258.0
424 429 30174.0
425 373 30063.0
426 354 29974.0
427 364 29863.0
428 352 29758.0
429 343 29681.0
430 309 29601.0
431 259 29558.0
432 211 29504.0
433 205 29440.0
434 219 29374.0
435 234 29310.0
436 219 29247.0
437 202 29187.0
438 199 29141.0
439 194 29085.0
440 209 29021.0
441 203 28960.0
442 192 28902.0
443 180 28861.0
444 175 28808.0
445 182 28754.0
446 179 28710.0
447 189 28647.0
448 202 28589.0
449 193 28547.0
450 159 28528.0
451 127 28496.0
452 116 28473.0
453 98 28439.0
454 99 28418.0
455 82 28397.0
456 66 28387.0
457 55 28374.0
458 53 28354.0
459 61 28335.0
460 69 28308.0
461 90 28282.0
462 110 28225.0
463 158 28183.0
464 155 28132.0
465 136 28101.0
466 133 28066.0
467 116 28040.0
468 100 28020.0
469 74 28003.0
470 63 27989.0
471 64 27973.0
472 66 27957.0
473 62 27934.0
474 79 27911.0
475 86 27884.0
476 83 27853.0
477 93 27829.0
478 81 27816.0
479 67 27799.0
480 59 27782.0
481 73 27761.0
482 86 27715.0
483 121 27692.0
484 113 27645.0
485 127 27614.0
486 116 27581.0
487 105 27554.0
488 104 27532.0
489 84 27515.0
490 84 27488.0
491 86 27453.0
492 105 27429.0
493 90 27414.0
494 66 27406.0
495 48 27391.0
496 49 27380.0
497 34 27378.0
498 22 27375.0
499 13 27375.0
500 10 27371.0
501 14 27368.0
502 18 27358.0
503 28 27350.0
504 29 27341.0
505 27 27333.0
506 24 27328.0
507 27 27316.0
508 38 27303.0
509 37 27298.0
510 24 27295.0
511 16 27294.0
512 9 27292.0
513 7 27290.0
514 10 27287.0
515 13 27280.0
516 20 27274.0
517 20 27267.0
518 17 27267.0
519 11 27262.0
520 13 27262.0
521 12 27251.0
522 23 27250.0
523 21 27232.0
524 25 27231.0
525 24 27211.0
526 41 27209.0
527 38 27182.0
528 45 27181.0
529 34 27158.0
530 51 27151.0
531 46 27138.0
532 41 27134.0
533 31 27129.0
534 17 27129.0
535 11 27129.0
536 6 27129.0
537 3 27129.0
538 1 27129.0
539 0 27129.0
540 0 27129.0
541 0 27129.0
542 0 27129.0
543 0 27129.0
544 0 27129.0
545 0 27129.0
546 0 27129.0
547 0 27129.0
548 0 27129.0
549 0 27129.0
550 0 27129.0
551 0 27129.0
552 0 27129.0
553 0 27129.0
554 0 27129.0
555 0 27129.0
556 0 27129.0
557 0 27129.0
558 0 27129.0
559 0 27129.0
560 0 27129.0
561 0 27129.0
562 0 27129.0
563 0 27129.0
564 0 27129.0
565 0 27129.0
566 0 27129.0
567 0 27129.0
568 0 27129.0
569 0 27129.0
570 0 27129.0
571 0 27129.0
572 0 27129.0
573 0 27129.0
574 0 27129.0
575 0 27129.0
576 0 27129.0
577 0 27129.0
578 0 27129.0
579 0 27129.0
580 0 27129.0
581 0 27129.0
582 0 27129.0
583 0 27129.0
584 0 27129.0
585 0 27129.0
586 0 27129.0
587 0 27129.0
588 0 27129.0
589 0 27129.0
590 0 27129.0
591 0 27129.0
592 0 27129.0
593 0 27129.0
594 0 27129.0
595 0 27129.0
596 0 27129.0
597 0 27129.0
598 0 27129.0
599 0 27129.0
600 0 27129.0
601 0 27129.0
602 0 27129.0
603 0 27129.0
604 0 27129.0
605 0 27129.0
606 0 27129.0
607 0 27129.0
608 0 27129.0
609 0 27129.0
610 0 27129.0
611 0 27129.0
612 0 27129.0
613 0 27129.0
614 0 27129.0
615 0 27129.0
616 0 27129.0
617 0 27129.0
618 0 27129.0
619 0 27129.0
620 0 27129.0
621 0 27129.0
622 0 27129.0
623 0 27129.0
624 0 27129.0
625 0 27129.0
626 0 27129.0
627 0 27129.0
628 0 27129.0
629 0 27129.0
630 0 27129.0
631 0 27129.0
632 0 27129.0
633 0 27129.0
634 0 27129.0
635 0 27129.0
636 0 27129.0
637 0 27129.0
638 0 27129.0
639 0 27129.0
640 0 27129.0
641 0 27129.0
642 0 27129.0
643 0 27129.0
644 0 27129.0
645 0 27129.0
646 0 27129.0
647 0 27129.0
648 0 27129.0
649 0 27129.0
650 0 27129.0
651 0 27129.0
652 0 27129.0
653 0 27129.0
654 0 27129.0
655 0 27129.0
656 0 27129.0
657 0 27129.0
658 0 27129.0
659 0 27129.0
660 0 27129.0
661 0 27129.0
662 0 27129.0
663 0 27129.0
664 0 27129.0
665 0 27129.0
666 0 27129.0
667 0 27129.0
668 0 27129.0
669 0 27129.0
670 0 27129.0
671 0 27129.0
672 0 27129.0
673 0 27129.0
674 0 27129.0
675 0 27129.0
676 0 27129.0
677 0 27129.0
678 0 27129.0
679 0 27129.0
680 0 27129.0
681 0 27129.0
682 0 27129.0
683 0 27129.0
684 0 27129.0
685 0 27129.0
686 0 27129.0
687 0 27129.0
688 0 27129.0
689 0 27129.0
690 0 27129.0
691 0 27129.0
692 0 27129.0
693 0 27129.0
694 0 27129.0
695 0 27129.0
696 0 27129.0
697 0 27129.0
698 0 27129.0
699 0 27129.0
700 0 27129.0
701 0 27129.0
702 0 27129.0
703 0 27129.0
704 0 27129.0
705 0 27129.0
706 0 27129.0
707 0 27129.0
708 0 27129.0
709 0 27129.0
710 0 27129.0
711 0 27129.0
712 0 27129.0
713 0 27129.0
714 0 27129.0
715 0 27129.0
716 0 27129.0
717 0 27129.0
718 0 27129.0
719 0 27129.0
720 0 27129.0
721 0 27129.0
722 0 27129.0
723 0 27129.0
724 0 27129.0
725 0 27129.0
726 0 27129.0
727 0 27129.0
728 0 27129.0
729 0 27129.0
730 0 27129.0
731 0 27129.0
732 0 27129.0
733 0 27129.0
734 0 27129.0
735 0 27129.0
736 0 27129.0
737 0 27129.0
738 0 27129.0
739 0 27129.0
740 0 27129.0
741 0 27129.0
742 0 27129.0
743 0 27129.0
744 0 27129.0
745 0 27129.0
746 0 27129.0
747 0 27129.0
748 0 27129.0
749 0 27129.0
750 0 27129.0
751 0 27129.0
752 0 27129.0
753 0 27129.0
754 0 27129.0
755 0 27129.0
756 0 27129.0
757 0 27129.0
758 0 27129.0
759 0 27129.0
760 0 27129.0
761 0 27129.0
762 0 27129.0
763 0 27129.0
764 0 27129.0
765 0 27129.0
766 0 27129.0
767 0 27129.0
768 0 27129.0
769 0 27129.0
770 0 27129.0
771 0 27129.0
772 0 27129.0
773 0 27129.0
774 0 27129.0
775 0 27129.0
776 0 27129.0
777 0 27129.0
778 0 27129.0
779 0 27129.0
780 0 27129.0
781 0 27129.0
782 0 27129.0
783 0 27129.0
784 0 27129.0
785 0 27129.0
786 0 27129.0
787 0 27129.0
788 0 27129.0
789 0 27129.0
790 0 27129.0
791 0 27129.0
792 0 27129.0
793 0 27129.0
794 0 27129.0
795 0 27129.0
796 0 27129.0
797 0 27129.0
798 0 27129.0
799 0 27129.0
800 0 27129.0
801 0 27129.0
802 0 27129.0
803 0 27129.0
804 0 27129.0
805 0 27129.0
806 0 27129.0
807 0 27129.0
808 0 27129.0
809 0 27129.0
810 0 27129.0
811 0 27129.0
812 0 27129.0
813 0 27129.0
814 0 27129.0
815 0 27129.0
816 0 27129.0
817 0 27129.0
818 0 27129.0
819 0 27129.0
820 0 27129.0
821 0 27129.0
822 0 27129.0
823 0 27129.0
824 0 27129.0
825 0 27129.0
826 0 27129.0
827 0 27129.0
828 0 27129.0
829 0 27129.0
830 0 27129.0
831 0 27129.0
832 0 27129.0
833 0 27129.0
834 0 27129.0
835 0 27129.0
836 0 27129.0
837 0 27129.0
838 0 27129.0
839 0 27129.0
840 0 27129.0
841 0 27129.0
842 0 27129.0
843 0 27129.0
844 0 27129.0
845 0 27129.0
846 0 27129.0
847 0 27129.0
848 0 27129.0
849 0 27129.0
850 0 27129.0
851 0 27129.0
852 0 27129.0
853 0 27129.0
854 0 27129.0
855 0 27129.0
856 0 27129.0
857 0 27129.0
858 0 27129.0
859 0 27129.0
860 0 27129.0
861 0 27129.0
862 0 27129.0
863 0 27129.0
864 0 27129.0
865 0 27129.0
866 0 27129.0
867 0 27129.0
868 0 27129.0
869 0 27129.0
870 0 27129.0
871 0 27129.0
872 0 27129.0
873 0 27129.0
874 0 27129.0
875 0 27129.0
876 0 27129.0
877 0 27129.0
878 0 27129.0
879 0 27129.0
880 0 27129.0
881 0 27129.0
882 0 27129.0
883 0 27129.0
884 0 27129.0
885 0 27129.0
886 0 27129.0
887 0 27129.0
888 0 27129.0
889 0 27129.0
890 0 27129.0
891 0 27129.0
892 0 27129.0
893 0 27129.0
894 0 27129.0
895 0 27129.0
896 0 27129.0
897 0 27129.0
898 0 27129.0
899 0 27129.0
900 0 27129.0
901 0 27129.0
902 0 27129.0
903 0 27129.0
904 0 27129.0
905 0 27129.0
906 0 27129.0
907 0 27129.0
908 0 27129.0
909 0 27129.0
910 0 27129.0
911 0 27129.0
912 0 27129.0
913 0 27129.0
914 0 27129.0
915 0 27129.0
916 0 27129.0
917 0 27129.0
918 0 27129.0
919 0 27129.0
920 0 27129.0
921 0 27129.0
922 0 27129.0
923 0 27129.0
924 0 27129.0
925 0 27129.0
926 0 27129.0
927 0 27129.0
928 0 27129.0
929 0 27129.0
930 0 27129.0
931 0 27129.0
932 0 27129.0
933 0 27129.0
934 0 27129.0
935 0 27129.0
936 0 27129.0
937 0 27129.0
938 0 27129.0
939 0 27129.0
940 0 27129.0
941 0 27129.0
942 0 27129.0
943 0 27129.0
944 0 27129.0
945 0 27129.0
946 0 27129.0
947 0 27129.0
948 0 27129.0
949 0 27129.0
950 0 27129.0
951 0 27129.0
952 0 27129.0
953 0 27129.0
954 0 27129.0
955 0 27129.0
956 0 27129.0
957 0 27129.0
958 0 27129.0
959 0 27129.0
960 0 27129.0
961 0 27129.0
962 0 27129.0
963 0 27129.0
964 0 27129.0
965 0 27129.0
966 0 27129.0
967 0 27129.0
968 0 27129.0
969 0 27129.0
970 0 27129.0
971 0 27129.0
972 0 27129.0
973 0 27129.0
974 0 27129.0
975 0 27129.0
976 0 27129.0
977 0 27129.0
978 0 27129.0
979 0 27129.0
980 0 27129.0
981 0 27129.0
982 0 27129.0
983 0 27129.0
984 0 27129.0
985 0 27129.0
986 0 27129.0
987 0 27129.0
988 0 27129.0
989 0 27129.0
990 0 27129.0
991 0 27129.0
992 0 27129.0
993 0 27129.0
994 0 27129.0
995 0 27129.0
996 0 27129.0
997 0 27129.0
998 0 27129.0
999 0 27129.0
1000 0 27129.0
