1 1 15059.0
2 2 20526.0
3 1 25970.0
4 1 31246.0
5 1 36626.0
6 2 41963.0
7 2 46951.0
8 4 52129.0
9 4 57206.0
10 8 62389.0
11 6 67621.0
12 5 72665.0
13 7 77899.0
14 8 82704.0
15 7 87625.0
16 12 92632.0
17 10 97548.0
18 17 102484.0
19 16 107304.0
20 21 112229.0
21 25 117146.0
22 27 122202.0
23 34 127189.0
24 33 132343.0
25 33 137229.0
26 41 142233.0
27 38 147007.0
28 41 152011.0
29 52 157140.0
30 72 162189.0
31 73 167132.0
32 105 172160.0
33 107 177157.0
34 145 182095.0
35 147 186916.0
36 147 191840.0
37 163 196816.0
38 165 201580.0
39 181 206750.0
40 213 211875.0
41 203 216788.0
42 223 221884.0
43 243 226896.0
44 268 231801.0
45 294 236714.0
46 292 241539.0
47 310 246423.0
48 313 251439.0
49 384 256411.0
50 399 261454.0
51 393 266405.0
52 411 271456.0
53 437 276228.0
54 470 281251.0
55 471 286016.0
56 490 290803.0
57 549 295528.0
58 589 300276.0
59 622 304844.0
60 617 309880.0
61 610 314774.0
62 643 319740.0
63 657 324516.0
64 707 329435.0
65 690 334415.0
66 731 339243.0
67 785 343853.0
68 809 348755.0
69 851 353631.0
70 848 358490.0
71 848 363199.0
72 902 367943.0
73 940 372729.0
74 941 377399.0
75 990 382147.0
76 1046 387043.0
77 1094 391721.0
78 1089 396343.0
79 1143 401092.0
80 1205 405720.0
81 1305 410490.0
82 1253 415091.0
83 1271 419843.0
84 1314 424652.0
85 1442 429231.0
86 1441 433981.0
87 1431 438555.0
88 1443 443163.0
89 1502 447656.0
90 1542 452290.0
91 1568 456700.0
92 1630 461302.0
93 1659 465981.0
94 1667 470475.0
95 1665 475159.0
96 1671 479387.0
97 1735 483905.0
98 1769 488496.0
99 1796 493101.0
100 1918 497559.0
101 2035 501778.0
102 2115 506116.0
103 2068 510524.0
104 2118 514940.0
105 2127 519150.0
106 2304 523392.0
107 2270 527754.0
108 2328 532423.0
109 2214 536751.0
110 2291 541054.0
111 2476 545324.0
112 2704 549655.0
113 2663 553792.0
114 2582 558194.0
115 2567 562365.0
116 2700 566568.0
117 2796 570850.0
118 2803 575018.0
119 2944 579347.0
120 3028 583674.0
121 3098 587964.0
122 3115 592073.0
123 3163 596441.0
124 3218 600384.0
125 3269 604608.0
126 3362 608605.0
127 3493 612744.0
128 3414 616909.0
129 3549 620924.0
130 3556 624770.0
131 3650 628770.0
132 3819 632650.0
133 3906 636559.0
134 3906 640534.0
135 3984 644373.0
136 4199 648299.0
137 4226 652030.0
138 4174 655998.0
139 4094 659701.0
140 4313 663539.0
141 4395 667200.0
142 4558 670951.0
143 4458 674670.0
144 4324 678569.0
145 4252 682292.0
146 4509 685962.0
147 4818 689588.0
148 5042 693058.0
149 5079 696673.0
150 5021 700459.0
151 4975 704067.0
152 4829 707718.0
153 5119 711214.0
154 5245 714738.0
155 5373 718269.0
156 5606 721693.0
157 5558 725238.0
158 5639 728736.0
159 5759 731872.0
160 5832 735209.0
161 5861 738685.0
162 5885 741959.0
163 5933 745130.0
164 5992 748468.0
165 6188 751922.0
166 6396 755073.0
167 6504 758572.0
168 6241 761894.0
169 6311 765057.0
170 6314 768283.0
171 6535 771515.0
172 6787 774482.0
173 6699 777965.0
174 6463 781131.0
175 6601 784583.0
176 6701 787544.0
177 7031 790603.0
178 7218 793486.0
179 7243 796487.0
180 7293 799488.0
181 7332 802679.0
182 7387 805476.0
183 7852 808288.0
184 7851 811150.0
185 7745 814241.0
186 7845 816983.0
187 7895 819930.0
188 7818 822602.0
189 8318 825273.0
190 8522 827792.0
191 8497 830812.0
192 8331 833507.0
193 8363 836357.0
194 8500 839034.0
195 8988 841503.0
196 9256 843915.0
197 9073 846529.0
198 8884 849130.0
199 8762 851456.0
200 9371 848712.0
201 9176 841860.0
202 8423 835678.0
203 7810 829475.0
204 7701 823510.0
205 7461 817567.0
206 7383 811441.0
207 7172 805771.0
208 6511 800085.0
209 6417 794270.0
210 6693 788172.0
211 7246 782144.0
212 7420 776157.0
213 7029 770278.0
214 6525 764637.0
215 6473 758986.0
216 6399 753183.0
217 6590 747349.0
218 6808 741614.0
219 6820 735587.0
220 6744 729779.0
221 6609 723754.0
222 6671 718185.0
223 6535 712183.0
224 6524 706402.0
225 6536 700502.0
226 6763 694982.0
227 6475 689114.0
228 6553 683555.0
229 6591 677877.0
230 6689 671937.0
231 6436 666405.0
232 6252 660647.0
233 6440 655112.0
234 6548 649317.0
235 6646 643524.0
236 6486 637955.0
237 6421 632203.0
238 6387 626737.0
239 6283 621213.0
240 6496 615527.0
241 6570 609826.0
242 6584 604369.0
243 6313 598992.0
244 6067 593379.0
245 6228 588080.0
246 6206 582600.0
247 6289 577102.0
248 6145 572001.0
249 6156 566614.0
250 6306 561099.0
251 6477 555923.0
252 6416 550225.0
253 6366 544799.0
254 6199 539293.0
255 6199 534001.0
256 6230 528499.0
257 6324 523478.0
258 6163 518110.0
259 6395 513022.0
260 6363 507467.0
261 6708 501998.0
262 6691 496440.0
263 6327 491388.0
264 5907 486081.0
265 5909 481021.0
266 6131 475713.0
267 6090 470838.0
268 6048 465677.0
269 6121 460745.0
270 5916 455644.0
271 5839 450626.0
272 5790 445557.0
273 5716 440516.0
274 5722 435523.0
275 5750 430731.0
276 5590 425763.0
277 5729 420909.0
278 5646 415747.0
279 5574 411109.0
280 5438 406342.0
281 5448 401460.0
282 5562 396412.0
283 5795 391502.0
284 5859 386562.0
285 5765 381934.0
286 5531 377104.0
287 5505 372509.0
288 5438 367857.0
289 5437 363328.0
290 5424 358644.0
291 5341 354119.0
292 5389 349452.0
293 5522 344944.0
294 5524 340002.0
295 5645 335538.0
296 5497 330814.0
297 5617 326288.0
298 5562 321379.0
299 5506 317251.0
300 5223 312708.0
301 5239 308485.0
302 5188 304013.0
303 5199 299864.0
304 5088 295359.0
305 5055 291052.0
306 4950 286935.0
307 4861 282659.0
308 4983 278448.0
309 4936 274260.0
310 4711 270215.0
311 4527 266142.0
312 4470 261786.0
313 4552 257888.0
314 4520 253962.0
315 4540 250119.0
316 4374 246234.0
317 4433 242375.0
318 4506 238467.0
319 4429 234540.0
320 4517 230626.0
321 4635 226534.0
322 4666 222673.0
323 4437 218848.0
324 4290 215217.0
325 4327 211355.0
326 4317 207743.0
327 4167 204097.0
328 4206 200391.0
329 4325 196997.0
330 4248 193246.0
331 4170 189791.0
332 4039 186307.0
333 4005 182862.0
334 3820 179567.0
335 3860 176088.0
336 3972 172743.0
337 3997 169365.0
338 4018 165984.0
339 3987 162597.0
340 3963 159211.0
341 3916 156005.0
342 3858 152832.0
343 3824 149483.0
344 3761 146258.0
345 3643 143319.0
346 3586 140232.0
347 3728 137122.0
348 3714 134288.0
349 3543 131370.0
350 3384 128480.0
351 3277 125734.0
352 3255 123083.0
353 3074 120337.0
354 2951 117587.0
355 2929 114923.0
356 3034 112332.0
357 3088 109700.0
358 2920 107241.0
359 2675 104783.0
360 2587 102271.0
361 2611 99762.0
362 2773 97384.0
363 2807 94905.0
364 2716 92510.0
365 2664 90310.0
366 2606 88052.0
367 2602 85929.0
368 2471 83694.0
369 2376 81711.0
370 2327 79670.0
371 2324 77536.0
372 2399 75477.0
373 2464 73464.0
374 2415 71491.0
375 2303 69749.0
376 2140 67832.0
377 1989 66186.0
378 1925 64551.0
379 1870 62963.0
380 1852 61284.0
381 1932 59523.0
382 1910 58059.0
383 1805 56404.0
384 1738 54885.0
385 1615 53551.0
386 1520 52109.0
387 1443 50759.0
388 1301 49549.0
389 1238 48366.0
390 1244 47121.0
391 1265 45833.0
392 1295 44621.0
393 1370 43406.0
394 1407 42147.0
395 1368 40855.0
396 1362 39767.0
397 1284 38488.0
398 1290 37378.0
399 1300 36442.0
400 1210 36122.0
401 1118 35817.0
402 1057 35577.0
403 1010 35248.0
404 1006 35004.0
405 951 34721.0
406 950 34467.0
407 935 34194.0
408 932 33955.0
409 909 33673.0
410 944 33409.0
411 983 33101.0
412 986 32837.0
413 947 32577.0
414 932 32349.0
415 899 32078.0
416 857 31888.0
417 735 31710.0
418 640 31572.0
419 597 31384.0
420 652 31209.0
421 664 31014.0
422 662 30836.0
423 639 30667.0
424 616 30490.0
425 612 30313.0
426 615 30150.0
427 579 29985.0
428 568 29841.0
429 531 29698.0
430 489 29587.0
431 422 29492.0
432 363 29418.0
433 332 29332.0
434 327 29240.0
435 335 29137.0
436 350 29035.0
437 344 28935.0
438 360 28835.0
439 353 28733.0
440 331 28654.0
441 301 28575.0
442 316 28486.0
443 333 28386.0
444 308 28324.0
445 266 28236.0
446 282 28180.0
447 273 28086.0
448 287 28013.0
449 293 27925.0
450 286 27836.0
451 294 27771.0
452 290 27677.0
453 298 27578.0
454 305 27523.0
455 261 27442.0
456 256 27382.0
457 246 27313.0
458 227 27249.0
459 222 27197.0
460 204 27156.0
461 181 27096.0
462 194 27045.0
463 199 26973.0
464 229 26907.0
465 241 26828.0
466 249 26761.0
467 240 26683.0
468 265 26613.0
469 261 26535.0
470 262 26457.0
471 290 26374.0
472 286 26300.0
473 256 26240.0
474 224 26191.0
475 219 26137.0
476 196 26069.0
477 196 26037.0
478 174 25979.0
479 184 25940.0
480 164 25881.0
481 177 25835.0
482 201 25753.0
483 235 25693.0
484 220 25624.0
485 217 25575.0
486 211 25493.0
487 225 25446.0
488 221 25353.0
489 257 25295.0
490 239 25222.0
491 236 25161.0
492 222 25096.0
493 220 25034.0
494 200 25004.0
495 154 24972.0
496 127 24945.0
497 106 24921.0
498 106 24891.0
499 104 24856.0
500 118 24822.0
501 138 24763.0
502 185 24715.0
503 172 24668.0
504 152 24626.0
505 155 24583.0
506 154 24539.0
507 157 24500.0
508 148 24451.0
509 151 24408.0
510 169 24351.0
511 179 24304.0
512 167 24247.0
513 182 24206.0
514 172 24149.0
515 151 24122.0
516 116 24094.0
517 106 24074.0
518 93 24043.0
519 113 24017.0
520 119 23969.0
521 107 23950.0
522 84 23940.0
523 76 23914.0
524 72 23899.0
525 61 23880.0
526 57 23874.0
527 43 23863.0
528 41 23855.0
529 32 23845.0
530 27 23840.0
531 21 23835.0
532 20 23833.0
533 21 23823.0
534 20 23822.0
535 14 23818.0
536 10 23817.0
537 5 23817.0
538 5 23816.0
539 5 23814.0
540 5 23812.0
541 4 23812.0
542 2 23812.0
543 1 23811.0
544 2 23811.0
545 2 23809.0
546 4 23809.0
547 3 23808.0
548 2 23808.0
549 1 23808.0
550 0 23808.0
551 0 23808.0
552 0 23808.0
553 0 23808.0
554 0 23808.0
555 0 23808.0
556 0 23808.0
557 0 23808.0
558 0 23808.0
559 0 23808.0
560 0 23808.0
561 0 23808.0
562 0 23808.0
563 0 23808.0
564 0 23808.0
565 0 23808.0
566 0 23808.0
567 0 23808.0
568 0 23808.0
569 0 23808.0
570 0 23808.0
571 0 23808.0
572 0 23808.0
573 0 23808.0
574 0 23808.0
575 0 23808.0
576 0 23808.0
577 0 23808.0
578 0 23808.0
579 0 23808.0
580 0 23808.0
581 0 23808.0
582 0 23808.0
583 0 23808.0
584 0 23808.0
585 0 23808.0
586 0 23808.0
587 0 23808.0
588 0 23808.0
589 0 23808.0
590 0 23808.0
591 0 23808.0
592 0 23808.0
593 0 23808.0
594 0 23808.0
595 0 23808.0
596 0 23808.0
597 0 23808.0
598 0 23808.0
599 0 23808.0
600 0 23808.0
601 0 23808.0
602 0 23808.0
603 0 23808.0
604 0 23808.0
605 0 23808.0
606 0 23808.0
607 0 23808.0
608 0 23808.0
609 0 23808.0
610 0 23808.0
611 0 23808.0
612 0 23808.0
613 0 23808.0
614 0 23808.0
615 0 23808.0
616 0 23808.0
617 0 23808.0
618 0 23808.0
619 0 23808.0
620 0 23808.0
621 0 23808.0
622 0 23808.0
623 0 23808.0
624 0 23808.0
625 0 23808.0
626 0 23808.0
627 0 23808.0
628 0 23808.0
629 0 23808.0
630 0 23808.0
631 0 23808.0
632 0 23808.0
633 0 23808.0
634 0 23808.0
635 0 23808.0
636 0 23808.0
637 0 23808.0
638 0 23808.0
639 0 23808.0
640 0 23808.0
641 0 23808.0
642 0 23808.0
643 0 23808.0
644 0 23808.0
645 0 23808.0
646 0 23808.0
647 0 23808.0
648 0 23808.0
649 0 23808.0
650 0 23808.0
651 0 23808.0
652 0 23808.0
653 0 23808.0
654 0 23808.0
655 0 23808.0
656 0 23808.0
657 0 23808.0
658 0 23808.0
659 0 23808.0
660 0 23808.0
661 0 23808.0
662 0 23808.0
663 0 23808.0
664 0 23808.0
665 0 23808.0
666 0 23808.0
667 0 23808.0
668 0 23808.0
669 0 23808.0
670 0 23808.0
671 0 23808.0
672 0 23808.0
673 0 23808.0
674 0 23808.0
675 0 23808.0
676 0 23808.0
677 0 23808.0
678 0 23808.0
679 0 23808.0
680 0 23808.0
681 0 23808.0
682 0 23808.0
683 0 23808.0
684 0 23808.0
685 0 23808.0
686 0 23808.0
687 0 23808.0
688 0 23808.0
689 0 23808.0
690 0 23808.0
691 0 23808.0
692 0 23808.0
693 0 23808.0
694 0 23808.0
695 0 23808.0
696 0 23808.0
697 0 23808.0
698 0 23808.0
699 0 23808.0
700 0 23808.0
701 0 23808.0
702 0 23808.0
703 0 23808.0
704 0 23808.0
705 0 23808.0
706 0 23808.0
707 0 23808.0
708 0 23808.0
709 0 23808.0
710 0 23808.0
711 0 23808.0
712 0 23808.0
713 0 23808.0
714 0 23808.0
715 0 23808.0
716 0 23808.0
717 0 23808.0
718 0 23808.0
719 0 23808.0
720 0 23808.0
721 0 23808.0
722 0 23808.0
723 0 23808.0
724 0 23808.0
725 0 23808.0
726 0 23808.0
727 0 23808.0
728 0 23808.0
729 0 23808.0
730 0 23808.0
731 0 23808.0
732 0 23808.0
733 0 23808.0
734 0 23808.0
735 0 23808.0
736 0 23808.0
737 0 23808.0
738 0 23808.0
739 0 23808.0
740 0 23808.0
741 0 23808.0
742 0 23808.0
743 0 23808.0
744 0 23808.0
745 0 23808.0
746 0 23808.0
747 0 23808.0
748 0 23808.0
749 0 23808.0
750 0 23808.0
751 0 23808.0
752 0 23808.0
753 0 23808.0
754 0 23808.0
755 0 23808.0
756 0 23808.0
757 0 23808.0
758 0 23808.0
759 0 23808.0
760 0 23808.0
761 0 23808.0
762 0 23808.0
763 0 23808.0
764 0 23808.0
765 0 23808.0
766 0 23808.0
767 0 23808.0
768 0 23808.0
769 0 23808.0
770 0 23808.0
771 0 23808.0
772 0 23808.0
773 0 23808.0
774 0 23808.0
775 0 23808.0
776 0 23808.0
777 0 23808.0
778 0 23808.0
779 0 23808.0
780 0 23808.0
781 0 23808.0
782 0 23808.0
783 0 23808.0
784 0 23808.0
785 0 23808.0
786 0 23808.0
787 0 23808.0
788 0 23808.0
789 0 23808.0
790 0 23808.0
791 0 23808.0
792 0 23808.0
793 0 23808.0
794 0 23808.0
795 0 23808.0
796 0 23808.0
797 0 23808.0
798 0 23808.0
799 0 23808.0
800 0 23808.0
801 0 23808.0
802 0 23808.0
803 0 23808.0
804 0 23808.0
805 0 23808.0
806 0 23808.0
807 0 23808.0
808 0 23808.0
809 0 23808.0
810 0 23808.0
811 0 23808.0
812 0 23808.0
813 0 23808.0
814 0 23808.0
815 0 23808.0
816 0 23808.0
817 0 23808.0
818 0 23808.0
819 0 23808.0
820 0 23808.0
821 0 23808.0
822 0 23808.0
823 0 23808.0
824 0 23808.0
825 0 23808.0
826 0 23808.0
827 0 23808.0
828 0 23808.0
829 0 23808.0
830 0 23808.0
831 0 23808.0
832 0 23808.0
833 0 23808.0
834 0 23808.0
835 0 23808.0
836 0 23808.0
837 0 23808.0
838 0 23808.0
839 0 23808.0
840 0 23808.0
841 0 23808.0
842 0 23808.0
843 0 23808.0
844 0 23808.0
845 0 23808.0
846 0 23808.0
847 0 23808.0
848 0 23808.0
849 0 23808.0
850 0 23808.0
851 0 23808.0
852 0 23808.0
853 0 23808.0
854 0 23808.0
855 0 23808.0
856 0 23808.0
857 0 23808.0
858 0 23808.0
859 0 23808.0
860 0 23808.0
861 0 23808.0
862 0 23808.0
863 0 23808.0
864 0 23808.0
865 0 23808.0
866 0 23808.0
867 0 23808.0
868 0 23808.0
869 0 23808.0
870 0 23808.0
871 0 23808.0
872 0 23808.0
873 0 23808.0
874 0 23808.0
875 0 23808.0
876 0 23808.0
877 0 23808.0
878 0 23808.0
879 0 23808.0
880 0 23808.0
881 0 23808.0
882 0 23808.0
883 0 23808.0
884 0 23808.0
885 0 23808.0
886 0 23808.0
887 0 23808.0
888 0 23808.0
889 0 23808.0
890 0 23808.0
891 0 23808.0
892 0 23808.0
893 0 23808.0
894 0 23808.0
895 0 23808.0
896 0 23808.0
897 0 23808.0
898 0 23808.0
899 0 23808.0
900 0 23808.0
901 0 23808.0
902 0 23808.0
903 0 23808.0
904 0 23808.0
905 0 23808.0
906 0 23808.0
907 0 23808.0
908 0 23808.0
909 0 23808.0
910 0 23808.0
911 0 23808.0
912 0 23808.0
913 0 23808.0
914 0 23808.0
915 0 23808.0
916 0 23808.0
917 0 23808.0
918 0 23808.0
919 0 23808.0
920 0 23808.0
921 0 23808.0
922 0 23808.0
923 0 23808.0
924 0 23808.0
925 0 23808.0
926 0 23808.0
927 0 23808.0
928 0 23808.0
929 0 23808.0
930 0 23808.0
931 0 23808.0
932 0 23808.0
933 0 23808.0
934 0 23808.0
935 0 23808.0
936 0 23808.0
937 0 23808.0
938 0 23808.0
939 0 23808.0
940 0 23808.0
941 0 23808.0
942 0 23808.0
943 0 23808.0
944 0 23808.0
945 0 23808.0
946 0 23808.0
947 0 23808.0
948 0 23808.0
949 0 23808.0
950 0 23808.0
951 0 23808.0
952 0 23808.0
953 0 23808.0
954 0 23808.0
955 0 23808.0
956 0 23808.0
957 0 23808.0
958 0 23808.0
959 0 23808.0
960 0 23808.0
961 0 23808.0
962 0 23808.0
963 0 23808.0
964 0 23808.0
965 0 23808.0
966 0 23808.0
967 0 23808.0
968 0 23808.0
969 0 23808.0
970 0 23808.0
971 0 23808.0
972 0 23808.0
973 0 23808.0
974 0 23808.0
975 0 23808.0
976 0 23808.0
977 0 23808.0
978 0 23808.0
979 0 23808.0
980 0 23808.0
981 0 23808.0
982 0 23808.0
983 0 23808.0
984 0 23808.0
985 0 23808.0
986 0 23808.0
987 0 23808.0
988 0 23808.0
989 0 23808.0
990 0 23808.0
991 0 23808.0
992 0 23808.0
993 0 23808.0
994 0 23808.0
995 0 23808.0
996 0 23808.0
997 0 23808.0
998 0 23808.0
999 0 23808.0
1000 0 23808.0
