1 1 15046.0
2 1 20561.0
3 1 25957.0
4 2 31275.0
5 2 36540.0
6 4 41786.0
7 3 46670.0
8 6 51609.0
9 4 56723.0
10 3 61756.0
11 4 66894.0
12 6 72154.0
13 8 77224.0
14 11 82236.0
15 9 87332.0
16 13 92339.0
17 16 97406.0
18 14 102462.0
19 20 107616.0
20 23 112637.0
21 26 117758.0
22 34 122795.0
23 33 127975.0
24 43 133063.0
25 43 138179.0
26 51 143009.0
27 62 147803.0
28 73 152797.0
29 78 157918.0
30 79 162823.0
31 94 167845.0
32 110 172790.0
33 138 177486.0
34 147 182479.0
35 171 187686.0
36 186 192611.0
37 198 197491.0
38 211 202334.0
39 222 207274.0
40 227 212305.0
41 285 217436.0
42 282 222332.0
43 313 226940.0
44 298 231715.0
45 355 236731.0
46 383 241575.0
47 404 246564.0
48 425 251291.0
49 373 255984.0
50 413 261155.0
51 422 266076.0
52 443 271021.0
53 505 275886.0
54 526 280787.0
55 578 285602.0
56 556 290333.0
57 585 295153.0
58 620 300128.0
59 643 304858.0
60 682 309590.0
61 667 314416.0
62 707 319220.0
63 685 324100.0
64 689 328803.0
65 727 333559.0
66 793 338041.0
67 875 342694.0
68 858 347553.0
69 880 352435.0
70 881 357209.0
71 944 361864.0
72 947 366538.0
73 1011 371238.0
74 1080 375716.0
75 1176 380428.0
76 1146 385021.0
77 1139 389831.0
78 1207 394519.0
79 1231 399214.0
80 1319 403927.0
81 1360 408632.0
82 1419 413097.0
83 1496 417612.0
84 1512 422323.0
85 1442 426952.0
86 1472 431664.0
87 1494 436199.0
88 1538 440686.0
89 1544 445308.0
90 1628 450137.0
91 1614 454720.0
92 1765 459265.0
93 1848 463781.0
94 1847 468207.0
95 1911 472836.0
96 1875 477444.0
97 1815 482016.0
98 1869 486540.0
99 2007 490993.0
100 2146 495363.0
101 2182 499806.0
102 2387 504172.0
103 2414 508584.0
104 2386 512925.0
105 2304 517174.0
106 2291 521692.0
107 2358 525708.0
108 2525 529975.0
109 2452 534175.0
110 2531 538354.0
111 2514 542672.0
112 2594 546920.0
113 2617 551242.0
114 2674 555486.0
115 2729 559731.0
116 2790 563915.0
117 2810 568020.0
118 2974 572188.0
119 3123 576323.0
120 3158 580590.0
121 3233 584626.0
122 3226 588676.0
123 3236 592925.0
124 3328 596899.0
125 3423 601079.0
126 3390 605234.0
127 3515 609264.0
128 3491 613306.0
129 3600 617168.0
130 3767 621051.0
131 3910 624958.0
132 3907 628873.0
133 3811 632766.0
134 3839 636854.0
135 3895 640600.0
136 4085 644690.0
137 4203 648333.0
138 4223 652091.0
139 4260 655850.0
140 4197 659767.0
141 4245 663473.0
142 4452 667250.0
143 4468 670751.0
144 4617 674485.0
145 4538 678219.0
146 4766 682039.0
147 4846 685539.0
148 5067 689301.0
149 5064 692874.0
150 4970 696307.0
151 5004 699784.0
152 5031 703359.0
153 4997 706916.0
154 5307 710232.0
155 5618 713847.0
156 5572 717361.0
157 5532 720848.0
158 5598 724190.0
159 5854 727753.0
160 5871 731112.0
161 6004 734425.0
162 6180 737575.0
163 6252 740759.0
164 6193 743757.0
165 6176 747205.0
166 6271 750375.0
167 6557 753782.0
168 6626 756914.0
169 6664 760274.0
170 6582 763570.0
171 6687 766616.0
172 6736 769801.0
173 6643 773107.0
174 6752 776259.0
175 6962 779303.0
176 7125 782497.0
177 6871 785593.0
178 7044 788582.0
179 7362 791559.0
180 7452 794483.0
181 7598 797433.0
182 7634 800338.0
183 7758 803180.0
184 7737 806197.0
185 7840 809122.0
186 7944 811824.0
187 8023 814563.0
188 8116 817242.0
189 8125 819882.0
190 8202 822521.0
191 8599 825165.0
192 8723 827877.0
193 9012 830271.0
194 9307 833064.0
195 8922 835803.0
196 8704 838642.0
197 8731 841342.0
198 8933 843664.0
199 9161 845841.0
200 9485 843095.0
201 9282 836374.0
202 8802 830064.0
203 7990 824243.0
204 7511 818277.0
205 7326 812291.0
206 7220 806273.0
207 7300 800535.0
208 6957 794581.0
209 6851 788703.0
210 6933 782837.0
211 6862 776936.0
212 7017 771196.0
213 6675 765331.0
214 6724 759274.0
215 6905 753285.0
216 6993 747383.0
217 7067 741370.0
218 6970 735579.0
219 6574 729938.0
220 6633 724280.0
221 6772 718433.0
222 6911 712500.0
223 6957 706822.0
224 6648 701013.0
225 6625 695226.0
226 6818 689446.0
227 6820 683719.0
228 6546 677899.0
229 6557 672318.0
230 6391 666504.0
231 6620 660723.0
232 7110 654611.0
233 7208 648865.0
234 6734 643360.0
235 6457 638017.0
236 6339 632302.0
237 6510 626709.0
238 6722 621049.0
239 6773 615141.0
240 6660 609566.0
241 6393 604080.0
242 6372 598714.0
243 6378 593407.0
244 6462 588018.0
245 6607 582341.0
246 6645 576898.0
247 6380 571506.0
248 6318 566075.0
249 6510 560376.0
250 6610 554970.0
251 6473 549534.0
252 6395 544275.0
253 6280 538791.0
254 6358 533604.0
255 6342 528067.0
256 6431 522869.0
257 6242 517602.0
258 6194 512389.0
259 6176 506984.0
260 6486 501742.0
261 6561 496551.0
262 6179 491443.0
263 5890 486293.0
264 5904 481247.0
265 6083 475972.0
266 6307 470615.0
267 6123 465377.0
268 6171 460558.0
269 5932 455530.0
270 5868 450385.0
271 5862 445315.0
272 6212 440307.0
273 6171 435295.0
274 6168 430339.0
275 6151 425082.0
276 6164 420082.0
277 6005 415099.0
278 5873 410192.0
279 5806 405191.0
280 5881 400266.0
281 5977 395351.0
282 5986 390340.0
283 6239 385364.0
284 6269 380554.0
285 6051 375992.0
286 5641 371615.0
287 5321 366939.0
288 5642 362300.0
289 5600 357361.0
290 5677 352757.0
291 5516 348202.0
292 5503 343740.0
293 5369 339233.0
294 5214 334851.0
295 5148 330221.0
296 5372 325653.0
297 5583 320931.0
298 5553 316431.0
299 5464 312180.0
300 5282 307764.0
301 5400 303492.0
302 5299 298968.0
303 5277 294691.0
304 5189 290243.0
305 5216 285988.0
306 5191 281752.0
307 5080 277649.0
308 4967 273305.0
309 5023 269224.0
310 4880 265080.0
311 4927 260880.0
312 4890 256836.0
313 4848 252752.0
314 4843 248814.0
315 4917 244729.0
316 4941 240746.0
317 4788 236616.0
318 4724 232633.0
319 4688 228834.0
320 4691 224902.0
321 4763 220837.0
322 4807 216996.0
323 4652 213136.0
324 4508 209513.0
325 4192 205869.0
326 3994 202314.0
327 3805 198869.0
328 3843 195343.0
329 3806 191769.0
330 3909 188237.0
331 3916 184927.0
332 3872 181387.0
333 3963 178056.0
334 3892 174388.0
335 3990 171155.0
336 3922 167602.0
337 4023 164338.0
338 3923 161016.0
339 3867 157903.0
340 3685 154529.0
341 3618 151458.0
342 3480 148378.0
343 3545 145389.0
344 3632 142279.0
345 3620 139209.0
346 3587 136307.0
347 3462 133271.0
348 3431 130339.0
349 3303 127447.0
350 3306 124393.0
351 3311 121622.0
352 3197 118561.0
353 3374 115939.0
354 3375 113228.0
355 3306 110247.0
356 3191 107768.0
357 3079 105323.0
358 2956 102798.0
359 2996 100350.0
360 2864 97965.0
361 2639 95665.0
362 2608 93286.0
363 2568 90932.0
364 2635 88844.0
365 2624 86644.0
366 2576 84530.0
367 2489 82196.0
368 2522 80219.0
369 2410 78203.0
370 2328 76304.0
371 2335 74151.0
372 2372 72220.0
373 2340 70223.0
374 2266 68560.0
375 2116 66715.0
376 2104 64811.0
377 2102 63122.0
378 2115 61446.0
379 2100 59585.0
380 1939 57933.0
381 1861 56350.0
382 1795 54751.0
383 1841 53318.0
384 1774 51843.0
385 1711 50220.0
386 1695 48958.0
387 1674 47683.0
388 1671 46366.0
389 1570 44910.0
390 1533 43593.0
391 1439 42118.0
392 1450 40967.0
393 1423 39758.0
394 1378 38708.0
395 1250 37705.0
396 1134 36571.0
397 1093 35492.0
398 1056 34650.0
399 1022 33744.0
400 1032 33489.0
401 1002 33131.0
402 1018 32896.0
403 939 32626.0
404 902 32394.0
405 859 32177.0
406 840 31914.0
407 839 31694.0
408 843 31464.0
409 822 31210.0
410 793 31013.0
411 737 30825.0
412 687 30636.0
413 692 30464.0
414 679 30286.0
415 641 30130.0
416 575 29994.0
417 559 29803.0
418 603 29636.0
419 623 29459.0
420 624 29272.0
421 579 29163.0
422 510 29012.0
423 485 28919.0
424 433 28790.0
425 418 28681.0
426 392 28575.0
427 387 28477.0
428 360 28395.0
429 303 28320.0
430 294 28235.0
431 304 28156.0
432 307 28058.0
433 334 27959.0
434 353 27833.0
435 397 27730.0
436 383 27624.0
437 356 27520.0
438 385 27416.0
439 366 27336.0
440 312 27222.0
441 366 27147.0
442 319 27061.0
443 274 27001.0
444 228 26955.0
445 192 26900.0
446 178 26869.0
447 172 26809.0
448 175 26767.0
449 186 26696.0
450 214 26644.0
451 200 26591.0
452 178 26535.0
453 210 26488.0
454 205 26413.0
455 213 26363.0
456 208 26305.0
457 191 26261.0
458 172 26207.0
459 185 26161.0
460 170 26121.0
461 163 26061.0
462 182 26020.0
463 167 25966.0
464 162 25924.0
465 157 25881.0
466 138 25850.0
467 118 25820.0
468 128 25779.0
469 148 25726.0
470 162 25670.0
471 180 25618.0
472 177 25569.0
473 161 25538.0
474 144 25497.0
475 134 25468.0
476 133 25422.0
477 138 25384.0
478 141 25348.0
479 127 25315.0
480 100 25300.0
481 75 25286.0
482 72 25263.0
483 78 25237.0
484 83 25211.0
485 99 25171.0
486 113 25132.0
487 114 25102.0
488 97 25082.0
489 85 25062.0
490 71 25050.0
491 59 25035.0
492 56 25019.0
493 63 24995.0
494 73 24982.0
495 66 24948.0
496 77 24938.0
497 65 24909.0
498 75 24901.0
499 65 24875.0
500 64 24860.0
501 55 24843.0
502 63 24831.0
503 63 24805.0
504 73 24785.0
505 72 24767.0
506 60 24747.0
507 71 24733.0
508 68 24697.0
509 101 24674.0
510 105 24635.0
511 95 24622.0
512 86 24591.0
513 89 24570.0
514 85 24543.0
515 80 24530.0
516 68 24507.0
517 74 24493.0
518 65 24473.0
519 61 24462.0
520 55 24437.0
521 73 24423.0
522 60 24398.0
523 49 24394.0
524 34 24389.0
525 26 24388.0
526 20 24381.0
527 19 24378.0
528 25 24365.0
529 38 24353.0
530 39 24339.0
531 39 24337.0
532 30 24322.0
533 41 24315.0
534 42 24284.0
535 64 24284.0
536 44 24259.0
537 44 24259.0
538 29 24245.0
539 32 24242.0
540 33 24220.0
541 39 24216.0
542 30 24210.0
543 21 24206.0
544 18 24202.0
545 17 24195.0
546 21 24191.0
547 17 24187.0
548 17 24182.0
549 23 24171.0
550 30 24164.0
551 34 24144.0
552 39 24144.0
553 32 24123.0
554 36 24122.0
555 31 24100.0
556 51 24095.0
557 56 24052.0
558 80 24045.0
559 61 24026.0
560 50 24012.0
561 43 24001.0
562 49 23985.0
563 46 23979.0
564 35 23969.0
565 31 23961.0
566 32 23956.0
567 26 23945.0
568 24 23942.0
569 21 23932.0
570 27 23926.0
571 26 23917.0
572 30 23904.0
573 41 23889.0
574 44 23881.0
575 40 23860.0
576 52 23851.0
577 44 23840.0
578 38 23833.0
579 34 23821.0
580 39 23811.0
581 34 23805.0
582 24 23798.0
583 17 23797.0
584 15 23790.0
585 20 23786.0
586 22 23778.0
587 20 23773.0
588 19 23767.0
589 22 23758.0
590 30 23747.0
591 33 23739.0
592 29 23729.0
593 25 23725.0
594 21 23719.0
595 22 23712.0
596 30 23699.0
597 43 23682.0
598 50 23667.0
599 46 23655.0
600 51 23638.0
601 59 23621.0
602 52 23608.0
603 41 23601.0
604 36 23590.0
605 39 23573.0
606 46 23565.0
607 46 23544.0
608 57 23534.0
609 49 23510.0
610 47 23509.0
611 37 23490.0
612 34 23490.0
613 27 23481.0
614 28 23473.0
615 31 23468.0
616 28 23458.0
617 30 23451.0
618 33 23432.0
619 51 23420.0
620 57 23396.0
621 61 23381.0
622 45 23375.0
623 34 23372.0
624 24 23365.0
625 25 23357.0
626 29 23345.0
627 38 23339.0
628 38 23316.0
629 35 23312.0
630 25 23304.0
631 24 23301.0
632 20 23294.0
633 22 23289.0
634 26 23277.0
635 36 23266.0
636 30 23265.0
637 19 23257.0
638 23 23255.0
639 20 23241.0
640 33 23237.0
641 33 23218.0
642 44 23209.0
643 38 23197.0
644 31 23194.0
645 24 23190.0
646 20 23186.0
647 18 23180.0
648 16 23178.0
649 13 23174.0
650 14 23168.0
651 17 23165.0
652 18 23155.0
653 20 23152.0
654 15 23147.0
655 15 23144.0
656 15 23135.0
657 26 23131.0
658 25 23121.0
659 25 23111.0
660 34 23104.0
661 31 23097.0
662 22 23093.0
663 18 23089.0
664 16 23084.0
665 17 23081.0
666 14 23074.0
667 15 23072.0
668 11 23072.0
669 8 23067.0
670 9 23066.0
671 12 23060.0
672 18 23054.0
673 24 23042.0
674 35 23031.0
675 33 23023.0
676 23 23021.0
677 12 23021.0
678 6 23021.0
679 3 23021.0
680 1 23021.0
681 0 23021.0
682 0 23021.0
683 0 23021.0
684 0 23021.0
685 0 23021.0
686 0 23021.0
687 0 23021.0
688 0 23021.0
689 0 23021.0
690 0 23021.0
691 0 23021.0
692 0 23021.0
693 0 23021.0
694 0 23021.0
695 0 23021.0
696 0 23021.0
697 0 23021.0
698 0 23021.0
699 0 23021.0
700 0 23021.0
701 0 23021.0
702 0 23021.0
703 0 23021.0
704 0 23021.0
705 0 23021.0
706 0 23021.0
707 0 23021.0
708 0 23021.0
709 0 23021.0
710 0 23021.0
711 0 23021.0
712 0 23021.0
713 0 23021.0
714 0 23021.0
715 0 23021.0
716 0 23021.0
717 0 23021.0
718 0 23021.0
719 0 23021.0
720 0 23021.0
721 0 23021.0
722 0 23021.0
723 0 23021.0
724 0 23021.0
725 0 23021.0
726 0 23021.0
727 0 23021.0
728 0 23021.0
729 0 23021.0
730 0 23021.0
731 0 23021.0
732 0 23021.0
733 0 23021.0
734 0 23021.0
735 0 23021.0
736 0 23021.0
737 0 23021.0
738 0 23021.0
739 0 23021.0
740 0 23021.0
741 0 23021.0
742 0 23021.0
743 0 23021.0
744 0 23021.0
745 0 23021.0
746 0 23021.0
747 0 23021.0
748 0 23021.0
749 0 23021.0
750 0 23021.0
751 0 23021.0
752 0 23021.0
753 0 23021.0
754 0 23021.0
755 0 23021.0
756 0 23021.0
757 0 23021.0
758 0 23021.0
759 0 23021.0
760 0 23021.0
761 0 23021.0
762 0 23021.0
763 0 23021.0
764 0 23021.0
765 0 23021.0
766 0 23021.0
767 0 23021.0
768 0 23021.0
769 0 23021.0
770 0 23021.0
771 0 23021.0
772 0 23021.0
773 0 23021.0
774 0 23021.0
775 0 23021.0
776 0 23021.0
777 0 23021.0
778 0 23021.0
779 0 23021.0
780 0 23021.0
781 0 23021.0
782 0 23021.0
783 0 23021.0
784 0 23021.0
785 0 23021.0
786 0 23021.0
787 0 23021.0
788 0 23021.0
789 0 23021.0
790 0 23021.0
791 0 23021.0
792 0 23021.0
793 0 23021.0
794 0 23021.0
795 0 23021.0
796 0 23021.0
797 0 23021.0
798 0 23021.0
799 0 23021.0
800 0 23021.0
801 0 23021.0
802 0 23021.0
803 0 23021.0
804 0 23021.0
805 0 23021.0
806 0 23021.0
807 0 23021.0
808 0 23021.0
809 0 23021.0
810 0 23021.0
811 0 23021.0
812 0 23021.0
813 0 23021.0
814 0 23021.0
815 0 23021.0
816 0 23021.0
817 0 23021.0
818 0 23021.0
819 0 23021.0
820 0 23021.0
821 0 23021.0
822 0 23021.0
823 0 23021.0
824 0 23021.0
825 0 23021.0
826 0 23021.0
827 0 23021.0
828 0 23021.0
829 0 23021.0
830 0 23021.0
831 0 23021.0
832 0 23021.0
833 0 23021.0
834 0 23021.0
835 0 23021.0
836 0 23021.0
837 0 23021.0
838 0 23021.0
839 0 23021.0
840 0 23021.0
841 0 23021.0
842 0 23021.0
843 0 23021.0
844 0 23021.0
845 0 23021.0
846 0 23021.0
847 0 23021.0
848 0 23021.0
849 0 23021.0
850 0 23021.0
851 0 23021.0
852 0 23021.0
853 0 23021.0
854 0 23021.0
855 0 23021.0
856 0 23021.0
857 0 23021.0
858 0 23021.0
859 0 23021.0
860 0 23021.0
861 0 23021.0
862 0 23021.0
863 0 23021.0
864 0 23021.0
865 0 23021.0
866 0 23021.0
867 0 23021.0
868 0 23021.0
869 0 23021.0
870 0 23021.0
871 0 23021.0
872 0 23021.0
873 0 23021.0
874 0 23021.0
875 0 23021.0
876 0 23021.0
877 0 23021.0
878 0 23021.0
879 0 23021.0
880 0 23021.0
881 0 23021.0
882 0 23021.0
883 0 23021.0
884 0 23021.0
885 0 23021.0
886 0 23021.0
887 0 23021.0
888 0 23021.0
889 0 23021.0
890 0 23021.0
891 0 23021.0
892 0 23021.0
893 0 23021.0
894 0 23021.0
895 0 23021.0
896 0 23021.0
897 0 23021.0
898 0 23021.0
899 0 23021.0
900 0 23021.0
901 0 23021.0
902 0 23021.0
903 0 23021.0
904 0 23021.0
905 0 23021.0
906 0 23021.0
907 0 23021.0
908 0 23021.0
909 0 23021.0
910 0 23021.0
911 0 23021.0
912 0 23021.0
913 0 23021.0
914 0 23021.0
915 0 23021.0
916 0 23021.0
917 0 23021.0
918 0 23021.0
919 0 23021.0
920 0 23021.0
921 0 23021.0
922 0 23021.0
923 0 23021.0
924 0 23021.0
925 0 23021.0
926 0 23021.0
927 0 23021.0
928 0 23021.0
929 0 23021.0
930 0 23021.0
931 0 23021.0
932 0 23021.0
933 0 23021.0
934 0 23021.0
935 0 23021.0
936 0 23021.0
937 0 23021.0
938 0 23021.0
939 0 23021.0
940 0 23021.0
941 0 23021.0
942 0 23021.0
943 0 23021.0
944 0 23021.0
945 0 23021.0
946 0 23021.0
947 0 23021.0
948 0 23021.0
949 0 23021.0
950 0 23021.0
951 0 23021.0
952 0 23021.0
953 0 23021.0
954 0 23021.0
955 0 23021.0
956 0 23021.0
957 0 23021.0
958 0 23021.0
959 0 23021.0
960 0 23021.0
961 0 23021.0
962 0 23021.0
963 0 23021.0
964 0 23021.0
965 0 23021.0
966 0 23021.0
967 0 23021.0
968 0 23021.0
969 0 23021.0
970 0 23021.0
971 0 23021.0
972 0 23021.0
973 0 23021.0
974 0 23021.0
975 0 23021.0
976 0 23021.0
977 0 23021.0
978 0 23021.0
979 0 23021.0
980 0 23021.0
981 0 23021.0
982 0 23021.0
983 0 23021.0
984 0 23021.0
985 0 23021.0
986 0 23021.0
987 0 23021.0
988 0 23021.0
989 0 23021.0
990 0 23021.0
991 0 23021.0
992 0 23021.0
993 0 23021.0
994 0 23021.0
995 0 23021.0
996 0 23021.0
997 0 23021.0
998 0 23021.0
999 0 23021.0
1000 0 23021.0
