1 1 14910.0
2 2 20497.0
3 1 25790.0
4 1 30990.0
5 1 36363.0
6 2 41508.0
7 2 46708.0
8 4 51882.0
9 3 56914.0
10 2 61890.0
11 2 66913.0
12 4 71977.0
13 4 77142.0
14 8 82180.0
15 6 87199.0
16 5 92208.0
17 5 97238.0
18 10 102363.0
19 10 107383.0
20 12 112280.0
21 12 117259.0
22 24 122100.0
23 23 127170.0
24 32 132187.0
25 25 137253.0
26 33 142053.0
27 30 146896.0
28 50 151859.0
29 49 156797.0
30 63 161647.0
31 65 166666.0
32 65 171714.0
33 73 176647.0
34 71 181547.0
35 81 186376.0
36 100 191210.0
37 127 196356.0
38 146 201193.0
39 140 206261.0
40 163 211347.0
41 168 216283.0
42 186 221323.0
43 178 226193.0
44 205 231186.0
45 208 236212.0
46 205 241017.0
47 230 246160.0
48 294 251161.0
49 293 256032.0
50 331 260912.0
51 319 265850.0
52 351 270935.0
53 355 275951.0
54 415 280868.0
55 464 285654.0
56 507 290418.0
57 495 295293.0
58 476 299995.0
59 531 304823.0
60 601 309603.0
61 659 314182.0
62 710 319014.0
63 692 323986.0
64 652 328779.0
65 667 333705.0
66 694 338677.0
67 717 343542.0
68 750 348115.0
69 805 352949.0
70 830 357803.0
71 835 362414.0
72 852 367229.0
73 820 371806.0
74 848 376546.0
75 888 381318.0
76 906 386172.0
77 933 390920.0
78 970 395701.0
79 1003 400296.0
80 1028 405135.0
81 1050 409953.0
82 1090 414429.0
83 1144 419037.0
84 1182 423713.0
85 1274 428369.0
86 1320 432894.0
87 1382 437503.0
88 1429 442208.0
89 1405 446905.0
90 1439 451307.0
91 1475 456012.0
92 1492 460489.0
93 1532 464841.0
94 1632 469209.0
95 1769 473814.0
96 1744 478421.0
97 1786 483047.0
98 1787 487460.0
99 1822 492012.0
100 1802 496545.0
101 1887 501064.0
102 1877 505778.0
103 1982 510361.0
104 2116 514789.0
105 2161 519158.0
106 2146 523766.0
107 2084 528088.0
108 2212 532538.0
109 2285 536699.0
110 2446 541091.0
111 2458 545477.0
112 2389 549794.0
113 2351 554294.0
114 2382 558699.0
115 2568 563047.0
116 2582 567337.0
117 2438 571671.0
118 2493 576037.0
119 2618 580201.0
120 2802 584146.0
121 2900 588319.0
122 3060 592357.0
123 3118 596745.0
124 3075 600920.0
125 3228 605028.0
126 3142 609241.0
127 3071 613212.0
128 3185 617483.0
129 3225 621401.0
130 3424 625615.0
131 3438 629746.0
132 3580 633762.0
133 3689 637680.0
134 3956 641883.0
135 3901 645703.0
136 3919 649662.0
137 3869 653530.0
138 3715 657680.0
139 3792 661429.0
140 4090 665435.0
141 4109 669377.0
142 4228 673485.0
143 4097 677278.0
144 4155 680997.0
145 4210 684774.0
146 4391 688308.0
147 4612 692270.0
148 4389 696085.0
149 4362 700081.0
150 4457 703825.0
151 4793 707686.0
152 4911 711229.0
153 5156 714837.0
154 5104 718468.0
155 5102 722145.0
156 5051 725651.0
157 5257 729102.0
158 5473 732571.0
159 5473 736222.0
160 5462 739762.0
161 5464 743284.0
162 5543 746816.0
163 5877 750085.0
164 6004 753502.0
165 6033 756743.0
166 6054 760279.0
167 5810 763518.0
168 6034 767147.0
169 6229 770137.0
170 6645 773350.0
171 6671 776454.0
172 6580 779923.0
173 6539 782856.0
174 6548 785907.0
175 6686 789084.0
176 6871 792359.0
177 6937 795410.0
178 6906 798540.0
179 6961 801635.0
180 7221 804782.0
181 7445 807754.0
182 7545 810801.0
183 7170 814067.0
184 7105 817203.0
185 7348 820166.0
186 7693 822902.0
187 7867 825694.0
188 7946 828494.0
189 7973 831405.0
190 8086 834221.0
191 8024 836874.0
192 8221 839302.0
193 8554 841800.0
194 8672 844149.0
195 8666 846913.0
196 8483 849565.0
197 8494 852331.0
198 8785 854745.0
199 9176 857414.0
200 9093 854950.0
201 8335 848729.0
202 7861 842722.0
203 7323 836502.0
204 7380 830396.0
205 7508 824088.0
206 7153 818228.0
207 6518 812565.0
208 6496 806649.0
209 6833 800565.0
210 6996 794510.0
211 6981 788391.0
212 6730 782722.0
213 6338 776913.0
214 6290 770976.0
215 6361 764902.0
216 6815 759015.0
217 6628 753293.0
218 6363 747342.0
219 6408 741770.0
220 6360 736129.0
221 6526 730268.0
222 6604 724402.0
223 6511 718444.0
224 6096 712760.0
225 5985 707057.0
226 6076 701415.0
227 6245 695989.0
228 6192 690333.0
229 6307 684682.0
230 6230 678907.0
231 6348 673239.0
232 6425 667357.0
233 6326 661841.0
234 6054 656346.0
235 6021 650796.0
236 6234 644890.0
237 6572 639361.0
238 6755 633480.0
239 6819 627987.0
240 6463 622207.0
241 6371 616676.0
242 6358 611246.0
243 6400 605619.0
244 6617 599794.0
245 6665 594017.0
246 6635 588606.0
247 6471 583009.0
248 6647 577348.0
249 6540 571826.0
250 6213 566561.0
251 6001 561088.0
252 6011 555739.0
253 6146 550174.0
254 6386 544799.0
255 6644 539111.0
256 6577 533871.0
257 6029 528671.0
258 5946 523537.0
259 5861 518094.0
260 6051 512875.0
261 6121 507463.0
262 6173 502049.0
263 6100 496788.0
264 5977 491752.0
265 5807 486582.0
266 5995 481237.0
267 6139 476000.0
268 6052 470932.0
269 5935 466040.0
270 5895 460819.0
271 6086 455826.0
272 5995 450543.0
273 6029 445533.0
274 5812 440515.0
275 5716 435360.0
276 5855 430271.0
277 5926 425133.0
278 5906 420227.0
279 5791 415274.0
280 5655 410397.0
281 5461 405532.0
282 5448 400814.0
283 5603 395935.0
284 5698 390846.0
285 5672 386193.0
286 5533 381421.0
287 5550 376690.0
288 5431 371868.0
289 5390 367239.0
290 5290 362430.0
291 5441 357780.0
292 5390 353091.0
293 5479 348436.0
294 5387 343715.0
295 5360 339302.0
296 5196 334822.0
297 5073 330523.0
298 5128 326048.0
299 5135 321666.0
300 5200 317087.0
301 5394 312702.0
302 5250 308094.0
303 5096 303860.0
304 4898 299561.0
305 4796 295217.0
306 4863 290799.0
307 5037 286408.0
308 5009 282105.0
309 4818 278112.0
310 4699 273927.0
311 4757 269485.0
312 4829 265214.0
313 4864 261245.0
314 4735 257126.0
315 4721 252858.0
316 4635 248773.0
317 4545 244691.0
318 4468 240701.0
319 4315 236972.0
320 4250 233112.0
321 4442 229152.0
322 4679 224990.0
323 4830 221059.0
324 4673 217127.0
325 4277 213340.0
326 4226 209533.0
327 4159 205902.0
328 3994 202284.0
329 4084 198465.0
330 4213 194875.0
331 4204 191190.0
332 4178 187727.0
333 3969 184389.0
334 3962 181071.0
335 3887 177608.0
336 3750 174126.0
337 3639 170793.0
338 3558 167562.0
339 3460 164431.0
340 3499 161172.0
341 3439 157920.0
342 3407 154543.0
343 3516 151399.0
344 3527 148241.0
345 3467 145090.0
346 3443 142042.0
347 3309 139196.0
348 3203 136264.0
349 3117 133246.0
350 3201 130503.0
351 3196 127491.0
352 3105 124516.0
353 2983 121998.0
354 2789 119376.0
355 2755 116702.0
356 2831 114057.0
357 2913 111603.0
358 2833 109049.0
359 2785 106432.0
360 2749 104163.0
361 2663 101641.0
362 2582 99421.0
363 2433 96980.0
364 2459 94739.0
365 2480 92483.0
366 2463 90215.0
367 2387 87872.0
368 2300 85670.0
369 2194 83579.0
370 2093 81692.0
371 2082 79629.0
372 2020 77652.0
373 1914 75729.0
374 1796 73755.0
375 1791 71994.0
376 1817 70051.0
377 1912 68106.0
378 1994 66235.0
379 1947 64260.0
380 2005 62629.0
381 1925 60658.0
382 1898 59065.0
383 1750 57499.0
384 1689 55908.0
385 1690 54402.0
386 1598 52945.0
387 1623 51478.0
388 1649 50122.0
389 1522 48808.0
390 1341 47478.0
391 1237 46171.0
392 1225 44995.0
393 1202 43820.0
394 1135 42647.0
395 1177 41264.0
396 1125 40336.0
397 1014 39116.0
398 943 38243.0
399 872 37216.0
400 827 36986.0
401 765 36774.0
402 760 36578.0
403 762 36324.0
404 817 36105.0
405 759 35914.0
406 680 35742.0
407 666 35570.0
408 628 35413.0
409 564 35280.0
410 518 35129.0
411 534 34984.0
412 527 34808.0
413 570 34654.0
414 584 34485.0
415 555 34320.0
416 577 34151.0
417 645 33913.0
418 670 33761.0
419 612 33569.0
420 618 33413.0
421 622 33209.0
422 625 33055.0
423 549 32923.0
424 522 32788.0
425 517 32628.0
426 514 32500.0
427 479 32365.0
428 454 32247.0
429 421 32141.0
430 415 32009.0
431 440 31891.0
432 457 31749.0
433 465 31616.0
434 449 31485.0
435 453 31360.0
436 465 31217.0
437 467 31123.0
438 393 31004.0
439 396 30902.0
440 408 30768.0
441 437 30656.0
442 384 30537.0
443 377 30460.0
444 371 30317.0
445 388 30233.0
446 351 30130.0
447 361 30046.0
448 319 29958.0
449 282 29907.0
450 255 29835.0
451 260 29773.0
452 261 29683.0
453 279 29621.0
454 250 29545.0
455 233 29493.0
456 228 29435.0
457 224 29366.0
458 227 29311.0
459 206 29254.0
460 207 29193.0
461 223 29119.0
462 231 29064.0
463 217 28991.0
464 220 28943.0
465 220 28868.0
466 231 28805.0
467 239 28718.0
468 248 28659.0
469 234 28577.0
470 254 28513.0
471 251 28439.0
472 260 28359.0
473 279 28290.0
474 254 28221.0
475 228 28173.0
476 182 28133.0
477 175 28086.0
478 178 28036.0
479 181 27983.0
480 183 27930.0
481 172 27905.0
482 148 27856.0
483 132 27832.0
484 114 27803.0
485 110 27768.0
486 119 27728.0
487 150 27670.0
488 165 27630.0
489 153 27572.0
490 170 27543.0
491 142 27496.0
492 149 27465.0
493 137 27426.0
494 126 27397.0
495 105 27381.0
496 83 27358.0
497 86 27334.0
498 99 27307.0
499 103 27281.0
500 93 27259.0
501 91 27218.0
502 124 27185.0
503 139 27133.0
504 145 27096.0
505 131 27051.0
506 130 27021.0
507 116 26974.0
508 137 26953.0
509 125 26897.0
510 132 26870.0
511 121 26840.0
512 99 26818.0
513 85 26799.0
514 74 26787.0
515 63 26769.0
516 55 26759.0
517 45 26748.0
518 42 26742.0
519 40 26728.0
520 45 26710.0
521 53 26696.0
522 50 26675.0
523 43 26671.0
524 34 26659.0
525 36 26651.0
526 39 26632.0
527 59 26616.0
528 68 26584.0
529 82 26571.0
530 81 26529.0
531 79 26516.0
532 76 26481.0
533 100 26455.0
534 120 26396.0
535 132 26367.0
536 110 26329.0
537 105 26317.0
538 91 26281.0
539 88 26262.0
540 87 26240.0
541 86 26214.0
542 96 26187.0
543 96 26153.0
544 108 26133.0
545 96 26103.0
546 84 26084.0
547 72 26076.0
548 56 26066.0
549 40 26056.0
550 44 26045.0
551 53 26025.0
552 65 26006.0
553 60 25991.0
554 41 25988.0
555 27 25983.0
556 19 25983.0
557 14 25978.0
558 17 25971.0
559 22 25965.0
560 20 25962.0
561 16 25954.0
562 16 25950.0
563 18 25945.0
564 24 25935.0
565 24 25934.0
566 16 25926.0
567 21 25924.0
568 23 25908.0
569 39 25901.0
570 36 25891.0
571 26 25886.0
572 25 25881.0
573 23 25873.0
574 18 25873.0
575 13 25868.0
576 13 25864.0
577 15 25857.0
578 23 25850.0
579 30 25834.0
580 45 25821.0
581 43 25797.0
582 50 25784.0
583 40 25782.0
584 28 25777.0
585 22 25774.0
586 20 25768.0
587 25 25757.0
588 32 25745.0
589 46 25727.0
590 40 25726.0
591 22 25724.0
592 11 25724.0
593 5 25724.0
594 3 25724.0
595 1 25724.0
596 0 25724.0
597 0 25724.0
598 0 25724.0
599 0 25724.0
600 0 25724.0
601 0 25724.0
602 0 25724.0
603 0 25724.0
604 0 25724.0
605 0 25724.0
606 0 25724.0
607 0 25724.0
608 0 25724.0
609 0 25724.0
610 0 25724.0
611 0 25724.0
612 0 25724.0
613 0 25724.0
614 0 25724.0
615 0 25724.0
616 0 25724.0
617 0 25724.0
618 0 25724.0
619 0 25724.0
620 0 25724.0
621 0 25724.0
622 0 25724.0
623 0 25724.0
624 0 25724.0
625 0 25724.0
626 0 25724.0
627 0 25724.0
628 0 25724.0
629 0 25724.0
630 0 25724.0
631 0 25724.0
632 0 25724.0
633 0 25724.0
634 0 25724.0
635 0 25724.0
636 0 25724.0
637 0 25724.0
638 0 25724.0
639 0 25724.0
640 0 25724.0
641 0 25724.0
642 0 25724.0
643 0 25724.0
644 0 25724.0
645 0 25724.0
646 0 25724.0
647 0 25724.0
648 0 25724.0
649 0 25724.0
650 0 25724.0
651 0 25724.0
652 0 25724.0
653 0 25724.0
654 0 25724.0
655 0 25724.0
656 0 25724.0
657 0 25724.0
658 0 25724.0
659 0 25724.0
660 0 25724.0
661 0 25724.0
662 0 25724.0
663 0 25724.0
664 0 25724.0
665 0 25724.0
666 0 25724.0
667 0 25724.0
668 0 25724.0
669 0 25724.0
670 0 25724.0
671 0 25724.0
672 0 25724.0
673 0 25724.0
674 0 25724.0
675 0 25724.0
676 0 25724.0
677 0 25724.0
678 0 25724.0
679 0 25724.0
680 0 25724.0
681 0 25724.0
682 0 25724.0
683 0 25724.0
684 0 25724.0
685 0 25724.0
686 0 25724.0
687 0 25724.0
688 0 25724.0
689 0 25724.0
690 0 25724.0
691 0 25724.0
692 0 25724.0
693 0 25724.0
694 0 25724.0
695 0 25724.0
696 0 25724.0
697 0 25724.0
698 0 25724.0
699 0 25724.0
700 0 25724.0
701 0 25724.0
702 0 25724.0
703 0 25724.0
704 0 25724.0
705 0 25724.0
706 0 25724.0
707 0 25724.0
708 0 25724.0
709 0 25724.0
710 0 25724.0
711 0 25724.0
712 0 25724.0
713 0 25724.0
714 0 25724.0
715 0 25724.0
716 0 25724.0
717 0 25724.0
718 0 25724.0
719 0 25724.0
720 0 25724.0
721 0 25724.0
722 0 25724.0
723 0 25724.0
724 0 25724.0
725 0 25724.0
726 0 25724.0
727 0 25724.0
728 0 25724.0
729 0 25724.0
730 0 25724.0
731 0 25724.0
732 0 25724.0
733 0 25724.0
734 0 25724.0
735 0 25724.0
736 0 25724.0
737 0 25724.0
738 0 25724.0
739 0 25724.0
740 0 25724.0
741 0 25724.0
742 0 25724.0
743 0 25724.0
744 0 25724.0
745 0 25724.0
746 0 25724.0
747 0 25724.0
748 0 25724.0
749 0 25724.0
750 0 25724.0
751 0 25724.0
752 0 25724.0
753 0 25724.0
754 0 25724.0
755 0 25724.0
756 0 25724.0
757 0 25724.0
758 0 25724.0
759 0 25724.0
760 0 25724.0
761 0 25724.0
762 0 25724.0
763 0 25724.0
764 0 25724.0
765 0 25724.0
766 0 25724.0
767 0 25724.0
768 0 25724.0
769 0 25724.0
770 0 25724.0
771 0 25724.0
772 0 25724.0
773 0 25724.0
774 0 25724.0
775 0 25724.0
776 0 25724.0
777 0 25724.0
778 0 25724.0
779 0 25724.0
780 0 25724.0
781 0 25724.0
782 0 25724.0
783 0 25724.0
784 0 25724.0
785 0 25724.0
786 0 25724.0
787 0 25724.0
788 0 25724.0
789 0 25724.0
790 0 25724.0
791 0 25724.0
792 0 25724.0
793 0 25724.0
794 0 25724.0
795 0 25724.0
796 0 25724.0
797 0 25724.0
798 0 25724.0
799 0 25724.0
800 0 25724.0
801 0 25724.0
802 0 25724.0
803 0 25724.0
804 0 25724.0
805 0 25724.0
806 0 25724.0
807 0 25724.0
808 0 25724.0
809 0 25724.0
810 0 25724.0
811 0 25724.0
812 0 25724.0
813 0 25724.0
814 0 25724.0
815 0 25724.0
816 0 25724.0
817 0 25724.0
818 0 25724.0
819 0 25724.0
820 0 25724.0
821 0 25724.0
822 0 25724.0
823 0 25724.0
824 0 25724.0
825 0 25724.0
826 0 25724.0
827 0 25724.0
828 0 25724.0
829 0 25724.0
830 0 25724.0
831 0 25724.0
832 0 25724.0
833 0 25724.0
834 0 25724.0
835 0 25724.0
836 0 25724.0
837 0 25724.0
838 0 25724.0
839 0 25724.0
840 0 25724.0
841 0 25724.0
842 0 25724.0
843 0 25724.0
844 0 25724.0
845 0 25724.0
846 0 25724.0
847 0 25724.0
848 0 25724.0
849 0 25724.0
850 0 25724.0
851 0 25724.0
852 0 25724.0
853 0 25724.0
854 0 25724.0
855 0 25724.0
856 0 25724.0
857 0 25724.0
858 0 25724.0
859 0 25724.0
860 0 25724.0
861 0 25724.0
862 0 25724.0
863 0 25724.0
864 0 25724.0
865 0 25724.0
866 0 25724.0
867 0 25724.0
868 0 25724.0
869 0 25724.0
870 0 25724.0
871 0 25724.0
872 0 25724.0
873 0 25724.0
874 0 25724.0
875 0 25724.0
876 0 25724.0
877 0 25724.0
878 0 25724.0
879 0 25724.0
880 0 25724.0
881 0 25724.0
882 0 25724.0
883 0 25724.0
884 0 25724.0
885 0 25724.0
886 0 25724.0
887 0 25724.0
888 0 25724.0
889 0 25724.0
890 0 25724.0
891 0 25724.0
892 0 25724.0
893 0 25724.0
894 0 25724.0
895 0 25724.0
896 0 25724.0
897 0 25724.0
898 0 25724.0
899 0 25724.0
900 0 25724.0
901 0 25724.0
902 0 25724.0
903 0 25724.0
904 0 25724.0
905 0 25724.0
906 0 25724.0
907 0 25724.0
908 0 25724.0
909 0 25724.0
910 0 25724.0
911 0 25724.0
912 0 25724.0
913 0 25724.0
914 0 25724.0
915 0 25724.0
916 0 25724.0
917 0 25724.0
918 0 25724.0
919 0 25724.0
920 0 25724.0
921 0 25724.0
922 0 25724.0
923 0 25724.0
924 0 25724.0
925 0 25724.0
926 0 25724.0
927 0 25724.0
928 0 25724.0
929 0 25724.0
930 0 25724.0
931 0 25724.0
932 0 25724.0
933 0 25724.0
934 0 25724.0
935 0 25724.0
936 0 25724.0
937 0 25724.0
938 0 25724.0
939 0 25724.0
940 0 25724.0
941 0 25724.0
942 0 25724.0
943 0 25724.0
944 0 25724.0
945 0 25724.0
946 0 25724.0
947 0 25724.0
948 0 25724.0
949 0 25724.0
950 0 25724.0
951 0 25724.0
952 0 25724.0
953 0 25724.0
954 0 25724.0
955 0 25724.0
956 0 25724.0
957 0 25724.0
958 0 25724.0
959 0 25724.0
960 0 25724.0
961 0 25724.0
962 0 25724.0
963 0 25724.0
964 0 25724.0
965 0 25724.0
966 0 25724.0
967 0 25724.0
968 0 25724.0
969 0 25724.0
970 0 25724.0
971 0 25724.0
972 0 25724.0
973 0 25724.0
974 0 25724.0
975 0 25724.0
976 0 25724.0
977 0 25724.0
978 0 25724.0
979 0 25724.0
980 0 25724.0
981 0 25724.0
982 0 25724.0
983 0 25724.0
984 0 25724.0
985 0 25724.0
986 0 25724.0
987 0 25724.0
988 0 25724.0
989 0 25724.0
990 0 25724.0
991 0 25724.0
992 0 25724.0
993 0 25724.0
994 0 25724.0
995 0 25724.0
996 0 25724.0
997 0 25724.0
998 0 25724.0
999 0 25724.0
1000 0 25724.0
