1 1 14906.0
2 2 20759.0
3 2 26137.0
4 4 31502.0
5 3 36675.0
6 4 41824.0
7 3 46823.0
8 4 51926.0
9 6 57080.0
10 6 62247.0
11 10 67170.0
12 12 71967.0
13 16 77065.0
14 15 82169.0
15 16 86989.0
16 17 92135.0
17 32 97218.0
18 32 102296.0
19 54 107263.0
20 44 112310.0
21 52 117247.0
22 50 122288.0
23 55 127307.0
24 63 132338.0
25 67 137162.0
26 73 142050.0
27 83 147139.0
28 96 152107.0
29 116 157064.0
30 105 161739.0
31 103 166552.0
32 115 171471.0
33 129 176514.0
34 153 181470.0
35 166 186594.0
36 183 191637.0
37 197 196661.0
38 198 201473.0
39 208 206487.0
40 251 211370.0
41 289 216382.0
42 284 221263.0
43 263 226114.0
44 265 231145.0
45 277 236042.0
46 308 240977.0
47 342 245867.0
48 359 250745.0
49 369 255630.0
50 388 260517.0
51 415 265437.0
52 422 270476.0
53 414 275357.0
54 450 280154.0
55 474 284981.0
56 488 289826.0
57 512 294790.0
58 573 299818.0
59 572 304617.0
60 561 309370.0
61 626 314264.0
62 644 319400.0
63 648 324273.0
64 735 329135.0
65 745 333766.0
66 727 338459.0
67 735 343288.0
68 758 348063.0
69 762 352976.0
70 828 357759.0
71 897 362386.0
72 942 366969.0
73 972 371864.0
74 1051 376639.0
75 1080 381517.0
76 1059 386255.0
77 1154 391041.0
78 1251 395525.0
79 1257 400305.0
80 1248 405049.0
81 1254 409837.0
82 1257 414388.0
83 1295 419292.0
84 1361 423894.0
85 1441 428555.0
86 1455 433083.0
87 1509 437725.0
88 1549 442349.0
89 1568 446722.0
90 1630 451363.0
91 1654 455846.0
92 1726 460559.0
93 1755 464999.0
94 1743 469722.0
95 1707 474057.0
96 1764 478775.0
97 1878 483272.0
98 1916 487662.0
99 1925 492159.0
100 1971 496371.0
101 2070 501006.0
102 2106 505465.0
103 2242 509970.0
104 2256 514444.0
105 2162 518953.0
106 2232 523252.0
107 2326 527640.0
108 2482 531806.0
109 2539 535993.0
110 2639 540444.0
111 2632 544463.0
112 2597 548585.0
113 2642 552982.0
114 2639 557172.0
115 2755 561400.0
116 2825 565690.0
117 2813 570008.0
118 2747 574227.0
119 2852 578265.0
120 3089 582411.0
121 3130 586488.0
122 3044 590736.0
123 3035 594996.0
124 3045 599155.0
125 3138 603395.0
126 3460 607375.0
127 3496 611453.0
128 3631 615541.0
129 3676 619549.0
130 3612 623477.0
131 3697 627334.0
132 3969 631053.0
133 4028 634988.0
134 3979 638832.0
135 3888 642820.0
136 3953 646836.0
137 4078 650782.0
138 4445 654492.0
139 4465 658415.0
140 4333 662313.0
141 4213 666183.0
142 4262 669884.0
143 4382 673519.0
144 4426 677127.0
145 4643 680820.0
146 4735 684440.0
147 5073 688017.0
148 5044 691634.0
149 4978 695180.0
150 4875 698692.0
151 4904 702366.0
152 4981 705960.0
153 5363 709675.0
154 5426 713263.0
155 5337 716662.0
156 5409 720295.0
157 5480 723564.0
158 5574 727043.0
159 5532 730541.0
160 5780 733989.0
161 5889 737367.0
162 6010 740921.0
163 6177 744307.0
164 6239 747402.0
165 6283 750809.0
166 6165 754293.0
167 6189 757323.0
168 6569 760509.0
169 6872 763540.0
170 6899 766805.0
171 6880 769972.0
172 6731 773438.0
173 6541 776763.0
174 6524 779814.0
175 6693 782868.0
176 6979 785878.0
177 6967 788832.0
178 7005 791791.0
179 7337 794669.0
180 7632 797492.0
181 7606 800338.0
182 7411 803390.0
183 7466 806143.0
184 7639 808987.0
185 7731 811878.0
186 7774 814605.0
187 8258 817084.0
188 8511 819787.0
189 8358 823071.0
190 8153 826125.0
191 8201 828725.0
192 8445 831276.0
193 8755 833762.0
194 9083 836244.0
195 9198 838944.0
196 9141 841592.0
197 9070 843895.0
198 9259 846292.0
199 9482 848939.0
200 9546 846209.0
201 9125 839440.0
202 8495 833304.0
203 8021 827148.0
204 7796 821271.0
205 7306 815574.0
206 6845 809878.0
207 6625 803839.0
208 6707 798150.0
209 6673 791973.0
210 6758 786122.0
211 6567 779989.0
212 6662 774502.0
213 6432 768802.0
214 6492 763054.0
215 6539 757194.0
216 6478 751572.0
217 6382 745683.0
218 6641 739621.0
219 6938 733647.0
220 6933 727821.0
221 6699 722205.0
222 6552 716511.0
223 6494 710812.0
224 6661 705216.0
225 6802 699397.0
226 6705 693301.0
227 6800 687575.0
228 6769 681629.0
229 6801 676129.0
230 6542 670473.0
231 6650 664766.0
232 6627 658872.0
233 6696 653286.0
234 6615 647453.0
235 6862 641755.0
236 6679 636217.0
237 6437 630665.0
238 6297 625196.0
239 6263 619736.0
240 6539 614112.0
241 6962 608458.0
242 6943 603003.0
243 6677 597433.0
244 6421 592110.0
245 6252 586895.0
246 6228 581212.0
247 6462 575616.0
248 6635 570046.0
249 6786 564789.0
250 6648 559122.0
251 6614 553941.0
252 6307 548219.0
253 6526 543004.0
254 6251 537578.0
255 6382 532194.0
256 6313 526933.0
257 6372 521554.0
258 6565 516185.0
259 6431 510924.0
260 6328 505722.0
261 6116 500660.0
262 6151 495174.0
263 6587 489776.0
264 6653 484328.0
265 6423 479131.0
266 6246 474073.0
267 5994 468767.0
268 5827 463800.0
269 5784 458602.0
270 5766 453613.0
271 5678 448678.0
272 5861 443792.0
273 5983 438584.0
274 6008 433681.0
275 5793 428740.0
276 5945 423909.0
277 5838 419059.0
278 5723 414216.0
279 5792 409290.0
280 5744 404594.0
281 5767 399686.0
282 5781 394629.0
283 5909 389769.0
284 5972 384917.0
285 5688 380119.0
286 5512 375629.0
287 5462 370791.0
288 5810 365838.0
289 5605 361105.0
290 5475 356687.0
291 5409 351879.0
292 5556 347002.0
293 5571 342433.0
294 5528 337610.0
295 5686 332944.0
296 5436 328458.0
297 5461 324098.0
298 5320 319486.0
299 5104 314968.0
300 4970 310633.0
301 4940 306132.0
302 4947 301774.0
303 5034 297213.0
304 5106 293081.0
305 5079 288606.0
306 5082 284321.0
307 5014 280009.0
308 4847 275848.0
309 4733 271625.0
310 4602 267445.0
311 4641 263417.0
312 4703 259208.0
313 4884 255013.0
314 4932 250952.0
315 4855 246790.0
316 4811 242747.0
317 4595 239031.0
318 4424 235090.0
319 4382 231263.0
320 4280 227479.0
321 4049 223603.0
322 4060 220071.0
323 4202 216211.0
324 4439 212369.0
325 4401 208668.0
326 4352 205056.0
327 4304 201466.0
328 4337 197789.0
329 4271 194165.0
330 4092 190621.0
331 4048 187057.0
332 4084 183325.0
333 4173 179632.0
334 4158 176211.0
335 4108 172854.0
336 3978 169617.0
337 3859 166132.0
338 3801 162912.0
339 3664 159672.0
340 3550 156561.0
341 3502 153527.0
342 3425 150533.0
343 3359 147541.0
344 3243 144731.0
345 3144 141782.0
346 3145 138956.0
347 3195 135757.0
348 3244 132849.0
349 3159 130072.0
350 3078 127319.0
351 2964 124462.0
352 2931 121832.0
353 2966 119174.0
354 2990 116442.0
355 3009 113754.0
356 2930 111278.0
357 2852 108757.0
358 2924 106178.0
359 2944 103482.0
360 2955 101279.0
361 2866 98986.0
362 2798 96728.0
363 2657 94435.0
364 2507 92193.0
365 2424 89921.0
366 2453 87769.0
367 2445 85663.0
368 2505 83598.0
369 2351 81475.0
370 2194 79573.0
371 2119 77404.0
372 2062 75433.0
373 2070 73486.0
374 1982 71744.0
375 1872 69920.0
376 1835 68219.0
377 1743 66529.0
378 1692 64862.0
379 1643 63244.0
380 1796 61640.0
381 1762 60067.0
382 1770 58595.0
383 1716 56891.0
384 1723 55303.0
385 1682 53683.0
386 1674 52190.0
387 1641 50612.0
388 1602 49196.0
389 1585 47903.0
390 1566 46490.0
391 1545 45267.0
392 1486 43991.0
393 1412 42662.0
394 1313 41385.0
395 1325 40088.0
396 1248 38966.0
397 1215 37967.0
398 1195 36843.0
399 1138 35992.0
400 1028 35713.0
401 909 35522.0
402 831 35286.0
403 794 35098.0
404 750 34893.0
405 704 34706.0
406 699 34488.0
407 749 34296.0
408 742 34051.0
409 677 33917.0
410 574 33758.0
411 537 33616.0
412 528 33490.0
413 505 33340.0
414 485 33202.0
415 482 33096.0
416 466 32934.0
417 473 32808.0
418 469 32683.0
419 470 32560.0
420 435 32450.0
421 404 32323.0
422 405 32222.0
423 414 32088.0
424 438 31961.0
425 430 31858.0
426 398 31751.0
427 400 31629.0
428 410 31539.0
429 386 31408.0
430 407 31325.0
431 376 31206.0
432 346 31144.0
433 315 31033.0
434 346 30941.0
435 336 30840.0
436 325 30757.0
437 284 30690.0
438 262 30633.0
439 255 30550.0
440 256 30479.0
441 263 30407.0
442 243 30343.0
443 249 30261.0
444 277 30184.0
445 279 30089.0
446 289 30015.0
447 275 29952.0
448 247 29882.0
449 222 29824.0
450 216 29772.0
451 220 29689.0
452 249 29622.0
453 254 29542.0
454 265 29472.0
455 255 29405.0
456 232 29337.0
457 241 29278.0
458 223 29222.0
459 215 29155.0
460 235 29088.0
461 236 29016.0
462 225 28950.0
463 223 28888.0
464 221 28834.0
465 211 28765.0
466 210 28717.0
467 217 28640.0
468 241 28569.0
469 252 28484.0
470 271 28415.0
471 256 28343.0
472 233 28285.0
473 213 28242.0
474 193 28184.0
475 196 28132.0
476 210 28059.0
477 227 28007.0
478 214 27924.0
479 224 27878.0
480 188 27831.0
481 166 27792.0
482 172 27742.0
483 172 27693.0
484 163 27649.0
485 154 27595.0
486 157 27563.0
487 159 27506.0
488 182 27447.0
489 208 27379.0
490 218 27325.0
491 193 27267.0
492 165 27226.0
493 135 27199.0
494 114 27180.0
495 93 27162.0
496 78 27141.0
497 76 27121.0
498 86 27091.0
499 111 27048.0
500 129 27008.0
501 138 26969.0
502 147 26920.0
503 163 26869.0
504 162 26842.0
505 147 26778.0
506 176 26749.0
507 145 26721.0
508 102 26711.0
509 78 26696.0
510 66 26677.0
511 72 26654.0
512 79 26630.0
513 82 26604.0
514 92 26578.0
515 96 26546.0
516 105 26513.0
517 123 26473.0
518 114 26451.0
519 90 26429.0
520 86 26403.0
521 99 26366.0
522 104 26339.0
523 105 26297.0
524 136 26264.0
525 155 26192.0
526 162 26162.0
527 128 26127.0
528 107 26102.0
529 96 26080.0
530 101 26048.0
531 109 26020.0
532 104 25988.0
533 84 25975.0
534 67 25955.0
535 67 25945.0
536 67 25912.0
537 97 25888.0
538 105 25837.0
539 122 25806.0
540 105 25788.0
541 78 25767.0
542 77 25751.0
543 83 25719.0
544 104 25684.0
545 120 25648.0
546 124 25608.0
547 114 25589.0
548 99 25564.0
549 82 25546.0
550 74 25528.0
551 63 25513.0
552 64 25497.0
553 61 25482.0
554 62 25461.0
555 72 25439.0
556 72 25421.0
557 76 25395.0
558 79 25371.0
559 84 25342.0
560 86 25322.0
561 76 25305.0
562 67 25281.0
563 83 25258.0
564 92 25219.0
565 117 25185.0
566 143 25118.0
567 173 25090.0
568 144 25051.0
569 112 25044.0
570 78 25023.0
571 73 25009.0
572 75 24981.0
573 89 24954.0
574 88 24927.0
575 95 24897.0
576 96 24884.0
577 74 24861.0
578 68 24848.0
579 51 24835.0
580 57 24814.0
581 73 24791.0
582 97 24746.0
583 100 24733.0
584 69 24713.0
585 55 24706.0
586 47 24690.0
587 42 24678.0
588 46 24671.0
589 38 24657.0
590 34 24649.0
591 40 24637.0
592 37 24633.0
593 26 24621.0
594 35 24619.0
595 30 24605.0
596 32 24602.0
597 32 24584.0
598 50 24572.0
599 46 24560.0
600 35 24554.0
601 30 24543.0
602 37 24534.0
603 31 24524.0
604 25 24523.0
605 18 24515.0
606 29 24511.0
607 26 24503.0
608 21 24499.0
609 24 24493.0
610 22 24489.0
611 21 24481.0
612 20 24478.0
613 18 24471.0
614 24 24465.0
615 27 24452.0
616 29 24452.0
617 20 24441.0
618 22 24438.0
619 24 24422.0
620 40 24415.0
621 41 24389.0
622 46 24387.0
623 30 24379.0
624 32 24371.0
625 34 24357.0
626 45 24343.0
627 55 24319.0
628 60 24309.0
629 45 24288.0
630 52 24284.0
631 43 24271.0
632 38 24268.0
633 27 24257.0
634 30 24251.0
635 34 24235.0
636 51 24218.0
637 67 24186.0
638 68 24184.0
639 46 24164.0
640 48 24155.0
641 45 24143.0
642 43 24130.0
643 48 24120.0
644 47 24106.0
645 45 24089.0
646 54 24079.0
647 58 24051.0
648 71 24037.0
649 68 24013.0
650 70 23995.0
651 77 23969.0
652 86 23940.0
653 75 23935.0
654 55 23922.0
655 36 23920.0
656 24 23918.0
657 16 23915.0
658 13 23911.0
659 11 23909.0
660 11 23906.0
661 12 23902.0
662 14 23896.0
663 15 23893.0
664 15 23885.0
665 21 23879.0
666 25 23870.0
667 24 23867.0
668 18 23861.0
669 20 23854.0
670 26 23848.0
671 22 23842.0
672 15 23841.0
673 12 23835.0
674 14 23831.0
675 16 23825.0
676 22 23816.0
677 22 23810.0
678 21 23805.0
679 19 23797.0
680 23 23792.0
681 29 23775.0
682 46 23763.0
683 52 23740.0
684 48 23731.0
685 33 23721.0
686 33 23710.0
687 38 23704.0
688 38 23687.0
689 44 23677.0
690 42 23666.0
691 42 23650.0
692 48 23635.0
693 54 23621.0
694 48 23606.0
695 48 23594.0
696 42 23582.0
697 32 23576.0
698 28 23568.0
699 33 23559.0
700 36 23543.0
701 49 23529.0
702 45 23520.0
703 31 23511.0
704 30 23508.0
705 27 23503.0
706 22 23492.0
707 36 23484.0
708 34 23476.0
709 27 23469.0
710 24 23466.0
711 25 23453.0
712 34 23446.0
713 34 23437.0
714 28 23430.0
715 21 23425.0
716 23 23418.0
717 23 23415.0
718 17 23408.0
719 18 23405.0
720 17 23399.0
721 24 23390.0
722 33 23375.0
723 40 23365.0
724 33 23360.0
725 27 23349.0
726 32 23343.0
727 32 23330.0
728 41 23319.0
729 47 23294.0
730 70 23279.0
731 62 23261.0
732 51 23251.0
733 60 23227.0
734 57 23218.0
735 47 23205.0
736 49 23184.0
737 49 23178.0
738 40 23165.0
739 44 23154.0
740 34 23150.0
741 21 23147.0
742 14 23146.0
743 14 23138.0
744 21 23134.0
745 16 23130.0
746 11 23129.0
747 9 23125.0
748 9 23125.0
749 10 23117.0
750 18 23115.0
751 20 23099.0
752 35 23096.0
753 27 23088.0
754 19 23084.0
755 12 23082.0
756 13 23080.0
757 14 23071.0
758 24 23067.0
759 19 23063.0
760 12 23062.0
761 6 23062.0
762 3 23062.0
763 1 23062.0
764 0 23062.0
765 0 23062.0
766 0 23062.0
767 0 23062.0
768 0 23062.0
769 0 23062.0
770 0 23062.0
771 0 23062.0
772 0 23062.0
773 0 23062.0
774 0 23062.0
775 0 23062.0
776 0 23062.0
777 0 23062.0
778 0 23062.0
779 0 23062.0
780 0 23062.0
781 0 23062.0
782 0 23062.0
783 0 23062.0
784 0 23062.0
785 0 23062.0
786 0 23062.0
787 0 23062.0
788 0 23062.0
789 0 23062.0
790 0 23062.0
791 0 23062.0
792 0 23062.0
793 0 23062.0
794 0 23062.0
795 0 23062.0
796 0 23062.0
797 0 23062.0
798 0 23062.0
799 0 23062.0
800 0 23062.0
801 0 23062.0
802 0 23062.0
803 0 23062.0
804 0 23062.0
805 0 23062.0
806 0 23062.0
807 0 23062.0
808 0 23062.0
809 0 23062.0
810 0 23062.0
811 0 23062.0
812 0 23062.0
813 0 23062.0
814 0 23062.0
815 0 23062.0
816 0 23062.0
817 0 23062.0
818 0 23062.0
819 0 23062.0
820 0 23062.0
821 0 23062.0
822 0 23062.0
823 0 23062.0
824 0 23062.0
825 0 23062.0
826 0 23062.0
827 0 23062.0
828 0 23062.0
829 0 23062.0
830 0 23062.0
831 0 23062.0
832 0 23062.0
833 0 23062.0
834 0 23062.0
835 0 23062.0
836 0 23062.0
837 0 23062.0
838 0 23062.0
839 0 23062.0
840 0 23062.0
841 0 23062.0
842 0 23062.0
843 0 23062.0
844 0 23062.0
845 0 23062.0
846 0 23062.0
847 0 23062.0
848 0 23062.0
849 0 23062.0
850 0 23062.0
851 0 23062.0
852 0 23062.0
853 0 23062.0
854 0 23062.0
855 0 23062.0
856 0 23062.0
857 0 23062.0
858 0 23062.0
859 0 23062.0
860 0 23062.0
861 0 23062.0
862 0 23062.0
863 0 23062.0
864 0 23062.0
865 0 23062.0
866 0 23062.0
867 0 23062.0
868 0 23062.0
869 0 23062.0
870 0 23062.0
871 0 23062.0
872 0 23062.0
873 0 23062.0
874 0 23062.0
875 0 23062.0
876 0 23062.0
877 0 23062.0
878 0 23062.0
879 0 23062.0
880 0 23062.0
881 0 23062.0
882 0 23062.0
883 0 23062.0
884 0 23062.0
885 0 23062.0
886 0 23062.0
887 0 23062.0
888 0 23062.0
889 0 23062.0
890 0 23062.0
891 0 23062.0
892 0 23062.0
893 0 23062.0
894 0 23062.0
895 0 23062.0
896 0 23062.0
897 0 23062.0
898 0 23062.0
899 0 23062.0
900 0 23062.0
901 0 23062.0
902 0 23062.0
903 0 23062.0
904 0 23062.0
905 0 23062.0
906 0 23062.0
907 0 23062.0
908 0 23062.0
909 0 23062.0
910 0 23062.0
911 0 23062.0
912 0 23062.0
913 0 23062.0
914 0 23062.0
915 0 23062.0
916 0 23062.0
917 0 23062.0
918 0 23062.0
919 0 23062.0
920 0 23062.0
921 0 23062.0
922 0 23062.0
923 0 23062.0
924 0 23062.0
925 0 23062.0
926 0 23062.0
927 0 23062.0
928 0 23062.0
929 0 23062.0
930 0 23062.0
931 0 23062.0
932 0 23062.0
933 0 23062.0
934 0 23062.0
935 0 23062.0
936 0 23062.0
937 0 23062.0
938 0 23062.0
939 0 23062.0
940 0 23062.0
941 0 23062.0
942 0 23062.0
943 0 23062.0
944 0 23062.0
945 0 23062.0
946 0 23062.0
947 0 23062.0
948 0 23062.0
949 0 23062.0
950 0 23062.0
951 0 23062.0
952 0 23062.0
953 0 23062.0
954 0 23062.0
955 0 23062.0
956 0 23062.0
957 0 23062.0
958 0 23062.0
959 0 23062.0
960 0 23062.0
961 0 23062.0
962 0 23062.0
963 0 23062.0
964 0 23062.0
965 0 23062.0
966 0 23062.0
967 0 23062.0
968 0 23062.0
969 0 23062.0
970 0 23062.0
971 0 23062.0
972 0 23062.0
973 0 23062.0
974 0 23062.0
975 0 23062.0
976 0 23062.0
977 0 23062.0
978 0 23062.0
979 0 23062.0
980 0 23062.0
981 0 23062.0
982 0 23062.0
983 0 23062.0
984 0 23062.0
985 0 23062.0
986 0 23062.0
987 0 23062.0
988 0 23062.0
989 0 23062.0
990 0 23062.0
991 0 23062.0
992 0 23062.0
993 0 23062.0
994 0 23062.0
995 0 23062.0
996 0 23062.0
997 0 23062.0
998 0 23062.0
999 0 23062.0
1000 0 23062.0
