1 1 15088.0
2 2 20664.0
3 2 26009.0
4 2 31348.0
5 2 36321.0
6 4 41323.0
7 4 46437.0
8 4 51623.0
9 4 56600.0
10 8 61857.0
11 6 67067.0
12 7 72115.0
13 6 77400.0
14 10 82625.0
15 12 87815.0
16 16 92888.0
17 18 97991.0
18 25 103053.0
19 28 108103.0
20 31 113218.0
21 35 118346.0
22 34 123400.0
23 40 128377.0
24 41 133391.0
25 53 138378.0
26 68 143216.0
27 74 148139.0
28 69 152941.0
29 89 157891.0
30 88 162621.0
31 116 167643.0
32 119 172727.0
33 129 177635.0
34 125 182647.0
35 150 187428.0
36 153 192420.0
37 154 197380.0
38 160 202277.0
39 168 207265.0
40 191 212069.0
41 193 217076.0
42 214 221980.0
43 221 226906.0
44 228 231886.0
45 269 236862.0
46 299 241755.0
47 300 246714.0
48 330 251633.0
49 345 256511.0
50 372 261382.0
51 414 266441.0
52 445 271235.0
53 465 276168.0
54 457 280828.0
55 501 285866.0
56 472 290718.0
57 483 295588.0
58 539 300446.0
59 577 305005.0
60 618 309730.0
61 655 314850.0
62 614 319656.0
63 632 324544.0
64 673 329338.0
65 706 334046.0
66 681 338990.0
67 751 343578.0
68 819 348249.0
69 852 352936.0
70 959 357763.0
71 964 362596.0
72 1011 367568.0
73 1057 372316.0
74 1055 376881.0
75 1023 381766.0
76 1082 386377.0
77 1141 391060.0
78 1203 395800.0
79 1209 400441.0
80 1217 405196.0
81 1275 409773.0
82 1265 414448.0
83 1250 419186.0
84 1286 423687.0
85 1453 428344.0
86 1449 432786.0
87 1464 437532.0
88 1402 442028.0
89 1484 446781.0
90 1482 451378.0
91 1534 456016.0
92 1561 460429.0
93 1580 465019.0
94 1637 469533.0
95 1863 473820.0
96 1896 478219.0
97 1947 482612.0
98 2005 487085.0
99 2026 491593.0
100 2076 496049.0
101 2065 500452.0
102 2155 504949.0
103 2238 509046.0
104 2367 513468.0
105 2340 517841.0
106 2351 522207.0
107 2309 526398.0
108 2306 530630.0
109 2338 535096.0
110 2436 539450.0
111 2532 543824.0
112 2585 548037.0
113 2586 552617.0
114 2615 556887.0
115 2668 561287.0
116 2737 565664.0
117 2758 569963.0
118 2812 573984.0
119 2967 578220.0
120 3091 582220.0
121 3275 586265.0
122 3335 590228.0
123 3308 594311.0
124 3285 598239.0
125 3277 602471.0
126 3319 606396.0
127 3568 610376.0
128 3553 614504.0
129 3521 618599.0
130 3582 622292.0
131 3695 626152.0
132 3630 630242.0
133 3626 634476.0
134 3815 638459.0
135 3892 642423.0
136 4103 646488.0
137 4232 649987.0
138 4301 654117.0
139 4226 657903.0
140 4382 661845.0
141 4440 665508.0
142 4652 669444.0
143 4746 673284.0
144 4734 676987.0
145 4683 680757.0
146 4729 684462.0
147 4859 688437.0
148 4985 692108.0
149 5247 695599.0
150 5175 699303.0
151 5197 702792.0
152 5180 706481.0
153 5118 710130.0
154 5345 713662.0
155 5588 716809.0
156 5910 720313.0
157 5647 723923.0
158 5473 727686.0
159 5452 731292.0
160 5596 734795.0
161 5827 738244.0
162 6142 741543.0
163 6196 744908.0
164 6073 748377.0
165 6049 751702.0
166 6290 754923.0
167 6375 758509.0
168 6270 761971.0
169 6383 765261.0
170 6772 768309.0
171 7122 771404.0
172 7159 774530.0
173 7270 777791.0
174 7068 780766.0
175 6897 783847.0
176 6983 786875.0
177 7198 789786.0
178 7527 792757.0
179 7659 795526.0
180 7696 798470.0
181 7575 801333.0
182 7643 804445.0
183 7809 807004.0
184 7863 809648.0
185 8042 812537.0
186 7925 815390.0
187 8011 818175.0
188 8345 821001.0
189 8542 823696.0
190 8556 826590.0
191 8367 829390.0
192 8474 832069.0
193 8656 834627.0
194 8814 837351.0
195 8988 839803.0
196 9304 842128.0
197 9474 844532.0
198 9376 846825.0
199 9489 849474.0
200 9486 846578.0
201 9197 840209.0
202 8381 833733.0
203 8173 827673.0
204 7949 821500.0
205 7649 815622.0
206 7544 809658.0
207 7375 803622.0
208 6945 797781.0
209 6691 791945.0
210 6629 786072.0
211 6933 780296.0
212 7059 774135.0
213 6895 768473.0
214 6799 762409.0
215 6950 756650.0
216 6721 750689.0
217 6647 745120.0
218 6368 739457.0
219 6419 733705.0
220 6588 727749.0
221 6786 721796.0
222 6928 715853.0
223 6863 710000.0
224 6895 703983.0
225 6903 698251.0
226 6761 692557.0
227 6691 686978.0
228 6460 681382.0
229 6435 675744.0
230 6671 669849.0
231 6870 664152.0
232 6671 658704.0
233 6353 653004.0
234 6448 647392.0
235 6568 641639.0
236 6694 636131.0
237 6721 630555.0
238 6482 625258.0
239 6256 619363.0
240 6553 613965.0
241 6294 608504.0
242 6391 602777.0
243 6571 597254.0
244 6578 591807.0
245 6623 586069.0
246 6486 580695.0
247 6393 575134.0
248 6502 569850.0
249 6518 564161.0
250 6598 558716.0
251 6446 553099.0
252 6393 547704.0
253 6175 542393.0
254 6177 537039.0
255 6341 531752.0
256 6265 526475.0
257 6086 521207.0
258 6222 515867.0
259 6302 510571.0
260 6116 505286.0
261 6145 500057.0
262 6258 494650.0
263 6433 489183.0
264 6463 484021.0
265 6240 478784.0
266 6215 473801.0
267 6065 468613.0
268 6114 463350.0
269 6159 458077.0
270 6364 452735.0
271 6549 447567.0
272 6506 442264.0
273 6173 437214.0
274 5823 432387.0
275 5647 427429.0
276 5721 422506.0
277 5958 417602.0
278 6012 412878.0
279 6044 407719.0
280 6077 402993.0
281 5936 397958.0
282 5986 393089.0
283 6005 388069.0
284 6017 383127.0
285 6067 378255.0
286 5969 373493.0
287 5823 368798.0
288 5712 364297.0
289 5434 359560.0
290 5474 355020.0
291 5481 350430.0
292 5441 345767.0
293 5439 341280.0
294 5272 336822.0
295 5155 332371.0
296 5192 328057.0
297 5284 323601.0
298 5321 319278.0
299 5338 314923.0
300 5029 310570.0
301 4774 306260.0
302 4909 301989.0
303 4991 297502.0
304 5066 293138.0
305 5179 289014.0
306 5045 284885.0
307 4928 280529.0
308 5074 276365.0
309 5056 272254.0
310 4976 268079.0
311 4934 263883.0
312 4832 259909.0
313 4826 255703.0
314 4921 251709.0
315 4781 247631.0
316 4532 243811.0
317 4434 239877.0
318 4557 235791.0
319 4681 231817.0
320 4684 227831.0
321 4631 223864.0
322 4690 220060.0
323 4638 216377.0
324 4582 212594.0
325 4362 208951.0
326 4363 205332.0
327 4208 201720.0
328 4067 198297.0
329 4025 194713.0
330 4136 191016.0
331 4167 187442.0
332 4117 183690.0
333 4131 180259.0
334 3987 176911.0
335 3851 173615.0
336 3788 170385.0
337 3737 167118.0
338 3585 163788.0
339 3615 160411.0
340 3679 157228.0
341 3696 153992.0
342 3766 150910.0
343 3712 147556.0
344 3552 144413.0
345 3472 141249.0
346 3495 138271.0
347 3282 135365.0
348 3269 132493.0
349 3147 129554.0
350 3115 126632.0
351 3142 124005.0
352 3252 121247.0
353 3107 118542.0
354 3120 116041.0
355 3064 113503.0
356 3010 111028.0
357 2907 108419.0
358 2868 105765.0
359 2812 103272.0
360 2674 100855.0
361 2532 98669.0
362 2511 96263.0
363 2524 93824.0
364 2540 91571.0
365 2553 89289.0
366 2459 87084.0
367 2393 84875.0
368 2317 82804.0
369 2364 80732.0
370 2442 78593.0
371 2387 76599.0
372 2314 74615.0
373 2145 72722.0
374 1998 70904.0
375 1951 68897.0
376 1994 67195.0
377 2008 65634.0
378 1976 63992.0
379 1987 62366.0
380 2000 60568.0
381 1923 58959.0
382 1773 57389.0
383 1758 55841.0
384 1739 54295.0
385 1698 52700.0
386 1692 51312.0
387 1683 49993.0
388 1654 48468.0
389 1494 47172.0
390 1376 45858.0
391 1330 44498.0
392 1326 43253.0
393 1233 41945.0
394 1148 40903.0
395 1150 39864.0
396 1125 38811.0
397 1058 37829.0
398 1048 36801.0
399 1001 35741.0
400 974 35486.0
401 913 35217.0
402 904 34953.0
403 941 34683.0
404 924 34408.0
405 895 34158.0
406 864 33950.0
407 787 33736.0
408 720 33576.0
409 664 33359.0
410 710 33184.0
411 719 32958.0
412 713 32771.0
413 709 32570.0
414 668 32400.0
415 621 32249.0
416 573 32101.0
417 546 31948.0
418 534 31827.0
419 489 31690.0
420 489 31542.0
421 520 31408.0
422 498 31249.0
423 468 31143.0
424 452 31035.0
425 440 30888.0
426 460 30785.0
427 426 30658.0
428 416 30551.0
429 397 30463.0
430 354 30357.0
431 334 30272.0
432 311 30186.0
433 296 30110.0
434 270 30048.0
435 262 29978.0
436 280 29873.0
437 313 29784.0
438 288 29715.0
439 244 29655.0
440 239 29597.0
441 242 29512.0
442 260 29455.0
443 244 29373.0
444 283 29281.0
445 309 29199.0
446 271 29134.0
447 251 29067.0
448 252 28989.0
449 252 28929.0
450 221 28860.0
451 228 28809.0
452 233 28726.0
453 237 28670.0
454 211 28612.0
455 180 28573.0
456 175 28522.0
457 174 28485.0
458 165 28424.0
459 186 28389.0
460 188 28311.0
461 222 28248.0
462 219 28184.0
463 210 28129.0
464 196 28076.0
465 201 28026.0
466 189 27962.0
467 186 27922.0
468 175 27867.0
469 168 27819.0
470 168 27787.0
471 141 27739.0
472 139 27708.0
473 134 27671.0
474 125 27632.0
475 116 27600.0
476 121 27568.0
477 125 27534.0
478 135 27490.0
479 163 27433.0
480 158 27400.0
481 118 27378.0
482 94 27363.0
483 91 27335.0
484 97 27298.0
485 123 27266.0
486 125 27220.0
487 123 27204.0
488 114 27159.0
489 141 27116.0
490 165 27060.0
491 166 27009.0
492 153 26980.0
493 137 26931.0
494 131 26904.0
495 123 26868.0
496 128 26833.0
497 131 26786.0
498 131 26747.0
499 121 26719.0
500 114 26693.0
501 104 26670.0
502 89 26649.0
503 72 26641.0
504 55 26625.0
505 62 26617.0
506 56 26596.0
507 56 26583.0
508 65 26556.0
509 61 26542.0
510 48 26533.0
511 43 26516.0
512 53 26505.0
513 56 26484.0
514 62 26464.0
515 65 26447.0
516 57 26433.0
517 51 26419.0
518 51 26404.0
519 42 26397.0
520 28 26392.0
521 24 26388.0
522 21 26382.0
523 17 26381.0
524 12 26376.0
525 14 26375.0
526 13 26370.0
527 9 26370.0
528 5 26369.0
529 5 26367.0
530 3 26366.0
531 4 26365.0
532 4 26362.0
533 5 26362.0
534 6 26358.0
535 10 26356.0
536 12 26348.0
537 17 26346.0
538 13 26341.0
539 10 26339.0
540 7 26339.0
541 5 26337.0
542 3 26337.0
543 1 26337.0
544 2 26337.0
545 2 26335.0
546 4 26335.0
547 4 26331.0
548 8 26331.0
549 8 26323.0
550 16 26323.0
551 16 26307.0
552 32 26307.0
553 24 26306.0
554 12 26306.0
555 6 26306.0
556 3 26306.0
557 1 26306.0
558 0 26306.0
559 0 26306.0
560 0 26306.0
561 0 26306.0
562 0 26306.0
563 0 26306.0
564 0 26306.0
565 0 26306.0
566 0 26306.0
567 0 26306.0
568 0 26306.0
569 0 26306.0
570 0 26306.0
571 0 26306.0
572 0 26306.0
573 0 26306.0
574 0 26306.0
575 0 26306.0
576 0 26306.0
577 0 26306.0
578 0 26306.0
579 0 26306.0
580 0 26306.0
581 0 26306.0
582 0 26306.0
583 0 26306.0
584 0 26306.0
585 0 26306.0
586 0 26306.0
587 0 26306.0
588 0 26306.0
589 0 26306.0
590 0 26306.0
591 0 26306.0
592 0 26306.0
593 0 26306.0
594 0 26306.0
595 0 26306.0
596 0 26306.0
597 0 26306.0
598 0 26306.0
599 0 26306.0
600 0 26306.0
601 0 26306.0
602 0 26306.0
603 0 26306.0
604 0 26306.0
605 0 26306.0
606 0 26306.0
607 0 26306.0
608 0 26306.0
609 0 26306.0
610 0 26306.0
611 0 26306.0
612 0 26306.0
613 0 26306.0
614 0 26306.0
615 0 26306.0
616 0 26306.0
617 0 26306.0
618 0 26306.0
619 0 26306.0
620 0 26306.0
621 0 26306.0
622 0 26306.0
623 0 26306.0
624 0 26306.0
625 0 26306.0
626 0 26306.0
627 0 26306.0
628 0 26306.0
629 0 26306.0
630 0 26306.0
631 0 26306.0
632 0 26306.0
633 0 26306.0
634 0 26306.0
635 0 26306.0
636 0 26306.0
637 0 26306.0
638 0 26306.0
639 0 26306.0
640 0 26306.0
641 0 26306.0
642 0 26306.0
643 0 26306.0
644 0 26306.0
645 0 26306.0
646 0 26306.0
647 0 26306.0
648 0 26306.0
649 0 26306.0
650 0 26306.0
651 0 26306.0
652 0 26306.0
653 0 26306.0
654 0 26306.0
655 0 26306.0
656 0 26306.0
657 0 26306.0
658 0 26306.0
659 0 26306.0
660 0 26306.0
661 0 26306.0
662 0 26306.0
663 0 26306.0
664 0 26306.0
665 0 26306.0
666 0 26306.0
667 0 26306.0
668 0 26306.0
669 0 26306.0
670 0 26306.0
671 0 26306.0
672 0 26306.0
673 0 26306.0
674 0 26306.0
675 0 26306.0
676 0 26306.0
677 0 26306.0
678 0 26306.0
679 0 26306.0
680 0 26306.0
681 0 26306.0
682 0 26306.0
683 0 26306.0
684 0 26306.0
685 0 26306.0
686 0 26306.0
687 0 26306.0
688 0 26306.0
689 0 26306.0
690 0 26306.0
691 0 26306.0
692 0 26306.0
693 0 26306.0
694 0 26306.0
695 0 26306.0
696 0 26306.0
697 0 26306.0
698 0 26306.0
699 0 26306.0
700 0 26306.0
701 0 26306.0
702 0 26306.0
703 0 26306.0
704 0 26306.0
705 0 26306.0
706 0 26306.0
707 0 26306.0
708 0 26306.0
709 0 26306.0
710 0 26306.0
711 0 26306.0
712 0 26306.0
713 0 26306.0
714 0 26306.0
715 0 26306.0
716 0 26306.0
717 0 26306.0
718 0 26306.0
719 0 26306.0
720 0 26306.0
721 0 26306.0
722 0 26306.0
723 0 26306.0
724 0 26306.0
725 0 26306.0
726 0 26306.0
727 0 26306.0
728 0 26306.0
729 0 26306.0
730 0 26306.0
731 0 26306.0
732 0 26306.0
733 0 26306.0
734 0 26306.0
735 0 26306.0
736 0 26306.0
737 0 26306.0
738 0 26306.0
739 0 26306.0
740 0 26306.0
741 0 26306.0
742 0 26306.0
743 0 26306.0
744 0 26306.0
745 0 26306.0
746 0 26306.0
747 0 26306.0
748 0 26306.0
749 0 26306.0
750 0 26306.0
751 0 26306.0
752 0 26306.0
753 0 26306.0
754 0 26306.0
755 0 26306.0
756 0 26306.0
757 0 26306.0
758 0 26306.0
759 0 26306.0
760 0 26306.0
761 0 26306.0
762 0 26306.0
763 0 26306.0
764 0 26306.0
765 0 26306.0
766 0 26306.0
767 0 26306.0
768 0 26306.0
769 0 26306.0
770 0 26306.0
771 0 26306.0
772 0 26306.0
773 0 26306.0
774 0 26306.0
775 0 26306.0
776 0 26306.0
777 0 26306.0
778 0 26306.0
779 0 26306.0
780 0 26306.0
781 0 26306.0
782 0 26306.0
783 0 26306.0
784 0 26306.0
785 0 26306.0
786 0 26306.0
787 0 26306.0
788 0 26306.0
789 0 26306.0
790 0 26306.0
791 0 26306.0
792 0 26306.0
793 0 26306.0
794 0 26306.0
795 0 26306.0
796 0 26306.0
797 0 26306.0
798 0 26306.0
799 0 26306.0
800 0 26306.0
801 0 26306.0
802 0 26306.0
803 0 26306.0
804 0 26306.0
805 0 26306.0
806 0 26306.0
807 0 26306.0
808 0 26306.0
809 0 26306.0
810 0 26306.0
811 0 26306.0
812 0 26306.0
813 0 26306.0
814 0 26306.0
815 0 26306.0
816 0 26306.0
817 0 26306.0
818 0 26306.0
819 0 26306.0
820 0 26306.0
821 0 26306.0
822 0 26306.0
823 0 26306.0
824 0 26306.0
825 0 26306.0
826 0 26306.0
827 0 26306.0
828 0 26306.0
829 0 26306.0
830 0 26306.0
831 0 26306.0
832 0 26306.0
833 0 26306.0
834 0 26306.0
835 0 26306.0
836 0 26306.0
837 0 26306.0
838 0 26306.0
839 0 26306.0
840 0 26306.0
841 0 26306.0
842 0 26306.0
843 0 26306.0
844 0 26306.0
845 0 26306.0
846 0 26306.0
847 0 26306.0
848 0 26306.0
849 0 26306.0
850 0 26306.0
851 0 26306.0
852 0 26306.0
853 0 26306.0
854 0 26306.0
855 0 26306.0
856 0 26306.0
857 0 26306.0
858 0 26306.0
859 0 26306.0
860 0 26306.0
861 0 26306.0
862 0 26306.0
863 0 26306.0
864 0 26306.0
865 0 26306.0
866 0 26306.0
867 0 26306.0
868 0 26306.0
869 0 26306.0
870 0 26306.0
871 0 26306.0
872 0 26306.0
873 0 26306.0
874 0 26306.0
875 0 26306.0
876 0 26306.0
877 0 26306.0
878 0 26306.0
879 0 26306.0
880 0 26306.0
881 0 26306.0
882 0 26306.0
883 0 26306.0
884 0 26306.0
885 0 26306.0
886 0 26306.0
887 0 26306.0
888 0 26306.0
889 0 26306.0
890 0 26306.0
891 0 26306.0
892 0 26306.0
893 0 26306.0
894 0 26306.0
895 0 26306.0
896 0 26306.0
897 0 26306.0
898 0 26306.0
899 0 26306.0
900 0 26306.0
901 0 26306.0
902 0 26306.0
903 0 26306.0
904 0 26306.0
905 0 26306.0
906 0 26306.0
907 0 26306.0
908 0 26306.0
909 0 26306.0
910 0 26306.0
911 0 26306.0
912 0 26306.0
913 0 26306.0
914 0 26306.0
915 0 26306.0
916 0 26306.0
917 0 26306.0
918 0 26306.0
919 0 26306.0
920 0 26306.0
921 0 26306.0
922 0 26306.0
923 0 26306.0
924 0 26306.0
925 0 26306.0
926 0 26306.0
927 0 26306.0
928 0 26306.0
929 0 26306.0
930 0 26306.0
931 0 26306.0
932 0 26306.0
933 0 26306.0
934 0 26306.0
935 0 26306.0
936 0 26306.0
937 0 26306.0
938 0 26306.0
939 0 26306.0
940 0 26306.0
941 0 26306.0
942 0 26306.0
943 0 26306.0
944 0 26306.0
945 0 26306.0
946 0 26306.0
947 0 26306.0
948 0 26306.0
949 0 26306.0
950 0 26306.0
951 0 26306.0
952 0 26306.0
953 0 26306.0
954 0 26306.0
955 0 26306.0
956 0 26306.0
957 0 26306.0
958 0 26306.0
959 0 26306.0
960 0 26306.0
961 0 26306.0
962 0 26306.0
963 0 26306.0
964 0 26306.0
965 0 26306.0
966 0 26306.0
967 0 26306.0
968 0 26306.0
969 0 26306.0
970 0 26306.0
971 0 26306.0
972 0 26306.0
973 0 26306.0
974 0 26306.0
975 0 26306.0
976 0 26306.0
977 0 26306.0
978 0 26306.0
979 0 26306.0
980 0 26306.0
981 0 26306.0
982 0 26306.0
983 0 26306.0
984 0 26306.0
985 0 26306.0
986 0 26306.0
987 0 26306.0
988 0 26306.0
989 0 26306.0
990 0 26306.0
991 0 26306.0
992 0 26306.0
993 0 26306.0
994 0 26306.0
995 0 26306.0
996 0 26306.0
997 0 26306.0
998 0 26306.0
999 0 26306.0
1000 0 26306.0
