1 1 15003.0
2 1 20566.0
3 1 26013.0
4 1 31386.0
5 1 36516.0
6 2 41745.0
7 2 47053.0
8 2 52200.0
9 2 57346.0
10 4 62550.0
11 4 67760.0
12 8 72934.0
13 6 78021.0
14 5 83064.0
15 6 88198.0
16 10 93310.0
17 11 98254.0
18 17 103217.0
19 15 108279.0
20 24 113302.0
21 24 118330.0
22 32 123298.0
23 31 128174.0
24 42 133126.0
25 36 138269.0
26 51 143234.0
27 65 148020.0
28 77 152985.0
29 85 158121.0
30 85 163093.0
31 93 167955.0
32 100 172928.0
33 117 177993.0
34 129 182960.0
35 151 188089.0
36 156 193040.0
37 140 198016.0
38 149 203045.0
39 165 207943.0
40 172 212733.0
41 202 217692.0
42 216 222554.0
43 231 227777.0
44 256 232604.0
45 277 237546.0
46 290 242318.0
47 304 247294.0
48 324 252076.0
49 329 257034.0
50 325 261942.0
51 344 267016.0
52 348 271928.0
53 371 276854.0
54 364 281726.0
55 377 286746.0
56 395 291548.0
57 423 296447.0
58 469 301372.0
59 529 306136.0
60 513 310865.0
61 517 315716.0
62 533 320668.0
63 611 325560.0
64 671 330396.0
65 777 335238.0
66 764 339865.0
67 783 344741.0
68 767 349396.0
69 769 354149.0
70 804 358887.0
71 812 363657.0
72 853 368440.0
73 878 373120.0
74 903 377922.0
75 921 382756.0
76 985 387426.0
77 1044 392121.0
78 1048 396915.0
79 1066 401620.0
80 1074 406324.0
81 1092 410888.0
82 1142 415576.0
83 1203 420272.0
84 1224 424999.0
85 1172 429741.0
86 1230 434370.0
87 1215 439181.0
88 1244 443785.0
89 1311 448471.0
90 1420 453185.0
91 1429 457772.0
92 1446 462524.0
93 1540 467054.0
94 1577 471620.0
95 1628 476073.0
96 1640 480558.0
97 1629 485113.0
98 1679 489498.0
99 1812 493984.0
100 1894 498280.0
101 1922 502689.0
102 2008 507113.0
103 2004 511554.0
104 2054 515828.0
105 2089 520258.0
106 2155 524482.0
107 2179 528878.0
108 2179 533343.0
109 2177 537819.0
110 2278 542276.0
111 2435 546570.0
112 2459 550875.0
113 2424 555299.0
114 2437 559500.0
115 2446 563962.0
116 2465 568303.0
117 2483 572622.0
118 2518 576818.0
119 2651 581171.0
120 2774 585289.0
121 2750 589578.0
122 2714 593977.0
123 2741 598148.0
124 2903 602283.0
125 3093 606291.0
126 3177 610614.0
127 3211 614630.0
128 3384 618569.0
129 3433 622617.0
130 3509 626756.0
131 3549 630787.0
132 3577 635081.0
133 3588 639174.0
134 3617 643256.0
135 3758 647291.0
136 3703 651348.0
137 3755 655320.0
138 3890 659210.0
139 3825 663217.0
140 3855 667185.0
141 4019 671147.0
142 4156 674916.0
143 4452 678574.0
144 4472 682498.0
145 4358 686352.0
146 4343 690016.0
147 4335 693969.0
148 4518 697779.0
149 4701 701361.0
150 4838 704718.0
151 4905 708551.0
152 4726 712230.0
153 4930 716060.0
154 5001 719386.0
155 5258 722968.0
156 5370 726433.0
157 5515 729783.0
158 5323 733494.0
159 5214 737160.0
160 5377 740832.0
161 5353 744381.0
162 5506 748038.0
163 5565 751479.0
164 5770 754895.0
165 5932 758277.0
166 6145 761196.0
167 6380 764515.0
168 6261 767784.0
169 6167 771249.0
170 6139 774408.0
171 6296 777678.0
172 6593 780699.0
173 6815 784005.0
174 6659 787137.0
175 6583 790461.0
176 6485 793774.0
177 6564 796960.0
178 6677 800097.0
179 7072 803088.0
180 7490 805938.0
181 7577 809040.0
182 7362 812059.0
183 7325 815193.0
184 7309 818167.0
185 7672 821137.0
186 7668 823950.0
187 7793 826809.0
188 8235 829744.0
189 8448 832395.0
190 8445 835066.0
191 8701 837825.0
192 8576 840365.0
193 8387 843329.0
194 8208 846184.0
195 8253 849233.0
196 8543 851545.0
197 8995 854143.0
198 9276 856376.0
199 9434 859189.0
200 9129 856505.0
201 8660 850125.0
202 8127 843878.0
203 7809 837850.0
204 7582 831554.0
205 7524 825486.0
206 7369 819413.0
207 7283 813572.0
208 6982 807587.0
209 6580 801841.0
210 6472 795975.0
211 6490 789987.0
212 6562 784058.0
213 6482 778001.0
214 6331 772369.0
215 6408 766397.0
216 6394 760612.0
217 6293 754645.0
218 6370 748820.0
219 6424 743105.0
220 6318 737334.0
221 6248 731746.0
222 6243 725948.0
223 6424 720015.0
224 6796 714120.0
225 6783 708248.0
226 6461 702654.0
227 6199 696954.0
228 6278 691342.0
229 6427 685360.0
230 6531 679817.0
231 6426 673948.0
232 6378 668240.0
233 6358 662478.0
234 6358 656854.0
235 6354 651144.0
236 6371 645288.0
237 6323 639628.0
238 6239 634171.0
239 6442 628768.0
240 6665 623029.0
241 6484 617542.0
242 6136 612027.0
243 6050 606651.0
244 5992 601188.0
245 6250 595837.0
246 6323 590343.0
247 6356 584716.0
248 6485 579230.0
249 6395 573729.0
250 6245 568298.0
251 6123 562895.0
252 6215 557469.0
253 6387 552091.0
254 6330 546579.0
255 6399 541274.0
256 6328 535956.0
257 6243 530884.0
258 6141 525528.0
259 6271 520208.0
260 6124 514852.0
261 6295 509414.0
262 6342 503921.0
263 6517 498736.0
264 6330 493464.0
265 6058 488407.0
266 5750 483265.0
267 5793 478085.0
268 6025 472705.0
269 6217 467520.0
270 6125 462551.0
271 5885 457657.0
272 5564 452750.0
273 5669 447627.0
274 5789 442546.0
275 5928 437490.0
276 5969 432465.0
277 5946 427411.0
278 5690 422407.0
279 5535 417735.0
280 5549 412825.0
281 5694 407986.0
282 5625 403331.0
283 5421 398443.0
284 5534 393815.0
285 5507 388770.0
286 5518 384000.0
287 5486 379231.0
288 5438 374379.0
289 5532 369718.0
290 5587 364957.0
291 5587 360287.0
292 5437 355613.0
293 5481 351042.0
294 5310 346412.0
295 5489 341720.0
296 5482 337084.0
297 5384 332649.0
298 5481 327822.0
299 5678 323004.0
300 5573 318529.0
301 5270 313745.0
302 5132 309336.0
303 5012 305018.0
304 5183 300590.0
305 5144 296288.0
306 5014 291953.0
307 4735 287902.0
308 4530 283644.0
309 4576 279597.0
310 4694 275257.0
311 4800 270991.0
312 4967 266808.0
313 5000 262624.0
314 5033 258419.0
315 5086 254498.0
316 4988 250236.0
317 4953 246119.0
318 4863 242172.0
319 4492 238280.0
320 4431 234542.0
321 4421 230757.0
322 4614 226575.0
323 4444 222800.0
324 4115 219133.0
325 4036 215427.0
326 4134 211465.0
327 4256 207482.0
328 4223 203833.0
329 4134 200277.0
330 3992 196577.0
331 4042 192978.0
332 3791 189523.0
333 3707 185949.0
334 3757 182448.0
335 3676 179030.0
336 3684 175607.0
337 3815 171987.0
338 3878 168514.0
339 3819 165161.0
340 3763 161939.0
341 3754 158663.0
342 3641 155481.0
343 3537 152430.0
344 3482 149263.0
345 3513 146034.0
346 3520 143002.0
347 3400 140081.0
348 3356 137002.0
349 3395 134055.0
350 3219 131218.0
351 3119 128417.0
352 3176 125598.0
353 3177 122692.0
354 3024 120140.0
355 3027 117597.0
356 3059 114872.0
357 2905 112189.0
358 2822 109532.0
359 2850 107051.0
360 2830 104563.0
361 2747 102180.0
362 2725 99780.0
363 2581 97262.0
364 2609 94995.0
365 2547 92668.0
366 2517 90373.0
367 2495 88198.0
368 2446 86023.0
369 2390 83859.0
370 2328 81642.0
371 2304 79519.0
372 2282 77384.0
373 2309 75323.0
374 2312 73275.0
375 2216 71314.0
376 2163 69404.0
377 2192 67618.0
378 2166 65729.0
379 2065 63998.0
380 1969 62199.0
381 1985 60461.0
382 2012 58810.0
383 1954 57213.0
384 1730 55506.0
385 1647 53982.0
386 1541 52440.0
387 1545 50969.0
388 1448 49723.0
389 1454 48317.0
390 1447 47027.0
391 1375 45750.0
392 1334 44432.0
393 1280 43056.0
394 1217 41868.0
395 1222 40646.0
396 1219 39328.0
397 1213 38327.0
398 1118 37287.0
399 1003 36298.0
400 952 36021.0
401 943 35764.0
402 932 35484.0
403 928 35247.0
404 858 35012.0
405 810 34792.0
406 795 34575.0
407 794 34347.0
408 809 34132.0
409 756 33926.0
410 745 33730.0
411 746 33509.0
412 719 33336.0
413 668 33176.0
414 576 33052.0
415 485 32941.0
416 454 32801.0
417 465 32682.0
418 454 32535.0
419 471 32411.0
420 468 32281.0
421 441 32180.0
422 425 32055.0
423 424 31956.0
424 381 31843.0
425 364 31756.0
426 345 31664.0
427 349 31534.0
428 410 31419.0
429 431 31268.0
430 429 31154.0
431 430 31053.0
432 429 30890.0
433 413 30820.0
434 351 30705.0
435 357 30637.0
436 326 30533.0
437 330 30449.0
438 361 30321.0
439 410 30208.0
440 393 30098.0
441 358 30016.0
442 338 29912.0
443 336 29847.0
444 293 29753.0
445 311 29671.0
446 293 29620.0
447 276 29518.0
448 268 29458.0
449 258 29378.0
450 272 29302.0
451 257 29230.0
452 238 29180.0
453 227 29107.0
454 242 29041.0
455 240 28971.0
456 234 28914.0
457 229 28846.0
458 236 28767.0
459 255 28698.0
460 236 28633.0
461 208 28587.0
462 179 28535.0
463 187 28496.0
464 165 28447.0
465 159 28413.0
466 153 28368.0
467 154 28326.0
468 164 28281.0
469 147 28229.0
470 150 28197.0
471 136 28173.0
472 107 28147.0
473 103 28115.0
474 98 28092.0
475 100 28056.0
476 119 28014.0
477 155 27959.0
478 169 27904.0
479 168 27846.0
480 187 27802.0
481 178 27743.0
482 186 27692.0
483 182 27651.0
484 160 27607.0
485 144 27582.0
486 133 27540.0
487 136 27508.0
488 136 27456.0
489 154 27424.0
490 121 27402.0
491 93 27384.0
492 78 27369.0
493 62 27362.0
494 48 27352.0
495 42 27347.0
496 35 27335.0
497 38 27324.0
498 48 27303.0
499 65 27284.0
500 63 27275.0
501 46 27261.0
502 45 27250.0
503 48 27236.0
504 45 27233.0
505 27 27227.0
506 24 27223.0
507 26 27211.0
508 27 27207.0
509 25 27196.0
510 31 27186.0
511 34 27174.0
512 25 27174.0
513 16 27169.0
514 17 27166.0
515 18 27156.0
516 28 27148.0
517 36 27128.0
518 49 27120.0
519 46 27098.0
520 38 27097.0
521 23 27094.0
522 15 27092.0
523 13 27090.0
524 13 27083.0
525 19 27079.0
526 24 27065.0
527 36 27059.0
528 28 27059.0
529 19 27049.0
530 18 27048.0
531 20 27038.0
532 29 27030.0
533 31 27021.0
534 26 27013.0
535 32 27005.0
536 29 27000.0
537 21 26993.0
538 22 26988.0
539 27 26974.0
540 41 26961.0
541 52 26936.0
542 64 26920.0
543 48 26916.0
544 30 26913.0
545 22 26908.0
546 19 26903.0
547 24 26895.0
548 18 26894.0
549 11 26892.0
550 7 26892.0
551 6 26890.0
552 7 26888.0
553 8 26885.0
554 11 26880.0
555 14 26878.0
556 12 26871.0
557 17 26867.0
558 19 26861.0
559 16 26856.0
560 13 26854.0
561 14 26848.0
562 14 26847.0
563 9 26844.0
564 7 26843.0
565 6 26841.0
566 7 26839.0
567 9 26834.0
568 14 26830.0
569 18 26820.0
570 26 26815.0
571 20 26811.0
572 11 26810.0
573 8 26809.0
574 4 26809.0
575 2 26809.0
576 1 26809.0
577 0 26809.0
578 0 26809.0
579 0 26809.0
580 0 26809.0
581 0 26809.0
582 0 26809.0
583 0 26809.0
584 0 26809.0
585 0 26809.0
586 0 26809.0
587 0 26809.0
588 0 26809.0
589 0 26809.0
590 0 26809.0
591 0 26809.0
592 0 26809.0
593 0 26809.0
594 0 26809.0
595 0 26809.0
596 0 26809.0
597 0 26809.0
598 0 26809.0
599 0 26809.0
600 0 26809.0
601 0 26809.0
602 0 26809.0
603 0 26809.0
604 0 26809.0
605 0 26809.0
606 0 26809.0
607 0 26809.0
608 0 26809.0
609 0 26809.0
610 0 26809.0
611 0 26809.0
612 0 26809.0
613 0 26809.0
614 0 26809.0
615 0 26809.0
616 0 26809.0
617 0 26809.0
618 0 26809.0
619 0 26809.0
620 0 26809.0
621 0 26809.0
622 0 26809.0
623 0 26809.0
624 0 26809.0
625 0 26809.0
626 0 26809.0
627 0 26809.0
628 0 26809.0
629 0 26809.0
630 0 26809.0
631 0 26809.0
632 0 26809.0
633 0 26809.0
634 0 26809.0
635 0 26809.0
636 0 26809.0
637 0 26809.0
638 0 26809.0
639 0 26809.0
640 0 26809.0
641 0 26809.0
642 0 26809.0
643 0 26809.0
644 0 26809.0
645 0 26809.0
646 0 26809.0
647 0 26809.0
648 0 26809.0
649 0 26809.0
650 0 26809.0
651 0 26809.0
652 0 26809.0
653 0 26809.0
654 0 26809.0
655 0 26809.0
656 0 26809.0
657 0 26809.0
658 0 26809.0
659 0 26809.0
660 0 26809.0
661 0 26809.0
662 0 26809.0
663 0 26809.0
664 0 26809.0
665 0 26809.0
666 0 26809.0
667 0 26809.0
668 0 26809.0
669 0 26809.0
670 0 26809.0
671 0 26809.0
672 0 26809.0
673 0 26809.0
674 0 26809.0
675 0 26809.0
676 0 26809.0
677 0 26809.0
678 0 26809.0
679 0 26809.0
680 0 26809.0
681 0 26809.0
682 0 26809.0
683 0 26809.0
684 0 26809.0
685 0 26809.0
686 0 26809.0
687 0 26809.0
688 0 26809.0
689 0 26809.0
690 0 26809.0
691 0 26809.0
692 0 26809.0
693 0 26809.0
694 0 26809.0
695 0 26809.0
696 0 26809.0
697 0 26809.0
698 0 26809.0
699 0 26809.0
700 0 26809.0
701 0 26809.0
702 0 26809.0
703 0 26809.0
704 0 26809.0
705 0 26809.0
706 0 26809.0
707 0 26809.0
708 0 26809.0
709 0 26809.0
710 0 26809.0
711 0 26809.0
712 0 26809.0
713 0 26809.0
714 0 26809.0
715 0 26809.0
716 0 26809.0
717 0 26809.0
718 0 26809.0
719 0 26809.0
720 0 26809.0
721 0 26809.0
722 0 26809.0
723 0 26809.0
724 0 26809.0
725 0 26809.0
726 0 26809.0
727 0 26809.0
728 0 26809.0
729 0 26809.0
730 0 26809.0
731 0 26809.0
732 0 26809.0
733 0 26809.0
734 0 26809.0
735 0 26809.0
736 0 26809.0
737 0 26809.0
738 0 26809.0
739 0 26809.0
740 0 26809.0
741 0 26809.0
742 0 26809.0
743 0 26809.0
744 0 26809.0
745 0 26809.0
746 0 26809.0
747 0 26809.0
748 0 26809.0
749 0 26809.0
750 0 26809.0
751 0 26809.0
752 0 26809.0
753 0 26809.0
754 0 26809.0
755 0 26809.0
756 0 26809.0
757 0 26809.0
758 0 26809.0
759 0 26809.0
760 0 26809.0
761 0 26809.0
762 0 26809.0
763 0 26809.0
764 0 26809.0
765 0 26809.0
766 0 26809.0
767 0 26809.0
768 0 26809.0
769 0 26809.0
770 0 26809.0
771 0 26809.0
772 0 26809.0
773 0 26809.0
774 0 26809.0
775 0 26809.0
776 0 26809.0
777 0 26809.0
778 0 26809.0
779 0 26809.0
780 0 26809.0
781 0 26809.0
782 0 26809.0
783 0 26809.0
784 0 26809.0
785 0 26809.0
786 0 26809.0
787 0 26809.0
788 0 26809.0
789 0 26809.0
790 0 26809.0
791 0 26809.0
792 0 26809.0
793 0 26809.0
794 0 26809.0
795 0 26809.0
796 0 26809.0
797 0 26809.0
798 0 26809.0
799 0 26809.0
800 0 26809.0
801 0 26809.0
802 0 26809.0
803 0 26809.0
804 0 26809.0
805 0 26809.0
806 0 26809.0
807 0 26809.0
808 0 26809.0
809 0 26809.0
810 0 26809.0
811 0 26809.0
812 0 26809.0
813 0 26809.0
814 0 26809.0
815 0 26809.0
816 0 26809.0
817 0 26809.0
818 0 26809.0
819 0 26809.0
820 0 26809.0
821 0 26809.0
822 0 26809.0
823 0 26809.0
824 0 26809.0
825 0 26809.0
826 0 26809.0
827 0 26809.0
828 0 26809.0
829 0 26809.0
830 0 26809.0
831 0 26809.0
832 0 26809.0
833 0 26809.0
834 0 26809.0
835 0 26809.0
836 0 26809.0
837 0 26809.0
838 0 26809.0
839 0 26809.0
840 0 26809.0
841 0 26809.0
842 0 26809.0
843 0 26809.0
844 0 26809.0
845 0 26809.0
846 0 26809.0
847 0 26809.0
848 0 26809.0
849 0 26809.0
850 0 26809.0
851 0 26809.0
852 0 26809.0
853 0 26809.0
854 0 26809.0
855 0 26809.0
856 0 26809.0
857 0 26809.0
858 0 26809.0
859 0 26809.0
860 0 26809.0
861 0 26809.0
862 0 26809.0
863 0 26809.0
864 0 26809.0
865 0 26809.0
866 0 26809.0
867 0 26809.0
868 0 26809.0
869 0 26809.0
870 0 26809.0
871 0 26809.0
872 0 26809.0
873 0 26809.0
874 0 26809.0
875 0 26809.0
876 0 26809.0
877 0 26809.0
878 0 26809.0
879 0 26809.0
880 0 26809.0
881 0 26809.0
882 0 26809.0
883 0 26809.0
884 0 26809.0
885 0 26809.0
886 0 26809.0
887 0 26809.0
888 0 26809.0
889 0 26809.0
890 0 26809.0
891 0 26809.0
892 0 26809.0
893 0 26809.0
894 0 26809.0
895 0 26809.0
896 0 26809.0
897 0 26809.0
898 0 26809.0
899 0 26809.0
900 0 26809.0
901 0 26809.0
902 0 26809.0
903 0 26809.0
904 0 26809.0
905 0 26809.0
906 0 26809.0
907 0 26809.0
908 0 26809.0
909 0 26809.0
910 0 26809.0
911 0 26809.0
912 0 26809.0
913 0 26809.0
914 0 26809.0
915 0 26809.0
916 0 26809.0
917 0 26809.0
918 0 26809.0
919 0 26809.0
920 0 26809.0
921 0 26809.0
922 0 26809.0
923 0 26809.0
924 0 26809.0
925 0 26809.0
926 0 26809.0
927 0 26809.0
928 0 26809.0
929 0 26809.0
930 0 26809.0
931 0 26809.0
932 0 26809.0
933 0 26809.0
934 0 26809.0
935 0 26809.0
936 0 26809.0
937 0 26809.0
938 0 26809.0
939 0 26809.0
940 0 26809.0
941 0 26809.0
942 0 26809.0
943 0 26809.0
944 0 26809.0
945 0 26809.0
946 0 26809.0
947 0 26809.0
948 0 26809.0
949 0 26809.0
950 0 26809.0
951 0 26809.0
952 0 26809.0
953 0 26809.0
954 0 26809.0
955 0 26809.0
956 0 26809.0
957 0 26809.0
958 0 26809.0
959 0 26809.0
960 0 26809.0
961 0 26809.0
962 0 26809.0
963 0 26809.0
964 0 26809.0
965 0 26809.0
966 0 26809.0
967 0 26809.0
968 0 26809.0
969 0 26809.0
970 0 26809.0
971 0 26809.0
972 0 26809.0
973 0 26809.0
974 0 26809.0
975 0 26809.0
976 0 26809.0
977 0 26809.0
978 0 26809.0
979 0 26809.0
980 0 26809.0
981 0 26809.0
982 0 26809.0
983 0 26809.0
984 0 26809.0
985 0 26809.0
986 0 26809.0
987 0 26809.0
988 0 26809.0
989 0 26809.0
990 0 26809.0
991 0 26809.0
992 0 26809.0
993 0 26809.0
994 0 26809.0
995 0 26809.0
996 0 26809.0
997 0 26809.0
998 0 26809.0
999 0 26809.0
1000 0 26809.0
