1 1 14951.0
2 2 20434.0
3 2 26066.0
4 2 31302.0
5 2 36571.0
6 4 41737.0
7 4 46900.0
8 8 52038.0
9 8 57095.0
10 16 62019.0
11 12 67142.0
12 18 72489.0
13 15 77714.0
14 16 82751.0
15 23 87835.0
16 19 92787.0
17 29 97750.0
18 27 102920.0
19 37 107906.0
20 40 113201.0
21 44 118274.0
22 62 123266.0
23 68 128185.0
24 70 133038.0
25 80 138063.0
26 92 143123.0
27 80 148121.0
28 90 153128.0
29 90 158234.0
30 100 163222.0
31 122 168256.0
32 113 173170.0
33 151 178195.0
34 154 183135.0
35 177 188173.0
36 185 193111.0
37 220 197934.0
38 209 202943.0
39 215 207708.0
40 228 212666.0
41 260 217489.0
42 308 222368.0
43 332 227181.0
44 345 232201.0
45 345 237084.0
46 360 241799.0
47 392 246571.0
48 433 251339.0
49 449 256188.0
50 467 260882.0
51 452 265576.0
52 454 270376.0
53 484 275046.0
54 541 280024.0
55 549 284747.0
56 550 289444.0
57 566 294088.0
58 578 298887.0
59 616 303531.0
60 662 308318.0
61 686 313174.0
62 701 317968.0
63 739 322510.0
64 792 327447.0
65 830 332269.0
66 831 337226.0
67 809 342127.0
68 817 346973.0
69 813 351684.0
70 850 356347.0
71 905 360924.0
72 932 365833.0
73 973 370620.0
74 1061 375207.0
75 1218 379955.0
76 1200 384788.0
77 1185 389671.0
78 1272 394255.0
79 1326 398984.0
80 1353 403691.0
81 1329 408159.0
82 1352 412934.0
83 1429 417605.0
84 1561 422122.0
85 1598 426639.0
86 1507 431296.0
87 1578 435695.0
88 1613 440217.0
89 1661 444544.0
90 1652 449106.0
91 1539 453692.0
92 1500 458408.0
93 1589 463139.0
94 1745 467546.0
95 1873 472122.0
96 1934 476330.0
97 2012 480701.0
98 2117 485302.0
99 2001 489755.0
100 2019 494305.0
101 2015 498603.0
102 2132 503051.0
103 2215 507324.0
104 2270 511697.0
105 2338 516190.0
106 2540 520479.0
107 2477 524700.0
108 2498 529025.0
109 2617 533231.0
110 2634 537487.0
111 2723 541766.0
112 2751 546137.0
113 2794 550366.0
114 2721 554771.0
115 2664 559038.0
116 2819 563255.0
117 2926 567561.0
118 3158 571745.0
119 3294 575844.0
120 3183 580172.0
121 3170 584346.0
122 3166 588463.0
123 3238 592772.0
124 3208 597051.0
125 3244 601346.0
126 3394 605558.0
127 3530 609321.0
128 3653 613369.0
129 3647 617268.0
130 3618 621072.0
131 3796 624904.0
132 3927 628768.0
133 3951 632647.0
134 4086 636558.0
135 4254 640372.0
136 4292 644255.0
137 4311 648162.0
138 4352 652021.0
139 4372 655950.0
140 4534 659710.0
141 4520 663261.0
142 4720 666899.0
143 4737 670441.0
144 4687 674124.0
145 4866 677748.0
146 4914 681441.0
147 4781 685343.0
148 4783 689131.0
149 4838 692719.0
150 5023 696470.0
151 5178 699869.0
152 5378 703394.0
153 5301 707091.0
154 5261 710883.0
155 5320 714290.0
156 5477 718025.0
157 5525 721716.0
158 5689 725051.0
159 5925 728511.0
160 5904 731884.0
161 5966 735107.0
162 5999 738432.0
163 5976 742042.0
164 5817 745459.0
165 5962 748940.0
166 5995 752166.0
167 6112 755363.0
168 6439 758432.0
169 6584 761733.0
170 6672 764954.0
171 6820 768284.0
172 6812 771342.0
173 7065 774469.0
174 7119 777342.0
175 7381 780445.0
176 7340 783256.0
177 7292 786353.0
178 7212 789409.0
179 7590 792510.0
180 7817 795061.0
181 7926 798136.0
182 7847 801198.0
183 7748 804024.0
184 7901 807048.0
185 7971 809855.0
186 8031 812838.0
187 7893 815497.0
188 8050 818596.0
189 8189 821178.0
190 8497 824163.0
191 8508 826855.0
192 8541 829559.0
193 8645 832362.0
194 8676 834967.0
195 9027 837589.0
196 9241 839964.0
197 9366 842453.0
198 9509 844964.0
199 9382 847586.0
200 9369 844705.0
201 9164 838180.0
202 8492 832076.0
203 8061 825808.0
204 7801 819844.0
205 7661 813741.0
206 7374 807715.0
207 7343 801653.0
208 7238 795561.0
209 7139 789811.0
210 7113 783648.0
211 6975 777720.0
212 6650 772234.0
213 6683 766323.0
214 7016 760607.0
215 6916 754476.0
216 6962 748790.0
217 6767 742910.0
218 6578 737307.0
219 6386 731527.0
220 6529 725844.0
221 6709 719669.0
222 7053 714046.0
223 6775 707890.0
224 6709 702510.0
225 6552 696716.0
226 6474 691136.0
227 6241 685651.0
228 6343 679879.0
229 6865 674140.0
230 7082 668284.0
231 7011 662374.0
232 6744 656901.0
233 6501 651172.0
234 6532 645530.0
235 6613 639896.0
236 6883 634191.0
237 6960 628580.0
238 6937 622766.0
239 6891 617155.0
240 6632 611644.0
241 6454 606187.0
242 6417 600611.0
243 6676 595075.0
244 6728 589653.0
245 6729 583844.0
246 6882 578773.0
247 6510 573067.0
248 6534 567944.0
249 6204 562582.0
250 6247 557658.0
251 6121 551808.0
252 6628 546542.0
253 6651 540897.0
254 6755 535638.0
255 6402 530130.0
256 6311 524761.0
257 6185 519376.0
258 6468 514073.0
259 6410 508569.0
260 6325 503347.0
261 6329 497956.0
262 6263 492918.0
263 6067 487668.0
264 6159 482488.0
265 6252 477320.0
266 6030 471993.0
267 6138 466922.0
268 6275 461868.0
269 6347 456915.0
270 6444 451602.0
271 6435 446615.0
272 6130 441728.0
273 6213 436796.0
274 6145 431861.0
275 6034 427030.0
276 6080 421935.0
277 6172 416899.0
278 6139 412072.0
279 5970 406873.0
280 6019 402290.0
281 5789 397180.0
282 5903 392568.0
283 5837 387692.0
284 5956 382790.0
285 5993 378190.0
286 5766 373382.0
287 5622 368771.0
288 5421 364343.0
289 5532 359437.0
290 5799 354966.0
291 5561 350313.0
292 5474 345892.0
293 5353 341218.0
294 5291 336884.0
295 5200 332311.0
296 5322 327787.0
297 5548 323367.0
298 5632 318856.0
299 5668 314375.0
300 5365 310109.0
301 5409 305706.0
302 5705 301098.0
303 5606 296554.0
304 5455 292353.0
305 5366 287924.0
306 5292 283636.0
307 5137 279502.0
308 5063 275448.0
309 5037 271221.0
310 5116 267184.0
311 5114 262861.0
312 5162 258696.0
313 5100 254801.0
314 4974 250641.0
315 4953 246687.0
316 4816 242620.0
317 4786 238822.0
318 4743 234876.0
319 4691 231148.0
320 4573 227133.0
321 4536 223340.0
322 4557 219495.0
323 4713 215467.0
324 4726 211830.0
325 4470 207916.0
326 4451 204219.0
327 4357 200593.0
328 4481 197031.0
329 4473 193230.0
330 4320 189902.0
331 4085 186415.0
332 4158 182867.0
333 4080 179290.0
334 3927 176096.0
335 3735 172727.0
336 3786 169188.0
337 3815 165950.0
338 3907 162701.0
339 3926 159385.0
340 3750 156141.0
341 3732 152969.0
342 3627 149954.0
343 3572 146784.0
344 3619 143705.0
345 3610 140607.0
346 3684 137704.0
347 3647 134713.0
348 3644 131632.0
349 3566 128721.0
350 3469 125744.0
351 3327 123083.0
352 3134 120312.0
353 3192 117530.0
354 3241 114903.0
355 3206 112161.0
356 3235 109457.0
357 3214 106931.0
358 3054 104529.0
359 2890 102144.0
360 2715 99833.0
361 2585 97510.0
362 2520 95318.0
363 2559 92842.0
364 2662 90494.0
365 2603 88281.0
366 2585 86078.0
367 2494 84035.0
368 2455 81946.0
369 2437 79831.0
370 2425 77726.0
371 2501 75729.0
372 2483 73748.0
373 2376 71999.0
374 2258 69957.0
375 2139 68071.0
376 2124 66168.0
377 2161 64477.0
378 2089 62642.0
379 2059 60780.0
380 2006 59228.0
381 1918 57658.0
382 1893 56074.0
383 1879 54605.0
384 1817 53156.0
385 1785 51666.0
386 1757 50190.0
387 1730 48832.0
388 1688 47365.0
389 1702 46020.0
390 1757 44646.0
391 1674 43343.0
392 1597 42007.0
393 1677 40803.0
394 1621 39540.0
395 1521 38375.0
396 1385 37219.0
397 1308 36229.0
398 1297 35086.0
399 1283 33980.0
400 1198 33660.0
401 1116 33361.0
402 1075 33081.0
403 978 32843.0
404 907 32607.0
405 883 32361.0
406 860 32136.0
407 864 31873.0
408 879 31612.0
409 858 31411.0
410 826 31146.0
411 823 30963.0
412 803 30695.0
413 836 30492.0
414 824 30226.0
415 812 30021.0
416 758 29833.0
417 729 29645.0
418 704 29459.0
419 698 29239.0
420 743 29057.0
421 697 28845.0
422 646 28713.0
423 542 28565.0
424 524 28456.0
425 495 28298.0
426 518 28151.0
427 512 28010.0
428 509 27860.0
429 522 27714.0
430 522 27561.0
431 515 27445.0
432 453 27336.0
433 438 27209.0
434 446 27097.0
435 429 26963.0
436 436 26869.0
437 375 26776.0
438 324 26714.0
439 262 26659.0
440 221 26589.0
441 241 26530.0
442 243 26446.0
443 264 26369.0
444 265 26309.0
445 234 26243.0
446 223 26194.0
447 200 26139.0
448 179 26100.0
449 176 26051.0
450 173 26009.0
451 171 25954.0
452 191 25892.0
453 214 25835.0
454 212 25755.0
455 242 25691.0
456 228 25615.0
457 225 25577.0
458 180 25528.0
459 161 25489.0
460 150 25453.0
461 139 25418.0
462 139 25375.0
463 145 25334.0
464 136 25295.0
465 131 25265.0
466 122 25236.0
467 114 25205.0
468 105 25184.0
469 105 25139.0
470 135 25102.0
471 148 25050.0
472 170 24987.0
473 208 24928.0
474 190 24876.0
475 163 24851.0
476 155 24806.0
477 134 24785.0
478 94 24769.0
479 64 24760.0
480 46 24752.0
481 38 24742.0
482 42 24732.0
483 49 24707.0
484 73 24685.0
485 89 24650.0
486 98 24622.0
487 81 24602.0
488 63 24587.0
489 57 24576.0
490 53 24558.0
491 56 24545.0
492 61 24521.0
493 74 24503.0
494 60 24482.0
495 58 24471.0
496 67 24442.0
497 68 24432.0
498 61 24407.0
499 59 24399.0
500 49 24382.0
501 44 24376.0
502 42 24353.0
503 65 24343.0
504 67 24308.0
505 66 24288.0
506 64 24276.0
507 59 24266.0
508 55 24246.0
509 65 24235.0
510 59 24204.0
511 87 24185.0
512 84 24149.0
513 87 24134.0
514 76 24105.0
515 68 24097.0
516 57 24078.0
517 57 24068.0
518 52 24052.0
519 55 24036.0
520 47 24026.0
521 35 24023.0
522 22 24023.0
523 13 24019.0
524 12 24019.0
525 9 24013.0
526 11 24012.0
527 7 24010.0
528 6 24008.0
529 8 24005.0
530 10 24002.0
531 8 24002.0
532 4 24002.0
533 2 24002.0
534 1 24002.0
535 0 24002.0
536 0 24002.0
537 0 24002.0
538 0 24002.0
539 0 24002.0
540 0 24002.0
541 0 24002.0
542 0 24002.0
543 0 24002.0
544 0 24002.0
545 0 24002.0
546 0 24002.0
547 0 24002.0
548 0 24002.0
549 0 24002.0
550 0 24002.0
551 0 24002.0
552 0 24002.0
553 0 24002.0
554 0 24002.0
555 0 24002.0
556 0 24002.0
557 0 24002.0
558 0 24002.0
559 0 24002.0
560 0 24002.0
561 0 24002.0
562 0 24002.0
563 0 24002.0
564 0 24002.0
565 0 24002.0
566 0 24002.0
567 0 24002.0
568 0 24002.0
569 0 24002.0
570 0 24002.0
571 0 24002.0
572 0 24002.0
573 0 24002.0
574 0 24002.0
575 0 24002.0
576 0 24002.0
577 0 24002.0
578 0 24002.0
579 0 24002.0
580 0 24002.0
581 0 24002.0
582 0 24002.0
583 0 24002.0
584 0 24002.0
585 0 24002.0
586 0 24002.0
587 0 24002.0
588 0 24002.0
589 0 24002.0
590 0 24002.0
591 0 24002.0
592 0 24002.0
593 0 24002.0
594 0 24002.0
595 0 24002.0
596 0 24002.0
597 0 24002.0
598 0 24002.0
599 0 24002.0
600 0 24002.0
601 0 24002.0
602 0 24002.0
603 0 24002.0
604 0 24002.0
605 0 24002.0
606 0 24002.0
607 0 24002.0
608 0 24002.0
609 0 24002.0
610 0 24002.0
611 0 24002.0
612 0 24002.0
613 0 24002.0
614 0 24002.0
615 0 24002.0
616 0 24002.0
617 0 24002.0
618 0 24002.0
619 0 24002.0
620 0 24002.0
621 0 24002.0
622 0 24002.0
623 0 24002.0
624 0 24002.0
625 0 24002.0
626 0 24002.0
627 0 24002.0
628 0 24002.0
629 0 24002.0
630 0 24002.0
631 0 24002.0
632 0 24002.0
633 0 24002.0
634 0 24002.0
635 0 24002.0
636 0 24002.0
637 0 24002.0
638 0 24002.0
639 0 24002.0
640 0 24002.0
641 0 24002.0
642 0 24002.0
643 0 24002.0
644 0 24002.0
645 0 24002.0
646 0 24002.0
647 0 24002.0
648 0 24002.0
649 0 24002.0
650 0 24002.0
651 0 24002.0
652 0 24002.0
653 0 24002.0
654 0 24002.0
655 0 24002.0
656 0 24002.0
657 0 24002.0
658 0 24002.0
659 0 24002.0
660 0 24002.0
661 0 24002.0
662 0 24002.0
663 0 24002.0
664 0 24002.0
665 0 24002.0
666 0 24002.0
667 0 24002.0
668 0 24002.0
669 0 24002.0
670 0 24002.0
671 0 24002.0
672 0 24002.0
673 0 24002.0
674 0 24002.0
675 0 24002.0
676 0 24002.0
677 0 24002.0
678 0 24002.0
679 0 24002.0
680 0 24002.0
681 0 24002.0
682 0 24002.0
683 0 24002.0
684 0 24002.0
685 0 24002.0
686 0 24002.0
687 0 24002.0
688 0 24002.0
689 0 24002.0
690 0 24002.0
691 0 24002.0
692 0 24002.0
693 0 24002.0
694 0 24002.0
695 0 24002.0
696 0 24002.0
697 0 24002.0
698 0 24002.0
699 0 24002.0
700 0 24002.0
701 0 24002.0
702 0 24002.0
703 0 24002.0
704 0 24002.0
705 0 24002.0
706 0 24002.0
707 0 24002.0
708 0 24002.0
709 0 24002.0
710 0 24002.0
711 0 24002.0
712 0 24002.0
713 0 24002.0
714 0 24002.0
715 0 24002.0
716 0 24002.0
717 0 24002.0
718 0 24002.0
719 0 24002.0
720 0 24002.0
721 0 24002.0
722 0 24002.0
723 0 24002.0
724 0 24002.0
725 0 24002.0
726 0 24002.0
727 0 24002.0
728 0 24002.0
729 0 24002.0
730 0 24002.0
731 0 24002.0
732 0 24002.0
733 0 24002.0
734 0 24002.0
735 0 24002.0
736 0 24002.0
737 0 24002.0
738 0 24002.0
739 0 24002.0
740 0 24002.0
741 0 24002.0
742 0 24002.0
743 0 24002.0
744 0 24002.0
745 0 24002.0
746 0 24002.0
747 0 24002.0
748 0 24002.0
749 0 24002.0
750 0 24002.0
751 0 24002.0
752 0 24002.0
753 0 24002.0
754 0 24002.0
755 0 24002.0
756 0 24002.0
757 0 24002.0
758 0 24002.0
759 0 24002.0
760 0 24002.0
761 0 24002.0
762 0 24002.0
763 0 24002.0
764 0 24002.0
765 0 24002.0
766 0 24002.0
767 0 24002.0
768 0 24002.0
769 0 24002.0
770 0 24002.0
771 0 24002.0
772 0 24002.0
773 0 24002.0
774 0 24002.0
775 0 24002.0
776 0 24002.0
777 0 24002.0
778 0 24002.0
779 0 24002.0
780 0 24002.0
781 0 24002.0
782 0 24002.0
783 0 24002.0
784 0 24002.0
785 0 24002.0
786 0 24002.0
787 0 24002.0
788 0 24002.0
789 0 24002.0
790 0 24002.0
791 0 24002.0
792 0 24002.0
793 0 24002.0
794 0 24002.0
795 0 24002.0
796 0 24002.0
797 0 24002.0
798 0 24002.0
799 0 24002.0
800 0 24002.0
801 0 24002.0
802 0 24002.0
803 0 24002.0
804 0 24002.0
805 0 24002.0
806 0 24002.0
807 0 24002.0
808 0 24002.0
809 0 24002.0
810 0 24002.0
811 0 24002.0
812 0 24002.0
813 0 24002.0
814 0 24002.0
815 0 24002.0
816 0 24002.0
817 0 24002.0
818 0 24002.0
819 0 24002.0
820 0 24002.0
821 0 24002.0
822 0 24002.0
823 0 24002.0
824 0 24002.0
825 0 24002.0
826 0 24002.0
827 0 24002.0
828 0 24002.0
829 0 24002.0
830 0 24002.0
831 0 24002.0
832 0 24002.0
833 0 24002.0
834 0 24002.0
835 0 24002.0
836 0 24002.0
837 0 24002.0
838 0 24002.0
839 0 24002.0
840 0 24002.0
841 0 24002.0
842 0 24002.0
843 0 24002.0
844 0 24002.0
845 0 24002.0
846 0 24002.0
847 0 24002.0
848 0 24002.0
849 0 24002.0
850 0 24002.0
851 0 24002.0
852 0 24002.0
853 0 24002.0
854 0 24002.0
855 0 24002.0
856 0 24002.0
857 0 24002.0
858 0 24002.0
859 0 24002.0
860 0 24002.0
861 0 24002.0
862 0 24002.0
863 0 24002.0
864 0 24002.0
865 0 24002.0
866 0 24002.0
867 0 24002.0
868 0 24002.0
869 0 24002.0
870 0 24002.0
871 0 24002.0
872 0 24002.0
873 0 24002.0
874 0 24002.0
875 0 24002.0
876 0 24002.0
877 0 24002.0
878 0 24002.0
879 0 24002.0
880 0 24002.0
881 0 24002.0
882 0 24002.0
883 0 24002.0
884 0 24002.0
885 0 24002.0
886 0 24002.0
887 0 24002.0
888 0 24002.0
889 0 24002.0
890 0 24002.0
891 0 24002.0
892 0 24002.0
893 0 24002.0
894 0 24002.0
895 0 24002.0
896 0 24002.0
897 0 24002.0
898 0 24002.0
899 0 24002.0
900 0 24002.0
901 0 24002.0
902 0 24002.0
903 0 24002.0
904 0 24002.0
905 0 24002.0
906 0 24002.0
907 0 24002.0
908 0 24002.0
909 0 24002.0
910 0 24002.0
911 0 24002.0
912 0 24002.0
913 0 24002.0
914 0 24002.0
915 0 24002.0
916 0 24002.0
917 0 24002.0
918 0 24002.0
919 0 24002.0
920 0 24002.0
921 0 24002.0
922 0 24002.0
923 0 24002.0
924 0 24002.0
925 0 24002.0
926 0 24002.0
927 0 24002.0
928 0 24002.0
929 0 24002.0
930 0 24002.0
931 0 24002.0
932 0 24002.0
933 0 24002.0
934 0 24002.0
935 0 24002.0
936 0 24002.0
937 0 24002.0
938 0 24002.0
939 0 24002.0
940 0 24002.0
941 0 24002.0
942 0 24002.0
943 0 24002.0
944 0 24002.0
945 0 24002.0
946 0 24002.0
947 0 24002.0
948 0 24002.0
949 0 24002.0
950 0 24002.0
951 0 24002.0
952 0 24002.0
953 0 24002.0
954 0 24002.0
955 0 24002.0
956 0 24002.0
957 0 24002.0
958 0 24002.0
959 0 24002.0
960 0 24002.0
961 0 24002.0
962 0 24002.0
963 0 24002.0
964 0 24002.0
965 0 24002.0
966 0 24002.0
967 0 24002.0
968 0 24002.0
969 0 24002.0
970 0 24002.0
971 0 24002.0
972 0 24002.0
973 0 24002.0
974 0 24002.0
975 0 24002.0
976 0 24002.0
977 0 24002.0
978 0 24002.0
979 0 24002.0
980 0 24002.0
981 0 24002.0
982 0 24002.0
983 0 24002.0
984 0 24002.0
985 0 24002.0
986 0 24002.0
987 0 24002.0
988 0 24002.0
989 0 24002.0
990 0 24002.0
991 0 24002.0
992 0 24002.0
993 0 24002.0
994 0 24002.0
995 0 24002.0
996 0 24002.0
997 0 24002.0
998 0 24002.0
999 0 24002.0
1000 0 24002.0
