1 1 15054.0
2 1 20683.0
3 1 26156.0
4 2 31630.0
5 2 36837.0
6 4 41805.0
7 4 47290.0
8 8 52492.0
9 7 57744.0
10 7 62869.0
11 7 67908.0
12 14 72964.0
13 14 78010.0
14 20 83373.0
15 15 88316.0
16 26 93313.0
17 24 98319.0
18 33 103311.0
19 34 108054.0
20 28 112854.0
21 31 118013.0
22 31 123201.0
23 41 128185.0
24 52 133140.0
25 57 137943.0
26 66 143066.0
27 79 147902.0
28 91 152977.0
29 107 157946.0
30 114 162864.0
31 117 167974.0
32 125 172744.0
33 131 177704.0
34 153 182679.0
35 165 187583.0
36 180 192453.0
37 205 197299.0
38 227 202277.0
39 219 207093.0
40 234 211971.0
41 254 216900.0
42 258 221794.0
43 299 226760.0
44 300 231693.0
45 321 236523.0
46 335 241429.0
47 371 246298.0
48 383 251075.0
49 403 256054.0
50 404 260914.0
51 405 265574.0
52 455 270454.0
53 485 275348.0
54 529 280116.0
55 573 284931.0
56 594 289752.0
57 643 294612.0
58 647 299478.0
59 694 304256.0
60 740 309060.0
61 747 313829.0
62 732 318593.0
63 733 323324.0
64 698 328139.0
65 698 332983.0
66 745 337796.0
67 731 342274.0
68 747 347094.0
69 733 351989.0
70 762 356729.0
71 852 361492.0
72 890 366270.0
73 961 370960.0
74 1045 375628.0
75 1106 380441.0
76 1097 385096.0
77 1171 389882.0
78 1227 394506.0
79 1318 399161.0
80 1278 404019.0
81 1236 408712.0
82 1359 413529.0
83 1507 418110.0
84 1592 422632.0
85 1570 427277.0
86 1540 431943.0
87 1498 436782.0
88 1457 441373.0
89 1565 445932.0
90 1640 450391.0
91 1705 454939.0
92 1724 459424.0
93 1737 463944.0
94 1744 468543.0
95 1808 472963.0
96 1934 477382.0
97 1896 481715.0
98 1868 486375.0
99 1885 491013.0
100 1941 495400.0
101 2006 499794.0
102 2101 504192.0
103 2130 508470.0
104 2248 512942.0
105 2322 517323.0
106 2375 521624.0
107 2397 526068.0
108 2443 530349.0
109 2504 534703.0
110 2567 538826.0
111 2615 543264.0
112 2645 547538.0
113 2678 551838.0
114 2701 556011.0
115 2728 560398.0
116 2852 564464.0
117 2989 568595.0
118 3028 572650.0
119 3122 576798.0
120 3140 580982.0
121 3199 585078.0
122 3272 589099.0
123 3318 593110.0
124 3360 597472.0
125 3333 601525.0
126 3430 605730.0
127 3437 609908.0
128 3539 613849.0
129 3784 617725.0
130 3946 621659.0
131 3976 625562.0
132 3909 629580.0
133 3964 633406.0
134 3877 637305.0
135 3753 641130.0
136 3914 645057.0
137 4201 648732.0
138 4431 652586.0
139 4291 656409.0
140 4315 660273.0
141 4496 663999.0
142 4541 667571.0
143 4547 671606.0
144 4532 675370.0
145 4730 679113.0
146 4739 682945.0
147 4836 686572.0
148 5050 690499.0
149 5010 694075.0
150 5134 697715.0
151 5276 701419.0
152 5201 705088.0
153 5209 708517.0
154 5287 712159.0
155 5375 715515.0
156 5777 718851.0
157 5730 722341.0
158 5559 726172.0
159 5550 729753.0
160 5671 733329.0
161 5865 736754.0
162 6054 740206.0
163 5972 743794.0
164 5961 747084.0
165 6175 750619.0
166 6294 753733.0
167 6484 756871.0
168 6706 760035.0
169 6706 763286.0
170 6784 766648.0
171 6677 769960.0
172 7000 773055.0
173 7145 776073.0
174 7209 779011.0
175 7133 782130.0
176 7115 785070.0
177 7202 788325.0
178 7396 791232.0
179 7644 794389.0
180 7668 797103.0
181 7809 800130.0
182 7806 802900.0
183 7998 805719.0
184 8001 808697.0
185 7925 811452.0
186 7940 814141.0
187 8044 817020.0
188 8145 819650.0
189 8330 822260.0
190 8598 824846.0
191 8791 827381.0
192 8803 830062.0
193 8640 832565.0
194 8845 835209.0
195 9187 837754.0
196 9209 840256.0
197 9270 842875.0
198 9358 845560.0
199 9311 847759.0
200 9603 845066.0
201 9242 838440.0
202 8775 832131.0
203 8303 825824.0
204 8135 819619.0
205 7891 813770.0
206 7640 807433.0
207 7707 801468.0
208 7333 795524.0
209 7191 789690.0
210 7220 783714.0
211 7112 777772.0
212 7034 771865.0
213 6940 765990.0
214 6870 760207.0
215 6790 754307.0
216 6730 748819.0
217 6693 742784.0
218 6917 737009.0
219 6770 731087.0
220 6692 725179.0
221 6954 719213.0
222 6682 713389.0
223 6437 707820.0
224 6538 702070.0
225 6519 696251.0
226 6631 690757.0
227 6731 684995.0
228 6776 679312.0
229 6748 673570.0
230 6715 667743.0
231 6796 661981.0
232 6681 656344.0
233 6653 650399.0
234 6898 644829.0
235 6882 639064.0
236 6856 633507.0
237 6722 628050.0
238 6362 622659.0
239 6463 617024.0
240 6396 611584.0
241 6212 605949.0
242 6626 600138.0
243 6853 594580.0
244 6855 589379.0
245 6507 584195.0
246 6188 578962.0
247 6091 573598.0
248 6245 567954.0
249 6511 562365.0
250 6700 556668.0
251 6927 551281.0
252 6526 545751.0
253 6330 540412.0
254 6195 535095.0
255 6159 529454.0
256 6511 524161.0
257 6368 518913.0
258 6246 513784.0
259 6070 508578.0
260 6294 503279.0
261 6260 498302.0
262 6120 493247.0
263 6001 488184.0
264 6200 483057.0
265 6122 477911.0
266 6123 472840.0
267 6074 467811.0
268 6164 462849.0
269 6104 457596.0
270 6043 452635.0
271 6037 447487.0
272 6264 442286.0
273 6474 437223.0
274 6313 432029.0
275 6317 427275.0
276 6116 422336.0
277 6136 417204.0
278 6130 411968.0
279 6184 407272.0
280 6011 402295.0
281 5900 397597.0
282 5805 392910.0
283 5630 388094.0
284 5756 383285.0
285 5735 378406.0
286 5832 373574.0
287 5926 368720.0
288 5944 363888.0
289 5802 359349.0
290 5517 354489.0
291 5506 349936.0
292 5620 345048.0
293 5839 340428.0
294 5747 335911.0
295 5489 331341.0
296 5351 326767.0
297 5453 322156.0
298 5500 317581.0
299 5563 313157.0
300 5548 308700.0
301 5300 304519.0
302 5100 300156.0
303 4996 295956.0
304 5038 291612.0
305 5133 287151.0
306 5115 282966.0
307 4846 278804.0
308 4922 274710.0
309 4909 270404.0
310 4968 266370.0
311 4736 262219.0
312 4832 258070.0
313 4747 254384.0
314 4556 250401.0
315 4452 246463.0
316 4402 242658.0
317 4441 238750.0
318 4470 234711.0
319 4574 230961.0
320 4491 226855.0
321 4584 223165.0
322 4405 219238.0
323 4336 215559.0
324 4283 211604.0
325 4383 207685.0
326 4445 203876.0
327 4547 199965.0
328 4489 196419.0
329 4264 192866.0
330 4343 189330.0
331 4330 185654.0
332 4303 182225.0
333 4279 178645.0
334 4336 175010.0
335 4311 171574.0
336 4138 168067.0
337 3932 164730.0
338 3770 161427.0
339 3664 158371.0
340 3735 155125.0
341 3857 151791.0
342 3855 148711.0
343 3671 145568.0
344 3516 142541.0
345 3488 139691.0
346 3415 136836.0
347 3510 133695.0
348 3570 130793.0
349 3376 127883.0
350 3240 125078.0
351 3157 122315.0
352 3084 119760.0
353 2991 117119.0
354 3009 114368.0
355 2974 111765.0
356 2922 109468.0
357 2896 106883.0
358 2968 104199.0
359 2912 101699.0
360 2860 99285.0
361 2755 96901.0
362 2689 94396.0
363 2746 92086.0
364 2760 89666.0
365 2853 87484.0
366 2722 85162.0
367 2594 83113.0
368 2398 80996.0
369 2398 79051.0
370 2359 77224.0
371 2314 75128.0
372 2246 73214.0
373 2258 71197.0
374 2256 69201.0
375 2214 67437.0
376 2075 65624.0
377 1937 63944.0
378 1933 62019.0
379 1949 60398.0
380 1900 58750.0
381 1806 57046.0
382 1702 55619.0
383 1616 54145.0
384 1550 52651.0
385 1527 51248.0
386 1544 49700.0
387 1555 48352.0
388 1488 47035.0
389 1402 45705.0
390 1268 44435.0
391 1214 43281.0
392 1160 42078.0
393 1182 40862.0
394 1168 39639.0
395 1174 38527.0
396 1131 37511.0
397 1050 36667.0
398 939 35556.0
399 874 34673.0
400 773 34450.0
401 755 34249.0
402 769 34020.0
403 742 33821.0
404 718 33634.0
405 656 33448.0
406 598 33318.0
407 520 33187.0
408 498 33041.0
409 535 32894.0
410 526 32712.0
411 574 32548.0
412 598 32367.0
413 604 32198.0
414 617 32021.0
415 612 31868.0
416 582 31672.0
417 597 31533.0
418 578 31336.0
419 632 31175.0
420 601 31023.0
421 539 30893.0
422 502 30761.0
423 460 30634.0
424 455 30512.0
425 469 30380.0
426 472 30240.0
427 414 30138.0
428 388 30065.0
429 339 29967.0
430 333 29888.0
431 291 29811.0
432 256 29748.0
433 225 29705.0
434 201 29647.0
435 206 29600.0
436 188 29555.0
437 178 29500.0
438 190 29451.0
439 211 29365.0
440 247 29294.0
441 270 29186.0
442 318 29100.0
443 301 29011.0
444 273 28961.0
445 244 28891.0
446 238 28838.0
447 224 28782.0
448 227 28707.0
449 222 28655.0
450 208 28587.0
451 184 28559.0
452 146 28520.0
453 144 28489.0
454 143 28444.0
455 151 28399.0
456 168 28350.0
457 176 28289.0
458 181 28237.0
459 187 28184.0
460 191 28122.0
461 174 28080.0
462 174 28035.0
463 144 28002.0
464 134 27967.0
465 137 27932.0
466 137 27875.0
467 170 27833.0
468 186 27757.0
469 199 27717.0
470 171 27652.0
471 179 27617.0
472 155 27574.0
473 151 27541.0
474 142 27503.0
475 138 27467.0
476 135 27430.0
477 138 27392.0
478 152 27338.0
479 162 27292.0
480 171 27232.0
481 183 27184.0
482 195 27119.0
483 209 27064.0
484 197 26999.0
485 213 26940.0
486 233 26869.0
487 260 26793.0
488 247 26726.0
489 225 26671.0
490 207 26631.0
491 174 26581.0
492 164 26551.0
493 143 26510.0
494 124 26485.0
495 126 26436.0
496 138 26406.0
497 126 26356.0
498 130 26334.0
499 116 26292.0
500 137 26264.0
501 124 26230.0
502 108 26203.0
503 87 26194.0
504 64 26173.0
505 57 26168.0
506 53 26144.0
507 71 26127.0
508 83 26078.0
509 124 26047.0
510 111 26024.0
511 88 26002.0
512 73 25990.0
513 63 25967.0
514 80 25946.0
515 90 25908.0
516 105 25892.0
517 82 25869.0
518 71 25852.0
519 76 25828.0
520 78 25809.0
521 69 25790.0
522 64 25773.0
523 61 25756.0
524 54 25746.0
525 44 25730.0
526 41 25725.0
527 35 25712.0
528 39 25703.0
529 47 25679.0
530 60 25666.0
531 45 25658.0
532 36 25651.0
533 30 25642.0
534 36 25629.0
535 43 25618.0
536 39 25611.0
537 25 25608.0
538 18 25603.0
539 18 25600.0
540 19 25589.0
541 25 25588.0
542 22 25570.0
543 38 25568.0
544 32 25559.0
545 25 25553.0
546 29 25544.0
547 32 25533.0
548 28 25530.0
549 18 25522.0
550 23 25522.0
551 16 25521.0
552 11 25516.0
553 11 25514.0
554 14 25509.0
555 11 25506.0
556 9 25505.0
557 9 25502.0
558 9 25501.0
559 5 25501.0
560 2 25501.0
561 1 25501.0
562 0 25501.0
563 0 25501.0
564 0 25501.0
565 0 25501.0
566 0 25501.0
567 0 25501.0
568 0 25501.0
569 0 25501.0
570 0 25501.0
571 0 25501.0
572 0 25501.0
573 0 25501.0
574 0 25501.0
575 0 25501.0
576 0 25501.0
577 0 25501.0
578 0 25501.0
579 0 25501.0
580 0 25501.0
581 0 25501.0
582 0 25501.0
583 0 25501.0
584 0 25501.0
585 0 25501.0
586 0 25501.0
587 0 25501.0
588 0 25501.0
589 0 25501.0
590 0 25501.0
591 0 25501.0
592 0 25501.0
593 0 25501.0
594 0 25501.0
595 0 25501.0
596 0 25501.0
597 0 25501.0
598 0 25501.0
599 0 25501.0
600 0 25501.0
601 0 25501.0
602 0 25501.0
603 0 25501.0
604 0 25501.0
605 0 25501.0
606 0 25501.0
607 0 25501.0
608 0 25501.0
609 0 25501.0
610 0 25501.0
611 0 25501.0
612 0 25501.0
613 0 25501.0
614 0 25501.0
615 0 25501.0
616 0 25501.0
617 0 25501.0
618 0 25501.0
619 0 25501.0
620 0 25501.0
621 0 25501.0
622 0 25501.0
623 0 25501.0
624 0 25501.0
625 0 25501.0
626 0 25501.0
627 0 25501.0
628 0 25501.0
629 0 25501.0
630 0 25501.0
631 0 25501.0
632 0 25501.0
633 0 25501.0
634 0 25501.0
635 0 25501.0
636 0 25501.0
637 0 25501.0
638 0 25501.0
639 0 25501.0
640 0 25501.0
641 0 25501.0
642 0 25501.0
643 0 25501.0
644 0 25501.0
645 0 25501.0
646 0 25501.0
647 0 25501.0
648 0 25501.0
649 0 25501.0
650 0 25501.0
651 0 25501.0
652 0 25501.0
653 0 25501.0
654 0 25501.0
655 0 25501.0
656 0 25501.0
657 0 25501.0
658 0 25501.0
659 0 25501.0
660 0 25501.0
661 0 25501.0
662 0 25501.0
663 0 25501.0
664 0 25501.0
665 0 25501.0
666 0 25501.0
667 0 25501.0
668 0 25501.0
669 0 25501.0
670 0 25501.0
671 0 25501.0
672 0 25501.0
673 0 25501.0
674 0 25501.0
675 0 25501.0
676 0 25501.0
677 0 25501.0
678 0 25501.0
679 0 25501.0
680 0 25501.0
681 0 25501.0
682 0 25501.0
683 0 25501.0
684 0 25501.0
685 0 25501.0
686 0 25501.0
687 0 25501.0
688 0 25501.0
689 0 25501.0
690 0 25501.0
691 0 25501.0
692 0 25501.0
693 0 25501.0
694 0 25501.0
695 0 25501.0
696 0 25501.0
697 0 25501.0
698 0 25501.0
699 0 25501.0
700 0 25501.0
701 0 25501.0
702 0 25501.0
703 0 25501.0
704 0 25501.0
705 0 25501.0
706 0 25501.0
707 0 25501.0
708 0 25501.0
709 0 25501.0
710 0 25501.0
711 0 25501.0
712 0 25501.0
713 0 25501.0
714 0 25501.0
715 0 25501.0
716 0 25501.0
717 0 25501.0
718 0 25501.0
719 0 25501.0
720 0 25501.0
721 0 25501.0
722 0 25501.0
723 0 25501.0
724 0 25501.0
725 0 25501.0
726 0 25501.0
727 0 25501.0
728 0 25501.0
729 0 25501.0
730 0 25501.0
731 0 25501.0
732 0 25501.0
733 0 25501.0
734 0 25501.0
735 0 25501.0
736 0 25501.0
737 0 25501.0
738 0 25501.0
739 0 25501.0
740 0 25501.0
741 0 25501.0
742 0 25501.0
743 0 25501.0
744 0 25501.0
745 0 25501.0
746 0 25501.0
747 0 25501.0
748 0 25501.0
749 0 25501.0
750 0 25501.0
751 0 25501.0
752 0 25501.0
753 0 25501.0
754 0 25501.0
755 0 25501.0
756 0 25501.0
757 0 25501.0
758 0 25501.0
759 0 25501.0
760 0 25501.0
761 0 25501.0
762 0 25501.0
763 0 25501.0
764 0 25501.0
765 0 25501.0
766 0 25501.0
767 0 25501.0
768 0 25501.0
769 0 25501.0
770 0 25501.0
771 0 25501.0
772 0 25501.0
773 0 25501.0
774 0 25501.0
775 0 25501.0
776 0 25501.0
777 0 25501.0
778 0 25501.0
779 0 25501.0
780 0 25501.0
781 0 25501.0
782 0 25501.0
783 0 25501.0
784 0 25501.0
785 0 25501.0
786 0 25501.0
787 0 25501.0
788 0 25501.0
789 0 25501.0
790 0 25501.0
791 0 25501.0
792 0 25501.0
793 0 25501.0
794 0 25501.0
795 0 25501.0
796 0 25501.0
797 0 25501.0
798 0 25501.0
799 0 25501.0
800 0 25501.0
801 0 25501.0
802 0 25501.0
803 0 25501.0
804 0 25501.0
805 0 25501.0
806 0 25501.0
807 0 25501.0
808 0 25501.0
809 0 25501.0
810 0 25501.0
811 0 25501.0
812 0 25501.0
813 0 25501.0
814 0 25501.0
815 0 25501.0
816 0 25501.0
817 0 25501.0
818 0 25501.0
819 0 25501.0
820 0 25501.0
821 0 25501.0
822 0 25501.0
823 0 25501.0
824 0 25501.0
825 0 25501.0
826 0 25501.0
827 0 25501.0
828 0 25501.0
829 0 25501.0
830 0 25501.0
831 0 25501.0
832 0 25501.0
833 0 25501.0
834 0 25501.0
835 0 25501.0
836 0 25501.0
837 0 25501.0
838 0 25501.0
839 0 25501.0
840 0 25501.0
841 0 25501.0
842 0 25501.0
843 0 25501.0
844 0 25501.0
845 0 25501.0
846 0 25501.0
847 0 25501.0
848 0 25501.0
849 0 25501.0
850 0 25501.0
851 0 25501.0
852 0 25501.0
853 0 25501.0
854 0 25501.0
855 0 25501.0
856 0 25501.0
857 0 25501.0
858 0 25501.0
859 0 25501.0
860 0 25501.0
861 0 25501.0
862 0 25501.0
863 0 25501.0
864 0 25501.0
865 0 25501.0
866 0 25501.0
867 0 25501.0
868 0 25501.0
869 0 25501.0
870 0 25501.0
871 0 25501.0
872 0 25501.0
873 0 25501.0
874 0 25501.0
875 0 25501.0
876 0 25501.0
877 0 25501.0
878 0 25501.0
879 0 25501.0
880 0 25501.0
881 0 25501.0
882 0 25501.0
883 0 25501.0
884 0 25501.0
885 0 25501.0
886 0 25501.0
887 0 25501.0
888 0 25501.0
889 0 25501.0
890 0 25501.0
891 0 25501.0
892 0 25501.0
893 0 25501.0
894 0 25501.0
895 0 25501.0
896 0 25501.0
897 0 25501.0
898 0 25501.0
899 0 25501.0
900 0 25501.0
901 0 25501.0
902 0 25501.0
903 0 25501.0
904 0 25501.0
905 0 25501.0
906 0 25501.0
907 0 25501.0
908 0 25501.0
909 0 25501.0
910 0 25501.0
911 0 25501.0
912 0 25501.0
913 0 25501.0
914 0 25501.0
915 0 25501.0
916 0 25501.0
917 0 25501.0
918 0 25501.0
919 0 25501.0
920 0 25501.0
921 0 25501.0
922 0 25501.0
923 0 25501.0
924 0 25501.0
925 0 25501.0
926 0 25501.0
927 0 25501.0
928 0 25501.0
929 0 25501.0
930 0 25501.0
931 0 25501.0
932 0 25501.0
933 0 25501.0
934 0 25501.0
935 0 25501.0
936 0 25501.0
937 0 25501.0
938 0 25501.0
939 0 25501.0
940 0 25501.0
941 0 25501.0
942 0 25501.0
943 0 25501.0
944 0 25501.0
945 0 25501.0
946 0 25501.0
947 0 25501.0
948 0 25501.0
949 0 25501.0
950 0 25501.0
951 0 25501.0
952 0 25501.0
953 0 25501.0
954 0 25501.0
955 0 25501.0
956 0 25501.0
957 0 25501.0
958 0 25501.0
959 0 25501.0
960 0 25501.0
961 0 25501.0
962 0 25501.0
963 0 25501.0
964 0 25501.0
965 0 25501.0
966 0 25501.0
967 0 25501.0
968 0 25501.0
969 0 25501.0
970 0 25501.0
971 0 25501.0
972 0 25501.0
973 0 25501.0
974 0 25501.0
975 0 25501.0
976 0 25501.0
977 0 25501.0
978 0 25501.0
979 0 25501.0
980 0 25501.0
981 0 25501.0
982 0 25501.0
983 0 25501.0
984 0 25501.0
985 0 25501.0
986 0 25501.0
987 0 25501.0
988 0 25501.0
989 0 25501.0
990 0 25501.0
991 0 25501.0
992 0 25501.0
993 0 25501.0
994 0 25501.0
995 0 25501.0
996 0 25501.0
997 0 25501.0
998 0 25501.0
999 0 25501.0
1000 0 25501.0
