1 1 15044.0
2 1 20646.0
3 1 26069.0
4 2 31497.0
5 2 36681.0
6 4 41723.0
7 3 46787.0
8 2 52029.0
9 2 57367.0
10 4 62409.0
11 4 67411.0
12 8 72532.0
13 8 77778.0
14 16 82841.0
15 12 87794.0
16 19 92741.0
17 17 97718.0
18 18 102782.0
19 29 107783.0
20 27 112832.0
21 35 117905.0
22 26 122957.0
23 34 128020.0
24 37 133052.0
25 51 138022.0
26 60 142859.0
27 72 147951.0
28 73 152851.0
29 68 157802.0
30 86 162724.0
31 78 167715.0
32 104 172635.0
33 109 177700.0
34 103 182597.0
35 100 187509.0
36 111 192524.0
37 135 197574.0
38 162 202750.0
39 175 207676.0
40 198 212619.0
41 214 217530.0
42 228 222452.0
43 250 227323.0
44 279 232351.0
45 313 237159.0
46 331 241926.0
47 342 246973.0
48 346 251750.0
49 380 256652.0
50 383 261715.0
51 420 266790.0
52 429 271735.0
53 417 276639.0
54 416 281387.0
55 477 286394.0
56 488 291212.0
57 498 296147.0
58 515 300937.0
59 521 305747.0
60 568 310653.0
61 592 315416.0
62 682 320152.0
63 689 324988.0
64 724 329708.0
65 731 334842.0
66 767 339708.0
67 759 344632.0
68 774 349333.0
69 803 354200.0
70 906 359018.0
71 936 363759.0
72 919 368455.0
73 985 373121.0
74 982 377816.0
75 993 382568.0
76 928 387215.0
77 941 391997.0
78 954 396653.0
79 1094 401275.0
80 1119 405929.0
81 1120 410528.0
82 1135 415184.0
83 1126 419847.0
84 1183 424609.0
85 1245 429169.0
86 1338 433945.0
87 1323 438455.0
88 1332 443064.0
89 1429 447466.0
90 1474 451931.0
91 1501 456622.0
92 1534 461076.0
93 1561 465738.0
94 1534 470442.0
95 1523 474984.0
96 1646 479447.0
97 1821 484115.0
98 1855 488651.0
99 1829 493323.0
100 1778 492786.0
101 1737 487612.0
102 1648 482109.0
103 1718 476694.0
104 1745 471359.0
105 1733 466195.0
106 1591 461075.0
107 1577 455988.0
108 1509 450741.0
109 1548 445250.0
110 1498 440096.0
111 1473 435110.0
112 1477 429920.0
113 1530 424685.0
114 1482 419499.0
115 1523 414429.0
116 1496 409295.0
117 1503 404151.0
118 1517 398934.0
119 1661 393910.0
120 1626 388641.0
121 1509 383560.0
122 1457 378341.0
123 1495 373230.0
124 1551 368200.0
125 1541 363104.0
126 1620 357873.0
127 1561 352845.0
128 1459 347754.0
129 1496 342675.0
130 1502 337332.0
131 1562 332487.0
132 1569 327476.0
133 1595 322600.0
134 1510 317485.0
135 1452 312289.0
136 1449 307490.0
137 1502 302323.0
138 1527 297528.0
139 1471 292419.0
140 1464 287501.0
141 1401 282473.0
142 1415 277567.0
143 1418 272492.0
144 1320 267632.0
145 1216 262821.0
146 1225 258004.0
147 1181 253302.0
148 1209 248452.0
149 1224 243803.0
150 1184 239004.0
151 1229 234381.0
152 1203 229707.0
153 1165 225140.0
154 1191 220606.0
155 1224 216000.0
156 1235 211377.0
157 1163 206811.0
158 1137 202521.0
159 1090 198032.0
160 1128 193618.0
161 1107 189155.0
162 1158 184886.0
163 1212 180414.0
164 1213 176240.0
165 1187 171942.0
166 1160 167926.0
167 1056 163801.0
168 977 159898.0
169 912 155784.0
170 901 151993.0
171 847 148076.0
172 815 144212.0
173 806 140410.0
174 832 136628.0
175 874 132872.0
176 899 129282.0
177 936 125653.0
178 975 121993.0
179 962 118337.0
180 976 114808.0
181 906 111308.0
182 828 107923.0
183 752 104770.0
184 748 101507.0
185 720 98434.0
186 675 95499.0
187 618 92548.0
188 612 89662.0
189 585 86762.0
190 574 84022.0
191 530 81303.0
192 516 78626.0
193 459 76097.0
194 423 73601.0
195 416 71164.0
196 419 68600.0
197 391 66182.0
198 371 64094.0
199 373 61929.0
200 340 59939.0
201 309 57835.0
202 288 55994.0
203 250 54169.0
204 229 52244.0
205 231 50483.0
206 226 48552.0
207 213 46959.0
208 172 45258.0
209 155 43684.0
210 137 42170.0
211 125 40788.0
212 122 39370.0
213 99 37974.0
214 86 36550.0
215 83 35337.0
216 73 34166.0
217 82 33149.0
218 73 32018.0
219 74 30902.0
220 53 29793.0
221 57 28820.0
222 52 27888.0
223 58 26930.0
224 59 26045.0
225 64 25093.0
226 55 24260.0
227 59 23394.0
228 51 22549.0
229 49 21954.0
230 46 21383.0
231 39 20636.0
232 40 19964.0
233 27 19325.0
234 20 18835.0
235 21 18118.0
236 25 17712.0
237 22 17242.0
238 21 16782.0
239 16 16338.0
240 14 15974.0
241 12 15484.0
242 10 14989.0
243 8 14504.0
244 10 14255.0
245 6 13919.0
246 6 13564.0
247 5 13129.0
248 3 12677.0
249 3 12397.0
250 2 12046.0
251 2 11897.0
252 1 11648.0
253 1 11350.0
254 0 10985.0
255 0 10909.0
256 0 10770.0
257 0 10626.0
258 0 10594.0
259 0 10341.0
260 0 10168.0
261 0 10053.0
262 0 9787.0
263 0 9734.0
264 0 9462.0
265 0 9175.0
266 0 8956.0
267 0 8915.0
268 0 8653.0
269 0 8546.0
270 0 8431.0
271 0 8240.0
272 0 8239.0
273 0 8115.0
274 0 8171.0
275 0 8105.0
276 2 8018.0
277 1 8035.0
278 1 8065.0
279 0 8146.0
280 0 8146.0
281 0 14527.0
282 0 20592.0
283 0 26139.0
284 0 31620.0
285 0 36744.0
286 0 41967.0
287 0 47186.0
288 0 52433.0
289 0 57633.0
290 0 57633.0
291 0 57633.0
292 0 57633.0
293 0 57633.0
294 0 57633.0
295 0 57633.0
296 0 57633.0
297 0 57633.0
298 0 57633.0
299 0 57633.0
300 0 57633.0
301 0 57633.0
302 0 57633.0
303 0 57633.0
304 0 57633.0
305 0 57633.0
306 0 57633.0
307 0 57633.0
308 0 57633.0
309 0 57633.0
310 0 57633.0
311 0 57633.0
312 0 57633.0
313 0 57633.0
314 0 57633.0
315 0 57633.0
316 0 57633.0
317 0 57633.0
318 0 57633.0
319 0 57633.0
320 0 57633.0
321 0 57633.0
322 0 57633.0
323 0 57633.0
324 0 57633.0
325 0 57633.0
326 0 57633.0
327 0 57633.0
328 0 57633.0
329 0 57633.0
330 0 57633.0
331 0 57633.0
332 0 57633.0
333 0 57633.0
334 0 57633.0
335 0 57633.0
336 0 57633.0
337 0 57633.0
338 0 57633.0
339 0 57633.0
340 0 57633.0
341 0 57633.0
342 0 57633.0
343 0 57633.0
344 0 57633.0
345 0 57633.0
346 0 57633.0
347 0 57633.0
348 0 57633.0
349 0 57633.0
350 0 57633.0
351 0 57633.0
352 0 57633.0
353 0 57633.0
354 0 57633.0
355 0 57633.0
356 0 57633.0
357 0 57633.0
358 0 57633.0
359 0 57633.0
360 0 57633.0
361 0 57633.0
362 0 57633.0
363 0 57633.0
364 0 57633.0
365 0 57633.0
366 0 57633.0
367 0 57633.0
368 0 57633.0
369 0 57633.0
370 0 57633.0
371 0 57633.0
372 0 57633.0
373 0 57633.0
374 0 57633.0
375 0 57633.0
376 0 57633.0
377 0 57633.0
378 0 57633.0
379 0 57633.0
380 0 57633.0
381 0 57633.0
382 0 57633.0
383 0 57633.0
384 0 57633.0
385 0 57633.0
386 0 57633.0
387 0 57633.0
388 0 57633.0
389 0 57633.0
390 0 57633.0
391 0 57633.0
392 0 57633.0
393 0 57633.0
394 0 57633.0
395 0 57633.0
396 0 57633.0
397 0 57633.0
398 0 57633.0
399 0 57633.0
400 0 57633.0
401 0 57633.0
402 0 57633.0
403 0 57633.0
404 0 57633.0
405 0 57633.0
406 0 57633.0
407 0 57633.0
408 0 57633.0
409 0 57633.0
410 0 57633.0
411 0 57633.0
412 0 57633.0
413 0 57633.0
414 0 57633.0
415 0 57633.0
416 0 57633.0
417 0 57633.0
418 0 57633.0
419 0 57633.0
420 0 57633.0
421 0 57633.0
422 0 57633.0
423 0 57633.0
424 0 57633.0
425 0 57633.0
426 0 57633.0
427 0 57633.0
428 0 57633.0
429 0 57633.0
430 0 57633.0
431 0 57633.0
432 0 57633.0
433 0 57633.0
434 0 57633.0
435 0 57633.0
436 0 57633.0
437 0 57633.0
438 0 57633.0
439 0 57633.0
440 0 57633.0
441 0 57633.0
442 0 57633.0
443 0 57633.0
444 0 57633.0
445 0 57633.0
446 0 57633.0
447 0 57633.0
448 0 57633.0
449 0 57633.0
450 0 57633.0
451 0 57633.0
452 0 57633.0
453 0 57633.0
454 0 57633.0
455 0 57633.0
456 0 57633.0
457 0 57633.0
458 0 57633.0
459 0 57633.0
460 0 57633.0
461 0 53168.0
462 0 49079.0
463 0 45192.0
464 0 41439.0
465 0 38004.0
466 0 35067.0
467 0 32346.0
468 0 29796.0
469 0 27314.0
470 0 25216.0
471 0 23208.0
472 0 21571.0
473 0 20045.0
474 0 18709.0
475 0 17630.0
476 0 16384.0
477 0 15301.0
478 0 14412.0
479 0 13677.0
480 0 13024.0
481 0 12318.0
482 0 11771.0
483 0 11250.0
484 0 10827.0
485 0 10349.0
486 0 9993.0
487 0 9653.0
488 0 9475.0
489 0 9232.0
490 0 9190.0
491 0 9015.0
492 0 8834.0
493 0 8461.0
494 0 8368.0
495 0 8254.0
496 0 8210.0
497 0 8032.0
498 0 7830.0
499 0 7770.0
500 0 7740.0
501 0 7625.0
502 0 7686.0
503 0 7550.0
504 0 7582.0
505 0 7493.0
506 0 7371.0
507 0 7387.0
508 0 7385.0
509 0 7299.0
510 0 7242.0
511 0 7281.0
512 0 7240.0
513 0 7203.0
514 0 7193.0
515 0 7175.0
516 0 7159.0
517 0 7021.0
518 0 7097.0
519 0 7090.0
520 0 7137.0
521 0 7245.0
522 0 7182.0
523 0 7104.0
524 0 6990.0
525 0 7030.0
526 0 6997.0
527 0 7097.0
528 0 7085.0
529 0 7129.0
530 0 7123.0
531 0 7108.0
532 0 7144.0
533 0 7071.0
534 0 7135.0
535 0 7168.0
536 0 7147.0
537 0 7088.0
538 0 7064.0
539 0 7164.0
540 0 7184.0
541 0 7240.0
542 0 7252.0
543 0 7255.0
544 0 7192.0
545 0 7165.0
546 0 7108.0
547 0 7187.0
548 0 7168.0
549 0 7093.0
550 0 7125.0
551 0 7038.0
552 0 7158.0
553 0 7069.0
554 0 6997.0
555 0 7000.0
556 0 7142.0
557 0 7112.0
558 0 7066.0
559 0 7096.0
560 0 6925.0
561 0 6999.0
562 0 7026.0
563 0 6942.0
564 0 7062.0
565 0 7143.0
566 0 7133.0
567 0 7174.0
568 0 7120.0
569 0 7170.0
570 0 7116.0
571 0 7187.0
572 0 7368.0
573 0 7144.0
574 0 7126.0
575 0 7061.0
576 0 6939.0
577 0 7058.0
578 0 7046.0
579 0 6945.0
580 0 6951.0
581 0 6999.0
582 0 7013.0
583 0 6832.0
584 0 6902.0
585 0 6878.0
586 0 6901.0
587 0 6851.0
588 0 6948.0
589 0 6868.0
590 0 7011.0
591 0 6994.0
592 0 6940.0
593 0 7036.0
594 0 7086.0
595 0 6963.0
596 0 6990.0
597 0 7042.0
598 0 7032.0
599 0 7034.0
600 0 7048.0
601 0 7144.0
602 0 7053.0
603 0 7084.0
604 0 7009.0
605 0 7079.0
606 0 6956.0
607 0 6952.0
608 0 6924.0
609 0 6964.0
610 0 7013.0
611 0 7012.0
612 0 7018.0
613 0 6987.0
614 0 7082.0
615 0 7010.0
616 0 7001.0
617 0 7127.0
618 0 7079.0
619 0 7005.0
620 0 7018.0
621 0 6985.0
622 0 6948.0
623 0 7004.0
624 0 7034.0
625 0 7066.0
626 0 7026.0
627 0 6945.0
628 0 6992.0
629 0 6965.0
630 0 7030.0
631 0 6966.0
632 0 6818.0
633 0 6961.0
634 0 6935.0
635 0 6945.0
636 0 6936.0
637 0 6965.0
638 0 6891.0
639 0 6797.0
640 0 6885.0
641 0 6881.0
642 0 6881.0
643 0 6921.0
644 0 6858.0
645 0 6917.0
646 0 7067.0
647 0 6952.0
648 0 6962.0
649 0 7006.0
650 0 7053.0
651 0 7089.0
652 0 7032.0
653 0 6957.0
654 0 6958.0
655 0 7060.0
656 0 7015.0
657 0 6979.0
658 0 6873.0
659 0 7016.0
660 0 7064.0
661 0 7109.0
662 0 7067.0
663 0 7063.0
664 0 7049.0
665 0 7022.0
666 0 6934.0
667 0 6847.0
668 0 6954.0
669 0 7105.0
670 0 6997.0
671 0 7072.0
672 0 7072.0
673 0 7067.0
674 0 7029.0
675 0 7059.0
676 0 7009.0
677 0 7116.0
678 0 7152.0
679 0 6984.0
680 0 6994.0
681 0 6931.0
682 0 6998.0
683 0 7038.0
684 0 6981.0
685 0 7073.0
686 0 7085.0
687 0 7021.0
688 0 6935.0
689 0 7023.0
690 0 7149.0
691 0 7097.0
692 0 7135.0
693 0 7134.0
694 0 7224.0
695 0 7244.0
696 0 7175.0
697 0 7151.0
698 0 7165.0
699 0 7293.0
700 0 7254.0
701 0 7183.0
702 0 7128.0
703 0 7101.0
704 0 7032.0
705 0 7049.0
706 0 6886.0
707 0 7010.0
708 0 6969.0
709 0 6901.0
710 0 6986.0
711 0 7112.0
712 0 7090.0
713 0 7109.0
714 0 7159.0
715 0 7231.0
716 0 7333.0
717 0 7241.0
718 0 7164.0
719 0 7103.0
720 0 7062.0
721 0 7027.0
722 0 7116.0
723 0 7092.0
724 0 7077.0
725 0 7146.0
726 0 7160.0
727 0 7099.0
728 0 7156.0
729 0 7174.0
730 0 7188.0
731 0 7134.0
732 0 7084.0
733 0 7048.0
734 0 7080.0
735 0 7054.0
736 0 7096.0
737 0 7100.0
738 0 7192.0
739 0 7197.0
740 0 7084.0
741 0 7178.0
742 0 7173.0
743 0 7154.0
744 0 7231.0
745 0 7139.0
746 0 7100.0
747 0 7218.0
748 0 7181.0
749 0 7180.0
750 0 7181.0
751 0 7151.0
752 0 7169.0
753 0 7367.0
754 0 7455.0
755 0 7235.0
756 0 7298.0
757 0 7278.0
758 0 7222.0
759 0 7157.0
760 0 7005.0
761 0 7020.0
762 0 7045.0
763 0 7077.0
764 0 6947.0
765 0 7055.0
766 0 6909.0
767 0 6879.0
768 0 6838.0
769 0 6765.0
770 0 6861.0
771 0 6958.0
772 0 6946.0
773 0 6984.0
774 0 6921.0
775 0 6889.0
776 0 6894.0
777 0 6996.0
778 0 7031.0
779 0 7182.0
780 0 7198.0
781 0 7140.0
782 0 7285.0
783 0 7261.0
784 0 7277.0
785 0 7254.0
786 0 7189.0
787 0 7083.0
788 0 7097.0
789 0 7042.0
790 0 7046.0
791 0 6990.0
792 0 6924.0
793 0 6968.0
794 0 6942.0
795 0 6948.0
796 0 6926.0
797 0 6948.0
798 0 6904.0
799 0 6931.0
800 0 7001.0
801 0 6912.0
802 0 6898.0
803 0 6913.0
804 0 7061.0
805 0 6974.0
806 0 7088.0
807 0 7148.0
808 0 7055.0
809 0 7075.0
810 0 7096.0
811 0 7111.0
812 0 7105.0
813 0 7058.0
814 0 7085.0
815 0 7144.0
816 0 7086.0
817 0 7134.0
818 0 7060.0
819 0 7228.0
820 0 7312.0
821 0 7344.0
822 0 7405.0
823 0 7256.0
824 0 7145.0
825 0 7012.0
826 0 6958.0
827 0 7000.0
828 0 6990.0
829 0 6901.0
830 0 6990.0
831 0 6994.0
832 0 7167.0
833 0 7128.0
834 0 7117.0
835 0 6973.0
836 0 7074.0
837 0 7012.0
838 0 6974.0
839 0 7042.0
840 0 7039.0
841 0 7082.0
842 0 7045.0
843 0 7096.0
844 0 7136.0
845 0 7149.0
846 0 7110.0
847 0 7124.0
848 0 7106.0
849 0 7049.0
850 0 7219.0
851 0 7241.0
852 0 7158.0
853 0 7049.0
854 0 7137.0
855 0 7082.0
856 0 7064.0
857 0 7056.0
858 0 7067.0
859 0 6967.0
860 0 6984.0
861 0 6963.0
862 0 6832.0
863 0 6992.0
864 0 6900.0
865 0 6903.0
866 0 6888.0
867 0 6978.0
868 0 6978.0
869 0 6986.0
870 0 6937.0
871 0 7059.0
872 0 7130.0
873 0 7212.0
874 0 7162.0
875 0 7020.0
876 0 6933.0
877 0 7001.0
878 0 6989.0
879 0 7063.0
880 0 7047.0
881 0 7058.0
882 0 6949.0
883 0 7069.0
884 0 6957.0
885 0 6936.0
886 0 6993.0
887 0 6978.0
888 0 7017.0
889 0 7112.0
890 0 7036.0
891 0 7120.0
892 0 7134.0
893 0 7087.0
894 0 6993.0
895 0 7056.0
896 0 7129.0
897 0 7117.0
898 0 7164.0
899 0 7107.0
900 0 7109.0
901 0 7134.0
902 0 7118.0
903 0 7241.0
904 0 7161.0
905 0 7098.0
906 0 7091.0
907 0 7093.0
908 0 7077.0
909 0 7022.0
910 0 7049.0
911 0 7145.0
912 0 7159.0
913 0 7193.0
914 0 7122.0
915 0 7051.0
916 0 7031.0
917 0 7027.0
918 0 7027.0
919 0 6980.0
920 0 7045.0
921 0 7065.0
922 0 7042.0
923 0 7067.0
924 0 7118.0
925 0 7328.0
926 0 7255.0
927 0 7195.0
928 0 7112.0
929 0 7174.0
930 0 7079.0
931 0 7128.0
932 0 7233.0
933 0 7209.0
934 0 7307.0
935 0 7338.0
936 0 7382.0
937 0 7345.0
938 0 7401.0
939 0 7400.0
940 0 7287.0
941 0 7273.0
942 0 7216.0
943 0 7275.0
944 0 7154.0
945 0 7164.0
946 0 7213.0
947 0 7136.0
948 0 7044.0
949 0 7083.0
950 0 7113.0
951 0 7134.0
952 0 7167.0
953 0 7275.0
954 0 7137.0
955 0 7165.0
956 0 7144.0
957 0 7352.0
958 0 7234.0
959 0 7267.0
960 0 7306.0
961 0 7351.0
962 0 7364.0
963 0 7325.0
964 0 7288.0
965 0 7345.0
966 0 7251.0
967 0 7210.0
968 0 7117.0
969 0 7003.0
970 0 7084.0
971 0 7154.0
972 0 7248.0
973 0 7212.0
974 0 7077.0
975 0 7037.0
976 0 7039.0
977 0 7217.0
978 0 7231.0
979 0 7157.0
980 0 7042.0
981 0 7030.0
982 0 7012.0
983 0 7004.0
984 0 6953.0
985 0 7044.0
986 0 7056.0
987 0 7121.0
988 0 7098.0
989 0 6994.0
990 0 6992.0
991 0 7023.0
992 0 6972.0
993 0 7239.0
994 0 7099.0
995 0 7142.0
996 0 7104.0
997 0 7143.0
998 0 7205.0
999 0 7072.0
1000 0 7110.0
