1 1 15032.0
2 1 20430.0
3 1 25987.0
4 2 31260.0
5 2 36477.0
6 4 41675.0
7 4 46959.0
8 8 52086.0
9 7 57290.0
10 13 62441.0
11 10 67479.0
12 7 72494.0
13 11 77465.0
14 10 82626.0
15 14 87613.0
16 18 92632.0
17 21 97804.0
18 19 102919.0
19 21 107996.0
20 25 112840.0
21 27 117791.0
22 29 122811.0
23 30 127745.0
24 38 132794.0
25 45 138106.0
26 49 143045.0
27 66 148118.0
28 71 153056.0
29 100 158236.0
30 93 163325.0
31 112 168143.0
32 130 173182.0
33 134 177990.0
34 163 182991.0
35 163 187867.0
36 169 193057.0
37 173 197920.0
38 184 202647.0
39 189 207378.0
40 205 212297.0
41 236 217322.0
42 272 222372.0
43 250 227360.0
44 279 232454.0
45 285 237353.0
46 341 242236.0
47 358 247172.0
48 340 252210.0
49 352 257203.0
50 373 262212.0
51 391 267083.0
52 426 271832.0
53 460 276569.0
54 489 281559.0
55 538 286325.0
56 579 291302.0
57 601 296241.0
58 566 301050.0
59 612 305988.0
60 590 310847.0
61 599 315830.0
62 611 320552.0
63 658 325367.0
64 699 330140.0
65 761 334998.0
66 805 339863.0
67 854 344780.0
68 841 349544.0
69 883 354212.0
70 900 358897.0
71 899 363523.0
72 947 368270.0
73 1028 372883.0
74 1062 377581.0
75 1085 381987.0
76 1085 386537.0
77 1060 391330.0
78 1053 395965.0
79 1163 400797.0
80 1254 405412.0
81 1332 409905.0
82 1304 414594.0
83 1337 419114.0
84 1347 423860.0
85 1410 428433.0
86 1392 432812.0
87 1456 437509.0
88 1524 441925.0
89 1550 446511.0
90 1538 450907.0
91 1593 455365.0
92 1735 459742.0
93 1796 464127.0
94 1815 468500.0
95 1740 473168.0
96 1707 477633.0
97 1795 482292.0
98 1866 486627.0
99 1993 491127.0
100 2018 490562.0
101 1876 485376.0
102 1755 480303.0
103 1775 474934.0
104 1757 469671.0
105 1759 464626.0
106 1691 459551.0
107 1612 454395.0
108 1484 449057.0
109 1532 444101.0
110 1559 438746.0
111 1639 433452.0
112 1609 428329.0
113 1531 423274.0
114 1504 418062.0
115 1573 412704.0
116 1590 407491.0
117 1609 402223.0
118 1587 397071.0
119 1593 391987.0
120 1498 386778.0
121 1502 381782.0
122 1534 376661.0
123 1617 371554.0
124 1573 366241.0
125 1589 360922.0
126 1634 355783.0
127 1614 350805.0
128 1538 345866.0
129 1467 340779.0
130 1414 335609.0
131 1351 330472.0
132 1417 325466.0
133 1414 320339.0
134 1471 315206.0
135 1530 310155.0
136 1543 305106.0
137 1508 300157.0
138 1402 295162.0
139 1378 290062.0
140 1324 285034.0
141 1326 280099.0
142 1331 275498.0
143 1306 270623.0
144 1414 265662.0
145 1316 260841.0
146 1352 256114.0
147 1393 251109.0
148 1419 246185.0
149 1410 241205.0
150 1357 236466.0
151 1376 231748.0
152 1428 227057.0
153 1418 222269.0
154 1417 217414.0
155 1379 212785.0
156 1272 208192.0
157 1146 203600.0
158 1102 199274.0
159 1188 194781.0
160 1182 190554.0
161 1150 186200.0
162 1120 181795.0
163 1058 177657.0
164 1064 173456.0
165 1071 169387.0
166 1079 165339.0
167 1089 161319.0
168 1080 157221.0
169 1087 153159.0
170 1075 149205.0
171 977 145300.0
172 934 141524.0
173 874 137894.0
174 857 133921.0
175 809 130411.0
176 771 126913.0
177 713 123511.0
178 737 119990.0
179 744 116732.0
180 694 113533.0
181 675 110311.0
182 607 107262.0
183 558 104146.0
184 556 100959.0
185 572 97997.0
186 625 95064.0
187 656 92241.0
188 640 89315.0
189 604 86621.0
190 572 83964.0
191 514 81249.0
192 470 78541.0
193 430 76153.0
194 377 73705.0
195 346 71328.0
196 327 69074.0
197 337 66885.0
198 315 64504.0
199 294 62331.0
200 303 60265.0
201 290 58303.0
202 268 56434.0
203 232 54603.0
204 232 52641.0
205 226 50890.0
206 213 49125.0
207 185 47313.0
208 173 45686.0
209 168 44163.0
210 172 42725.0
211 186 41251.0
212 187 39866.0
213 190 38633.0
214 174 37242.0
215 149 35964.0
216 130 34684.0
217 107 33370.0
218 99 32277.0
219 93 31120.0
220 85 30055.0
221 66 29011.0
222 62 28135.0
223 54 27315.0
224 59 26378.0
225 53 25515.0
226 56 24649.0
227 57 23778.0
228 48 22883.0
229 46 22120.0
230 36 21463.0
231 27 20850.0
232 28 20193.0
233 24 19617.0
234 19 18981.0
235 11 18429.0
236 11 17871.0
237 11 17341.0
238 11 16710.0
239 9 16282.0
240 12 15928.0
241 11 15400.0
242 7 15015.0
243 5 14642.0
244 4 14234.0
245 2 13822.0
246 1 13471.0
247 1 13055.0
248 0 12788.0
249 0 12452.0
250 0 12189.0
251 0 11884.0
252 0 11674.0
253 0 11429.0
254 0 11058.0
255 0 10924.0
256 0 10715.0
257 0 10549.0
258 0 10246.0
259 0 10164.0
260 0 10038.0
261 0 9982.0
262 0 9755.0
263 0 9683.0
264 0 9535.0
265 0 9390.0
266 0 9202.0
267 0 9066.0
268 0 8837.0
269 0 8845.0
270 0 8758.0
271 0 8725.0
272 0 8530.0
273 0 8353.0
274 0 8282.0
275 0 8298.0
276 2 8266.0
277 1 8056.0
278 0 8045.0
279 0 8039.0
280 0 8039.0
281 0 14403.0
282 0 20236.0
283 0 25806.0
284 0 31317.0
285 0 36517.0
286 0 41632.0
287 0 46617.0
288 0 51680.0
289 0 56797.0
290 0 56797.0
291 0 56797.0
292 0 56797.0
293 0 56797.0
294 0 56797.0
295 0 56797.0
296 0 56797.0
297 0 56797.0
298 0 56797.0
299 0 56797.0
300 0 56797.0
301 0 56797.0
302 0 56797.0
303 0 56797.0
304 0 56797.0
305 0 56797.0
306 0 56797.0
307 0 56797.0
308 0 56797.0
309 0 56797.0
310 0 56797.0
311 0 56797.0
312 0 56797.0
313 0 56797.0
314 0 56797.0
315 0 56797.0
316 0 56797.0
317 0 56797.0
318 0 56797.0
319 0 56797.0
320 0 56797.0
321 0 56797.0
322 0 56797.0
323 0 56797.0
324 0 56797.0
325 0 56797.0
326 0 56797.0
327 0 56797.0
328 0 56797.0
329 0 56797.0
330 0 56797.0
331 0 56797.0
332 0 56797.0
333 0 56797.0
334 0 56797.0
335 0 56797.0
336 0 56797.0
337 0 56797.0
338 0 56797.0
339 0 56797.0
340 0 56797.0
341 0 56797.0
342 0 56797.0
343 0 56797.0
344 0 56797.0
345 0 56797.0
346 0 56797.0
347 0 56797.0
348 0 56797.0
349 0 56797.0
350 0 56797.0
351 0 56797.0
352 0 56797.0
353 0 56797.0
354 0 56797.0
355 0 56797.0
356 0 56797.0
357 0 56797.0
358 0 56797.0
359 0 56797.0
360 0 56797.0
361 0 56797.0
362 0 56797.0
363 0 56797.0
364 0 56797.0
365 0 56797.0
366 0 56797.0
367 0 56797.0
368 0 56797.0
369 0 56797.0
370 0 56797.0
371 0 56797.0
372 0 56797.0
373 0 56797.0
374 0 56797.0
375 0 56797.0
376 0 56797.0
377 0 56797.0
378 0 56797.0
379 0 56797.0
380 0 56797.0
381 0 56797.0
382 0 56797.0
383 0 56797.0
384 0 56797.0
385 0 56797.0
386 0 56797.0
387 0 56797.0
388 0 56797.0
389 0 56797.0
390 0 56797.0
391 0 56797.0
392 0 56797.0
393 0 56797.0
394 0 56797.0
395 0 56797.0
396 0 56797.0
397 0 56797.0
398 0 56797.0
399 0 56797.0
400 0 56797.0
401 0 56797.0
402 0 56797.0
403 0 56797.0
404 0 56797.0
405 0 56797.0
406 0 56797.0
407 0 56797.0
408 0 56797.0
409 0 56797.0
410 0 56797.0
411 0 56797.0
412 0 56797.0
413 0 56797.0
414 0 56797.0
415 0 56797.0
416 0 56797.0
417 0 56797.0
418 0 56797.0
419 0 56797.0
420 0 56797.0
421 0 56797.0
422 0 56797.0
423 0 56797.0
424 0 56797.0
425 0 56797.0
426 0 56797.0
427 0 56797.0
428 0 56797.0
429 0 56797.0
430 0 56797.0
431 0 56797.0
432 0 56797.0
433 0 56797.0
434 0 56797.0
435 0 56797.0
436 0 56797.0
437 0 56797.0
438 0 56797.0
439 0 56797.0
440 0 56797.0
441 0 56797.0
442 0 56797.0
443 0 56797.0
444 0 56797.0
445 0 56797.0
446 0 56797.0
447 0 56797.0
448 0 56797.0
449 0 56797.0
450 0 56797.0
451 0 56797.0
452 0 56797.0
453 0 56797.0
454 0 56797.0
455 0 56797.0
456 0 56797.0
457 0 56797.0
458 0 56797.0
459 0 56797.0
460 0 56797.0
461 0 52252.0
462 0 47945.0
463 0 44102.0
464 0 40409.0
465 0 37001.0
466 0 33822.0
467 0 31160.0
468 0 28574.0
469 0 26288.0
470 0 24262.0
471 0 22670.0
472 0 21074.0
473 0 19579.0
474 0 18300.0
475 0 17019.0
476 0 15909.0
477 0 15116.0
478 0 14236.0
479 0 13492.0
480 0 12722.0
481 0 12070.0
482 0 11521.0
483 0 11123.0
484 0 10767.0
485 0 10419.0
486 0 10034.0
487 0 9768.0
488 0 9496.0
489 0 9109.0
490 0 9085.0
491 0 8972.0
492 0 8767.0
493 0 8551.0
494 0 8478.0
495 0 8482.0
496 0 8158.0
497 0 7949.0
498 0 7861.0
499 0 7888.0
500 0 7845.0
501 0 7798.0
502 0 7746.0
503 0 7756.0
504 0 7730.0
505 0 7632.0
506 0 7519.0
507 0 7546.0
508 0 7554.0
509 0 7499.0
510 0 7388.0
511 0 7420.0
512 0 7416.0
513 0 7311.0
514 0 7410.0
515 0 7292.0
516 0 7303.0
517 0 7176.0
518 0 7186.0
519 0 7217.0
520 0 7190.0
521 0 7232.0
522 0 7154.0
523 0 7022.0
524 0 7112.0
525 0 7269.0
526 0 7295.0
527 0 7310.0
528 0 7261.0
529 0 7242.0
530 0 7357.0
531 0 7380.0
532 0 7342.0
533 0 7299.0
534 0 7271.0
535 0 7041.0
536 0 7065.0
537 0 7126.0
538 0 7035.0
539 0 6972.0
540 0 7151.0
541 0 7037.0
542 0 6966.0
543 0 7004.0
544 0 7046.0
545 0 6932.0
546 0 6997.0
547 0 6977.0
548 0 7042.0
549 0 7127.0
550 0 7157.0
551 0 7088.0
552 0 7089.0
553 0 7003.0
554 0 6994.0
555 0 6926.0
556 0 6923.0
557 0 7049.0
558 0 7095.0
559 0 7069.0
560 0 6930.0
561 0 6874.0
562 0 6904.0
563 0 6979.0
564 0 7056.0
565 0 7097.0
566 0 7087.0
567 0 7095.0
568 0 7051.0
569 0 7147.0
570 0 7202.0
571 0 7117.0
572 0 7180.0
573 0 7269.0
574 0 7384.0
575 0 7316.0
576 0 7266.0
577 0 7306.0
578 0 7306.0
579 0 7300.0
580 0 7253.0
581 0 7299.0
582 0 7308.0
583 0 7203.0
584 0 7145.0
585 0 7146.0
586 0 7151.0
587 0 7236.0
588 0 7312.0
589 0 7269.0
590 0 7199.0
591 0 7259.0
592 0 7318.0
593 0 7342.0
594 0 7212.0
595 0 7200.0
596 0 7068.0
597 0 7198.0
598 0 7166.0
599 0 7074.0
600 0 7014.0
601 0 7025.0
602 0 6971.0
603 0 6978.0
604 0 6947.0
605 0 7019.0
606 0 7094.0
607 0 7001.0
608 0 7082.0
609 0 7132.0
610 0 7129.0
611 0 7194.0
612 0 7237.0
613 0 7063.0
614 0 7121.0
615 0 7365.0
616 0 7313.0
617 0 7258.0
618 0 7290.0
619 0 7211.0
620 0 7232.0
621 0 7326.0
622 0 7263.0
623 0 7143.0
624 0 7094.0
625 0 7234.0
626 0 7319.0
627 0 7405.0
628 0 7294.0
629 0 7273.0
630 0 7259.0
631 0 7161.0
632 0 7155.0
633 0 7061.0
634 0 6963.0
635 0 7006.0
636 0 7011.0
637 0 7066.0
638 0 7135.0
639 0 7086.0
640 0 7145.0
641 0 7134.0
642 0 7127.0
643 0 7053.0
644 0 7137.0
645 0 7186.0
646 0 7255.0
647 0 7328.0
648 0 7334.0
649 0 7334.0
650 0 7241.0
651 0 7274.0
652 0 7209.0
653 0 7242.0
654 0 7287.0
655 0 7291.0
656 0 7389.0
657 0 7390.0
658 0 7237.0
659 0 7357.0
660 0 7435.0
661 0 7410.0
662 0 7121.0
663 0 7147.0
664 0 7145.0
665 0 7074.0
666 0 7139.0
667 0 7133.0
668 0 7098.0
669 0 7112.0
670 0 7084.0
671 0 7054.0
672 0 7095.0
673 0 7121.0
674 0 7045.0
675 0 7099.0
676 0 7225.0
677 0 7095.0
678 0 6955.0
679 0 7103.0
680 0 7117.0
681 0 7028.0
682 0 7095.0
683 0 7063.0
684 0 7068.0
685 0 7024.0
686 0 7062.0
687 0 7066.0
688 0 7052.0
689 0 7058.0
690 0 7320.0
691 0 7213.0
692 0 7156.0
693 0 7064.0
694 0 6873.0
695 0 6995.0
696 0 6980.0
697 0 6912.0
698 0 6921.0
699 0 7000.0
700 0 6959.0
701 0 7004.0
702 0 7008.0
703 0 6968.0
704 0 6985.0
705 0 7050.0
706 0 6979.0
707 0 6925.0
708 0 6986.0
709 0 7020.0
710 0 7193.0
711 0 7101.0
712 0 7180.0
713 0 7153.0
714 0 7085.0
715 0 7095.0
716 0 7074.0
717 0 7030.0
718 0 7082.0
719 0 7131.0
720 0 7238.0
721 0 7118.0
722 0 7102.0
723 0 7064.0
724 0 6976.0
725 0 7181.0
726 0 7067.0
727 0 7149.0
728 0 7131.0
729 0 7233.0
730 0 7169.0
731 0 7095.0
732 0 7153.0
733 0 7144.0
734 0 7081.0
735 0 7217.0
736 0 7116.0
737 0 7157.0
738 0 7120.0
739 0 7297.0
740 0 7171.0
741 0 7140.0
742 0 7125.0
743 0 7064.0
744 0 7030.0
745 0 7023.0
746 0 7204.0
747 0 7186.0
748 0 7161.0
749 0 7221.0
750 0 7209.0
751 0 7196.0
752 0 7101.0
753 0 7153.0
754 0 7077.0
755 0 7087.0
756 0 7215.0
757 0 7114.0
758 0 7113.0
759 0 7157.0
760 0 7176.0
761 0 7197.0
762 0 7184.0
763 0 7215.0
764 0 7147.0
765 0 7121.0
766 0 7037.0
767 0 7042.0
768 0 7147.0
769 0 7048.0
770 0 6897.0
771 0 6853.0
772 0 6836.0
773 0 6905.0
774 0 6963.0
775 0 7033.0
776 0 7162.0
777 0 7124.0
778 0 7029.0
779 0 7094.0
780 0 7114.0
781 0 7046.0
782 0 7082.0
783 0 7044.0
784 0 6963.0
785 0 7000.0
786 0 6979.0
787 0 7062.0
788 0 7174.0
789 0 7280.0
790 0 7246.0
791 0 7182.0
792 0 7078.0
793 0 7125.0
794 0 7196.0
795 0 7160.0
796 0 7090.0
797 0 7017.0
798 0 7125.0
799 0 7102.0
800 0 7180.0
801 0 7233.0
802 0 7204.0
803 0 7293.0
804 0 7189.0
805 0 7125.0
806 0 7119.0
807 0 7129.0
808 0 7056.0
809 0 7010.0
810 0 7066.0
811 0 7067.0
812 0 6966.0
813 0 6976.0
814 0 7118.0
815 0 7035.0
816 0 7030.0
817 0 6983.0
818 0 7025.0
819 0 6977.0
820 0 6986.0
821 0 7118.0
822 0 7093.0
823 0 7184.0
824 0 7053.0
825 0 7159.0
826 0 7160.0
827 0 7080.0
828 0 7194.0
829 0 7100.0
830 0 7213.0
831 0 7293.0
832 0 7158.0
833 0 7059.0
834 0 7089.0
835 0 7172.0
836 0 7137.0
837 0 6999.0
838 0 7004.0
839 0 6951.0
840 0 7027.0
841 0 7062.0
842 0 7011.0
843 0 7047.0
844 0 7064.0
845 0 7077.0
846 0 7028.0
847 0 6949.0
848 0 6874.0
849 0 6954.0
850 0 6956.0
851 0 6877.0
852 0 6979.0
853 0 6997.0
854 0 7008.0
855 0 7005.0
856 0 6943.0
857 0 7024.0
858 0 6983.0
859 0 7076.0
860 0 7087.0
861 0 7010.0
862 0 6954.0
863 0 7078.0
864 0 7103.0
865 0 7293.0
866 0 7394.0
867 0 7218.0
868 0 7198.0
869 0 7081.0
870 0 7106.0
871 0 7126.0
872 0 7047.0
873 0 6993.0
874 0 6958.0
875 0 6873.0
876 0 6940.0
877 0 6770.0
878 0 6729.0
879 0 6933.0
880 0 6965.0
881 0 6967.0
882 0 7106.0
883 0 6977.0
884 0 6902.0
885 0 6975.0
886 0 6901.0
887 0 6946.0
888 0 6843.0
889 0 6836.0
890 0 6904.0
891 0 6925.0
892 0 7091.0
893 0 7146.0
894 0 7175.0
895 0 7314.0
896 0 7342.0
897 0 7272.0
898 0 7289.0
899 0 7196.0
900 0 7155.0
901 0 7216.0
902 0 7104.0
903 0 7113.0
904 0 7020.0
905 0 6968.0
906 0 7018.0
907 0 7061.0
908 0 7024.0
909 0 7006.0
910 0 6979.0
911 0 6865.0
912 0 6781.0
913 0 6918.0
914 0 6946.0
915 0 7014.0
916 0 6980.0
917 0 6991.0
918 0 6982.0
919 0 6940.0
920 0 7010.0
921 0 7013.0
922 0 7041.0
923 0 7114.0
924 0 7166.0
925 0 6972.0
926 0 7053.0
927 0 7002.0
928 0 7082.0
929 0 7022.0
930 0 7100.0
931 0 7040.0
932 0 7027.0
933 0 7131.0
934 0 7214.0
935 0 7144.0
936 0 7123.0
937 0 6953.0
938 0 7064.0
939 0 7062.0
940 0 7098.0
941 0 7057.0
942 0 7169.0
943 0 7132.0
944 0 7168.0
945 0 7144.0
946 0 7182.0
947 0 7105.0
948 0 7085.0
949 0 7126.0
950 0 7146.0
951 0 7070.0
952 0 7144.0
953 0 7069.0
954 0 7063.0
955 0 7134.0
956 0 7217.0
957 0 7028.0
958 0 7097.0
959 0 7029.0
960 0 7042.0
961 0 7109.0
962 0 7091.0
963 0 7052.0
964 0 6974.0
965 0 7098.0
966 0 7009.0
967 0 6944.0
968 0 7125.0
969 0 7196.0
970 0 7098.0
971 0 7086.0
972 0 7087.0
973 0 7059.0
974 0 7244.0
975 0 7081.0
976 0 6931.0
977 0 6938.0
978 0 7044.0
979 0 7134.0
980 0 7071.0
981 0 6944.0
982 0 6952.0
983 0 6994.0
984 0 6959.0
985 0 6914.0
986 0 6974.0
987 0 6963.0
988 0 7035.0
989 0 6973.0
990 0 6881.0
991 0 6867.0
992 0 6950.0
993 0 6978.0
994 0 6994.0
995 0 6944.0
996 0 6981.0
997 0 7012.0
998 0 7007.0
999 0 6970.0
1000 0 6887.0
