1 1 15084.0
2 2 20684.0
3 2 26069.0
4 2 31459.0
5 2 36582.0
6 4 41766.0
7 3 46868.0
8 2 52038.0
9 2 57112.0
10 4 62199.0
11 4 67149.0
12 8 72326.0
13 6 77416.0
14 8 82240.0
15 7 87399.0
16 8 92498.0
17 10 97376.0
18 10 102396.0
19 13 107310.0
20 20 112185.0
21 24 117248.0
22 36 122155.0
23 39 127270.0
24 31 132229.0
25 36 137138.0
26 44 141949.0
27 51 146836.0
28 60 151887.0
29 82 156893.0
30 90 162034.0
31 114 167042.0
32 122 172077.0
33 122 176880.0
34 128 181597.0
35 146 186786.0
36 174 191787.0
37 196 196891.0
38 205 201702.0
39 209 206682.0
40 199 211543.0
41 198 216468.0
42 238 221469.0
43 257 226614.0
44 255 231583.0
45 289 236466.0
46 330 241530.0
47 392 246201.0
48 359 251048.0
49 328 256012.0
50 340 260952.0
51 378 265884.0
52 409 270870.0
53 454 275753.0
54 483 280694.0
55 426 285702.0
56 430 290568.0
57 451 295458.0
58 513 300217.0
59 542 305355.0
60 546 310330.0
61 533 314923.0
62 589 319728.0
63 610 324542.0
64 703 329105.0
65 720 334012.0
66 766 338725.0
67 806 343467.0
68 789 348308.0
69 809 353167.0
70 826 357938.0
71 924 362753.0
72 963 367476.0
73 947 372183.0
74 902 377097.0
75 896 381769.0
76 959 386429.0
77 1009 391073.0
78 1031 395740.0
79 1056 400394.0
80 1151 405092.0
81 1217 409761.0
82 1201 414523.0
83 1168 419272.0
84 1200 424135.0
85 1383 428897.0
86 1488 433389.0
87 1511 438037.0
88 1462 442697.0
89 1375 447429.0
90 1388 452169.0
91 1453 456550.0
92 1530 461280.0
93 1610 465906.0
94 1713 470509.0
95 1744 475142.0
96 1782 479621.0
97 1858 483971.0
98 1857 488477.0
99 1797 492830.0
100 1919 492266.0
101 1847 486739.0
102 1749 481425.0
103 1757 476091.0
104 1703 470757.0
105 1573 465412.0
106 1541 460166.0
107 1466 454990.0
108 1477 449980.0
109 1460 444856.0
110 1432 439851.0
111 1498 434858.0
112 1564 429564.0
113 1453 424561.0
114 1318 419431.0
115 1316 414435.0
116 1388 409396.0
117 1479 404356.0
118 1501 399044.0
119 1499 393800.0
120 1483 388553.0
121 1460 383425.0
122 1434 378264.0
123 1400 373052.0
124 1454 367638.0
125 1491 362448.0
126 1584 357111.0
127 1610 351981.0
128 1669 346633.0
129 1527 341368.0
130 1438 336375.0
131 1385 331350.0
132 1418 326243.0
133 1431 321272.0
134 1443 316070.0
135 1485 311012.0
136 1498 305881.0
137 1535 300764.0
138 1452 295782.0
139 1355 290902.0
140 1336 286219.0
141 1335 281357.0
142 1347 276378.0
143 1434 271459.0
144 1347 266492.0
145 1363 261564.0
146 1362 256823.0
147 1287 251951.0
148 1264 247169.0
149 1259 242469.0
150 1254 237692.0
151 1217 232922.0
152 1252 228433.0
153 1192 223854.0
154 1161 219195.0
155 1132 214580.0
156 1089 210250.0
157 1052 205705.0
158 1060 201239.0
159 1140 196850.0
160 1181 192446.0
161 1169 188143.0
162 1170 183795.0
163 1142 179415.0
164 1070 175066.0
165 1034 170815.0
166 1058 166638.0
167 1002 162585.0
168 986 158821.0
169 942 154764.0
170 951 150737.0
171 905 146719.0
172 845 142808.0
173 867 138904.0
174 835 135087.0
175 788 131564.0
176 769 127981.0
177 749 124538.0
178 769 121192.0
179 792 117748.0
180 797 114347.0
181 811 111021.0
182 791 107845.0
183 769 104583.0
184 694 101507.0
185 642 98507.0
186 588 95371.0
187 563 92700.0
188 550 89990.0
189 511 87110.0
190 508 84217.0
191 461 81558.0
192 460 78911.0
193 449 76540.0
194 428 74027.0
195 409 71769.0
196 382 69472.0
197 392 67280.0
198 408 64907.0
199 389 62666.0
200 347 60575.0
201 305 58618.0
202 282 56807.0
203 270 54864.0
204 269 53063.0
205 268 51195.0
206 249 49414.0
207 205 47779.0
208 205 46021.0
209 196 44502.0
210 177 42933.0
211 188 41641.0
212 178 40121.0
213 197 38630.0
214 176 37328.0
215 167 36062.0
216 146 34829.0
217 136 33517.0
218 114 32263.0
219 106 31150.0
220 93 30094.0
221 84 29113.0
222 81 28177.0
223 71 27222.0
224 74 26429.0
225 71 25591.0
226 71 24820.0
227 63 24063.0
228 68 23384.0
229 63 22536.0
230 63 21695.0
231 46 21104.0
232 40 20444.0
233 36 19790.0
234 30 19339.0
235 32 18787.0
236 33 18221.0
237 26 17704.0
238 20 17095.0
239 17 16384.0
240 18 15846.0
241 16 15547.0
242 11 15253.0
243 9 14793.0
244 7 14463.0
245 7 14064.0
246 6 13695.0
247 8 13522.0
248 7 13212.0
249 6 12943.0
250 3 12538.0
251 3 12335.0
252 4 11958.0
253 4 11764.0
254 4 11574.0
255 5 11311.0
256 4 11092.0
257 3 10988.0
258 2 10599.0
259 2 10440.0
260 3 10186.0
261 2 10042.0
262 1 9750.0
263 1 9536.0
264 2 9363.0
265 1 9191.0
266 2 9167.0
267 1 9073.0
268 1 8954.0
269 0 8833.0
270 0 8731.0
271 0 8567.0
272 0 8644.0
273 0 8559.0
274 0 8414.0
275 0 8422.0
276 2 8338.0
277 1 8255.0
278 0 8263.0
279 0 8158.0
280 0 8158.0
281 0 14697.0
282 0 20505.0
283 0 26036.0
284 0 31440.0
285 0 36854.0
286 0 41935.0
287 0 47266.0
288 0 52620.0
289 0 57840.0
290 0 57840.0
291 0 57840.0
292 0 57840.0
293 0 57840.0
294 0 57840.0
295 0 57840.0
296 0 57840.0
297 0 57840.0
298 0 57840.0
299 0 57840.0
300 0 57840.0
301 0 57840.0
302 0 57840.0
303 0 57840.0
304 0 57840.0
305 0 57840.0
306 0 57840.0
307 0 57840.0
308 0 57840.0
309 0 57840.0
310 0 57840.0
311 0 57840.0
312 0 57840.0
313 0 57840.0
314 0 57840.0
315 0 57840.0
316 0 57840.0
317 0 57840.0
318 0 57840.0
319 0 57840.0
320 0 57840.0
321 0 57840.0
322 0 57840.0
323 0 57840.0
324 0 57840.0
325 0 57840.0
326 0 57840.0
327 0 57840.0
328 0 57840.0
329 0 57840.0
330 0 57840.0
331 0 57840.0
332 0 57840.0
333 0 57840.0
334 0 57840.0
335 0 57840.0
336 0 57840.0
337 0 57840.0
338 0 57840.0
339 0 57840.0
340 0 57840.0
341 0 57840.0
342 0 57840.0
343 0 57840.0
344 0 57840.0
345 0 57840.0
346 0 57840.0
347 0 57840.0
348 0 57840.0
349 0 57840.0
350 0 57840.0
351 0 57840.0
352 0 57840.0
353 0 57840.0
354 0 57840.0
355 0 57840.0
356 0 57840.0
357 0 57840.0
358 0 57840.0
359 0 57840.0
360 0 57840.0
361 0 57840.0
362 0 57840.0
363 0 57840.0
364 0 57840.0
365 0 57840.0
366 0 57840.0
367 0 57840.0
368 0 57840.0
369 0 57840.0
370 0 57840.0
371 0 57840.0
372 0 57840.0
373 0 57840.0
374 0 57840.0
375 0 57840.0
376 0 57840.0
377 0 57840.0
378 0 57840.0
379 0 57840.0
380 0 57840.0
381 0 57840.0
382 0 57840.0
383 0 57840.0
384 0 57840.0
385 0 57840.0
386 0 57840.0
387 0 57840.0
388 0 57840.0
389 0 57840.0
390 0 57840.0
391 0 57840.0
392 0 57840.0
393 0 57840.0
394 0 57840.0
395 0 57840.0
396 0 57840.0
397 0 57840.0
398 0 57840.0
399 0 57840.0
400 0 57840.0
401 0 57840.0
402 0 57840.0
403 0 57840.0
404 0 57840.0
405 0 57840.0
406 0 57840.0
407 0 57840.0
408 0 57840.0
409 0 57840.0
410 0 57840.0
411 0 57840.0
412 0 57840.0
413 0 57840.0
414 0 57840.0
415 0 57840.0
416 0 57840.0
417 0 57840.0
418 0 57840.0
419 0 57840.0
420 0 57840.0
421 0 57840.0
422 0 57840.0
423 0 57840.0
424 0 57840.0
425 0 57840.0
426 0 57840.0
427 0 57840.0
428 0 57840.0
429 0 57840.0
430 0 57840.0
431 0 57840.0
432 0 57840.0
433 0 57840.0
434 0 57840.0
435 0 57840.0
436 0 57840.0
437 0 57840.0
438 0 57840.0
439 0 57840.0
440 0 57840.0
441 0 57840.0
442 0 57840.0
443 0 57840.0
444 0 57840.0
445 0 57840.0
446 0 57840.0
447 0 57840.0
448 0 57840.0
449 0 57840.0
450 0 57840.0
451 0 57840.0
452 0 57840.0
453 0 57840.0
454 0 57840.0
455 0 57840.0
456 0 57840.0
457 0 57840.0
458 0 57840.0
459 0 57840.0
460 0 57840.0
461 0 53255.0
462 0 48907.0
463 0 45003.0
464 0 41352.0
465 0 38066.0
466 0 34899.0
467 0 31999.0
468 0 29475.0
469 0 27066.0
470 0 24903.0
471 0 23071.0
472 0 21555.0
473 0 20047.0
474 0 18708.0
475 0 17416.0
476 0 16383.0
477 0 15323.0
478 0 14421.0
479 0 13631.0
480 0 12927.0
481 0 12273.0
482 0 11711.0
483 0 11144.0
484 0 10974.0
485 0 10708.0
486 0 10249.0
487 0 9825.0
488 0 9603.0
489 0 9397.0
490 0 9058.0
491 0 8845.0
492 0 8617.0
493 0 8496.0
494 0 8218.0
495 0 8057.0
496 0 7966.0
497 0 7969.0
498 0 7927.0
499 0 7895.0
500 0 7733.0
501 0 7705.0
502 0 7720.0
503 0 7529.0
504 0 7556.0
505 0 7508.0
506 0 7490.0
507 0 7382.0
508 0 7256.0
509 0 7291.0
510 0 7216.0
511 0 7173.0
512 0 7253.0
513 0 7293.0
514 0 7304.0
515 0 7224.0
516 0 7292.0
517 0 7153.0
518 0 7134.0
519 0 7099.0
520 0 7143.0
521 0 7192.0
522 0 7242.0
523 0 7202.0
524 0 7124.0
525 0 7196.0
526 0 7124.0
527 0 7179.0
528 0 7201.0
529 0 7276.0
530 0 7299.0
531 0 7256.0
532 0 7281.0
533 0 7328.0
534 0 7335.0
535 0 7353.0
536 0 7247.0
537 0 7312.0
538 0 7192.0
539 0 7167.0
540 0 7045.0
541 0 7150.0
542 0 7258.0
543 0 7141.0
544 0 7211.0
545 0 7223.0
546 0 7381.0
547 0 7334.0
548 0 7206.0
549 0 7154.0
550 0 7100.0
551 0 7059.0
552 0 6983.0
553 0 6909.0
554 0 6942.0
555 0 7104.0
556 0 7054.0
557 0 7091.0
558 0 7072.0
559 0 7042.0
560 0 7071.0
561 0 7080.0
562 0 7033.0
563 0 7170.0
564 0 7208.0
565 0 7067.0
566 0 7070.0
567 0 7069.0
568 0 7097.0
569 0 7142.0
570 0 7088.0
571 0 7119.0
572 0 7097.0
573 0 7003.0
574 0 7022.0
575 0 7089.0
576 0 7007.0
577 0 7117.0
578 0 6991.0
579 0 7048.0
580 0 7006.0
581 0 7059.0
582 0 7022.0
583 0 7055.0
584 0 6984.0
585 0 6963.0
586 0 7152.0
587 0 7126.0
588 0 7130.0
589 0 7047.0
590 0 7229.0
591 0 7252.0
592 0 7145.0
593 0 7201.0
594 0 7172.0
595 0 7116.0
596 0 7190.0
597 0 7089.0
598 0 7003.0
599 0 7055.0
600 0 7084.0
601 0 7114.0
602 0 7126.0
603 0 7015.0
604 0 6917.0
605 0 6923.0
606 0 6890.0
607 0 7017.0
608 0 7114.0
609 0 7067.0
610 0 7065.0
611 0 7108.0
612 0 7041.0
613 0 6877.0
614 0 7034.0
615 0 7205.0
616 0 7145.0
617 0 7056.0
618 0 7060.0
619 0 7093.0
620 0 7129.0
621 0 7117.0
622 0 6992.0
623 0 6854.0
624 0 6730.0
625 0 6809.0
626 0 6953.0
627 0 6890.0
628 0 6861.0
629 0 6787.0
630 0 6800.0
631 0 7015.0
632 0 7134.0
633 0 7068.0
634 0 6994.0
635 0 7112.0
636 0 7181.0
637 0 7064.0
638 0 7088.0
639 0 6949.0
640 0 6925.0
641 0 7028.0
642 0 7097.0
643 0 6811.0
644 0 6824.0
645 0 6900.0
646 0 6985.0
647 0 6963.0
648 0 7024.0
649 0 6871.0
650 0 6939.0
651 0 6853.0
652 0 6872.0
653 0 6961.0
654 0 6998.0
655 0 6957.0
656 0 6976.0
657 0 7050.0
658 0 7034.0
659 0 7084.0
660 0 7161.0
661 0 7206.0
662 0 7194.0
663 0 7184.0
664 0 7073.0
665 0 6979.0
666 0 7170.0
667 0 6982.0
668 0 6987.0
669 0 7049.0
670 0 7027.0
671 0 7083.0
672 0 7144.0
673 0 7127.0
674 0 6978.0
675 0 6972.0
676 0 6992.0
677 0 6991.0
678 0 7167.0
679 0 7115.0
680 0 7155.0
681 0 7117.0
682 0 7103.0
683 0 7148.0
684 0 7187.0
685 0 7231.0
686 0 7178.0
687 0 7098.0
688 0 7137.0
689 0 7015.0
690 0 7004.0
691 0 6965.0
692 0 7046.0
693 0 6998.0
694 0 6824.0
695 0 6843.0
696 0 6986.0
697 0 6938.0
698 0 6819.0
699 0 6847.0
700 0 6880.0
701 0 6849.0
702 0 6926.0
703 0 6883.0
704 0 6950.0
705 0 6980.0
706 0 6958.0
707 0 7010.0
708 0 7062.0
709 0 6955.0
710 0 6953.0
711 0 7086.0
712 0 7015.0
713 0 6965.0
714 0 6849.0
715 0 6904.0
716 0 6945.0
717 0 7030.0
718 0 7091.0
719 0 7017.0
720 0 6964.0
721 0 7112.0
722 0 7253.0
723 0 7292.0
724 0 7252.0
725 0 7257.0
726 0 7090.0
727 0 7115.0
728 0 7233.0
729 0 7198.0
730 0 7225.0
731 0 7128.0
732 0 7092.0
733 0 6995.0
734 0 6990.0
735 0 7045.0
736 0 7119.0
737 0 7033.0
738 0 7123.0
739 0 7187.0
740 0 7086.0
741 0 7141.0
742 0 7146.0
743 0 7147.0
744 0 7111.0
745 0 6989.0
746 0 7007.0
747 0 7069.0
748 0 7167.0
749 0 7167.0
750 0 6890.0
751 0 6987.0
752 0 7028.0
753 0 7137.0
754 0 7070.0
755 0 7100.0
756 0 6898.0
757 0 6979.0
758 0 7013.0
759 0 7077.0
760 0 7047.0
761 0 7078.0
762 0 7003.0
763 0 7033.0
764 0 7069.0
765 0 7063.0
766 0 7058.0
767 0 7181.0
768 0 7136.0
769 0 7282.0
770 0 7139.0
771 0 7127.0
772 0 7102.0
773 0 7070.0
774 0 7116.0
775 0 7076.0
776 0 6975.0
777 0 6943.0
778 0 6948.0
779 0 7028.0
780 0 7018.0
781 0 7090.0
782 0 7015.0
783 0 7153.0
784 0 7133.0
785 0 7136.0
786 0 7132.0
787 0 7105.0
788 0 7019.0
789 0 6990.0
790 0 7052.0
791 0 6916.0
792 0 6985.0
793 0 7058.0
794 0 7094.0
795 0 7077.0
796 0 7141.0
797 0 7103.0
798 0 7219.0
799 0 7160.0
800 0 6975.0
801 0 6920.0
802 0 7071.0
803 0 7187.0
804 0 7069.0
805 0 7101.0
806 0 7262.0
807 0 7144.0
808 0 7200.0
809 0 7193.0
810 0 7360.0
811 0 7355.0
812 0 7259.0
813 0 7088.0
814 0 7123.0
815 0 7163.0
816 0 7232.0
817 0 7308.0
818 0 7220.0
819 0 7178.0
820 0 7221.0
821 0 7123.0
822 0 7083.0
823 0 7093.0
824 0 7073.0
825 0 6976.0
826 0 7049.0
827 0 7039.0
828 0 7166.0
829 0 7013.0
830 0 7197.0
831 0 7176.0
832 0 7187.0
833 0 7091.0
834 0 7065.0
835 0 7040.0
836 0 7024.0
837 0 6981.0
838 0 7117.0
839 0 7111.0
840 0 7105.0
841 0 7149.0
842 0 7097.0
843 0 7079.0
844 0 7247.0
845 0 7197.0
846 0 7170.0
847 0 7063.0
848 0 6877.0
849 0 6977.0
850 0 7052.0
851 0 7039.0
852 0 7063.0
853 0 7075.0
854 0 6965.0
855 0 6836.0
856 0 6889.0
857 0 6837.0
858 0 6759.0
859 0 6791.0
860 0 6830.0
861 0 6850.0
862 0 6829.0
863 0 6888.0
864 0 6921.0
865 0 6852.0
866 0 6944.0
867 0 7023.0
868 0 6930.0
869 0 6992.0
870 0 6988.0
871 0 7031.0
872 0 7160.0
873 0 7102.0
874 0 7192.0
875 0 7129.0
876 0 7029.0
877 0 6951.0
878 0 7073.0
879 0 7182.0
880 0 7152.0
881 0 6926.0
882 0 6917.0
883 0 7070.0
884 0 7122.0
885 0 7194.0
886 0 7122.0
887 0 7060.0
888 0 7098.0
889 0 7149.0
890 0 7174.0
891 0 7216.0
892 0 7313.0
893 0 7330.0
894 0 7297.0
895 0 7287.0
896 0 7248.0
897 0 7266.0
898 0 7023.0
899 0 7014.0
900 0 6810.0
901 0 6806.0
902 0 6952.0
903 0 7053.0
904 0 6922.0
905 0 6916.0
906 0 6839.0
907 0 6774.0
908 0 6768.0
909 0 6808.0
910 0 6859.0
911 0 6925.0
912 0 6934.0
913 0 6846.0
914 0 6835.0
915 0 6814.0
916 0 6756.0
917 0 6799.0
918 0 6850.0
919 0 6841.0
920 0 6932.0
921 0 6922.0
922 0 7001.0
923 0 6972.0
924 0 6959.0
925 0 6868.0
926 0 7034.0
927 0 7008.0
928 0 7018.0
929 0 7116.0
930 0 7213.0
931 0 7181.0
932 0 7251.0
933 0 7197.0
934 0 7206.0
935 0 7147.0
936 0 7311.0
937 0 7220.0
938 0 7043.0
939 0 7114.0
940 0 7019.0
941 0 7107.0
942 0 7133.0
943 0 7326.0
944 0 7326.0
945 0 7282.0
946 0 7190.0
947 0 7202.0
948 0 7211.0
949 0 7186.0
950 0 7310.0
951 0 7197.0
952 0 7090.0
953 0 7120.0
954 0 7179.0
955 0 7128.0
956 0 7093.0
957 0 7029.0
958 0 7106.0
959 0 7112.0
960 0 7061.0
961 0 7013.0
962 0 6953.0
963 0 6900.0
964 0 6869.0
965 0 6858.0
966 0 6795.0
967 0 6854.0
968 0 6899.0
969 0 7004.0
970 0 6993.0
971 0 7072.0
972 0 7028.0
973 0 7089.0
974 0 7022.0
975 0 6973.0
976 0 6920.0
977 0 6955.0
978 0 6994.0
979 0 6959.0
980 0 7055.0
981 0 7064.0
982 0 7060.0
983 0 7114.0
984 0 7245.0
985 0 7106.0
986 0 7133.0
987 0 7145.0
988 0 7131.0
989 0 7163.0
990 0 7097.0
991 0 7121.0
992 0 7034.0
993 0 7146.0
994 0 7028.0
995 0 7052.0
996 0 6964.0
997 0 7028.0
998 0 7119.0
999 0 7090.0
1000 0 7179.0
