1 1 14960.0
2 2 20547.0
3 2 25897.0
4 2 31335.0
5 2 36645.0
6 4 41874.0
7 4 46976.0
8 8 52093.0
9 6 57080.0
10 9 62058.0
11 9 67150.0
12 10 72210.0
13 9 77187.0
14 16 82152.0
15 15 87201.0
16 25 92286.0
17 26 97188.0
18 29 102163.0
19 38 107225.0
20 44 112010.0
21 71 117032.0
22 63 122069.0
23 75 127006.0
24 83 131913.0
25 83 136960.0
26 105 141896.0
27 97 146911.0
28 119 151951.0
29 105 156724.0
30 103 161546.0
31 121 166339.0
32 149 171178.0
33 153 176207.0
34 140 181266.0
35 168 186292.0
36 163 191329.0
37 194 196383.0
38 203 201250.0
39 190 206259.0
40 242 211131.0
41 262 215973.0
42 278 220932.0
43 302 225980.0
44 317 230920.0
45 337 235776.0
46 354 240532.0
47 411 245163.0
48 433 250185.0
49 430 255060.0
50 444 259938.0
51 462 264440.0
52 477 269584.0
53 451 274249.0
54 490 279119.0
55 498 283930.0
56 562 288735.0
57 584 293601.0
58 553 298504.0
59 538 303392.0
60 561 308407.0
61 635 313098.0
62 751 317862.0
63 778 322579.0
64 789 327635.0
65 760 332319.0
66 744 337185.0
67 764 341863.0
68 857 346551.0
69 912 351145.0
70 905 356055.0
71 851 360754.0
72 898 365637.0
73 959 370335.0
74 1039 374931.0
75 1060 379848.0
76 1112 384482.0
77 1146 389184.0
78 1237 393704.0
79 1285 398327.0
80 1364 403057.0
81 1369 407561.0
82 1424 412190.0
83 1440 416819.0
84 1401 421645.0
85 1318 426107.0
86 1395 430734.0
87 1479 435014.0
88 1567 439571.0
89 1547 443992.0
90 1624 448402.0
91 1670 452922.0
92 1691 457445.0
93 1799 461923.0
94 1854 466671.0
95 1854 471086.0
96 1876 475411.0
97 1902 479826.0
98 2009 484335.0
99 2000 488742.0
100 1998 488113.0
101 2025 482865.0
102 1912 477614.0
103 1857 472544.0
104 1751 467410.0
105 1691 462230.0
106 1573 456948.0
107 1631 451439.0
108 1664 446165.0
109 1674 440873.0
110 1796 435939.0
111 1765 430699.0
112 1750 425447.0
113 1639 420181.0
114 1611 414945.0
115 1622 409714.0
116 1566 404352.0
117 1559 399185.0
118 1657 393994.0
119 1653 388925.0
120 1653 383815.0
121 1614 378654.0
122 1548 373362.0
123 1518 368160.0
124 1529 362931.0
125 1493 357657.0
126 1501 352518.0
127 1474 347459.0
128 1507 342139.0
129 1487 336993.0
130 1424 331973.0
131 1404 326865.0
132 1470 321868.0
133 1553 316765.0
134 1587 311549.0
135 1598 306663.0
136 1546 301786.0
137 1604 296778.0
138 1570 291629.0
139 1551 286562.0
140 1473 281645.0
141 1389 276666.0
142 1305 271811.0
143 1298 267046.0
144 1261 262235.0
145 1237 257516.0
146 1353 252756.0
147 1412 247859.0
148 1399 243211.0
149 1326 238583.0
150 1350 233786.0
151 1427 228996.0
152 1340 224338.0
153 1275 219747.0
154 1188 215179.0
155 1136 210763.0
156 1131 206355.0
157 1083 201952.0
158 1031 197541.0
159 1063 193147.0
160 1084 188754.0
161 1147 184262.0
162 1131 180077.0
163 1069 175895.0
164 1004 171818.0
165 929 167785.0
166 877 163858.0
167 860 159907.0
168 842 155896.0
169 857 152044.0
170 811 148116.0
171 793 144429.0
172 789 140654.0
173 760 136885.0
174 773 133315.0
175 776 129795.0
176 812 126240.0
177 777 122585.0
178 765 119231.0
179 736 115618.0
180 751 112215.0
181 668 108859.0
182 733 105664.0
183 753 102458.0
184 736 99393.0
185 688 96486.0
186 679 93498.0
187 685 90616.0
188 704 87724.0
189 707 84892.0
190 682 82220.0
191 643 79657.0
192 607 77034.0
193 543 74516.0
194 519 72153.0
195 505 69741.0
196 434 67455.0
197 442 65149.0
198 446 63002.0
199 439 60734.0
200 416 58678.0
201 373 56829.0
202 342 55077.0
203 333 53136.0
204 312 51308.0
205 314 49615.0
206 289 47768.0
207 268 46173.0
208 221 44535.0
209 219 42996.0
210 207 41633.0
211 234 40075.0
212 235 38660.0
213 220 37253.0
214 181 35955.0
215 163 34717.0
216 169 33503.0
217 158 32422.0
218 141 31291.0
219 120 30164.0
220 103 29265.0
221 108 28199.0
222 97 27341.0
223 85 26341.0
224 95 25266.0
225 89 24481.0
226 80 23680.0
227 73 22933.0
228 66 22235.0
229 62 21558.0
230 65 20879.0
231 49 20348.0
232 34 19621.0
233 28 19068.0
234 26 18608.0
235 22 17977.0
236 16 17539.0
237 13 16978.0
238 13 16251.0
239 11 15811.0
240 12 15441.0
241 10 14996.0
242 15 14632.0
243 14 14186.0
244 10 13919.0
245 5 13412.0
246 4 13087.0
247 4 12836.0
248 3 12549.0
249 1 12143.0
250 0 11902.0
251 0 11683.0
252 0 11476.0
253 0 11206.0
254 0 10968.0
255 0 10753.0
256 0 10459.0
257 0 10308.0
258 0 10130.0
259 0 9944.0
260 0 9734.0
261 0 9464.0
262 0 9429.0
263 0 9315.0
264 0 9216.0
265 0 9066.0
266 0 8894.0
267 0 8740.0
268 0 8760.0
269 0 8590.0
270 0 8540.0
271 0 8297.0
272 0 8253.0
273 0 8229.0
274 0 8074.0
275 0 7975.0
276 2 7940.0
277 1 7897.0
278 1 7835.0
279 2 7847.0
280 1 7847.0
281 1 14219.0
282 2 19914.0
283 2 25354.0
284 4 30827.0
285 3 36106.0
286 2 41408.0
287 2 46568.0
288 4 51699.0
289 4 56835.0
290 8 56835.0
291 6 56831.0
292 9 56829.0
293 7 56829.0
294 4 56828.0
295 4 56828.0
296 3 56826.0
297 5 56825.0
298 6 56821.0
299 5 56820.0
300 5 56816.0
301 9 56815.0
302 9 56809.0
303 8 56807.0
304 7 56804.0
305 8 56801.0
306 12 56797.0
307 14 56792.0
308 15 56788.0
309 13 56781.0
310 18 56778.0
311 15 56771.0
312 15 56767.0
313 13 56761.0
314 17 56757.0
315 16 56750.0
316 20 56744.0
317 22 56741.0
318 20 56729.0
319 23 56726.0
320 19 56718.0
321 21 56715.0
322 14 56709.0
323 13 56706.0
324 14 56700.0
325 15 56696.0
326 16 56689.0
327 21 56684.0
328 21 56670.0
329 26 56666.0
330 23 56661.0
331 21 56651.0
332 28 56644.0
333 30 56637.0
334 24 56629.0
335 23 56625.0
336 23 56615.0
337 29 56607.0
338 30 56596.0
339 31 56588.0
340 36 56572.0
341 43 56564.0
342 37 56547.0
343 39 56540.0
344 33 56527.0
345 28 56522.0
346 20 56518.0
347 17 56512.0
348 24 56505.0
349 25 56495.0
350 27 56481.0
351 38 56472.0
352 38 56460.0
353 35 56449.0
354 33 56439.0
355 32 56427.0
356 31 56419.0
357 32 56405.0
358 40 56395.0
359 40 56375.0
360 42 56369.0
361 37 56354.0
362 40 56348.0
363 39 56328.0
364 49 56317.0
365 52 56292.0
366 58 56282.0
367 48 56264.0
368 46 56255.0
369 43 56238.0
370 50 56218.0
371 60 56201.0
372 67 56179.0
373 65 56152.0
374 63 56144.0
375 51 56124.0
376 59 56110.0
377 59 56089.0
378 68 56067.0
379 68 56045.0
380 64 56030.0
381 59 56011.0
382 58 55991.0
383 59 55971.0
384 72 55948.0
385 80 55925.0
386 78 55895.0
387 86 55867.0
388 96 55841.0
389 84 55818.0
390 77 55804.0
391 72 55782.0
392 76 55756.0
393 74 55737.0
394 72 55713.0
395 84 55687.0
396 79 55667.0
397 74 55645.0
398 74 55619.0
399 85 55598.0
400 88 55559.0
401 92 55539.0
402 77 55512.0
403 78 55493.0
404 68 55475.0
405 63 55459.0
406 65 55437.0
407 74 55408.0
408 79 55386.0
409 78 55358.0
410 87 55332.0
411 92 55304.0
412 79 55282.0
413 68 55264.0
414 69 55247.0
415 72 55225.0
416 67 55208.0
417 69 55183.0
418 77 55161.0
419 78 55141.0
420 70 55116.0
421 70 55095.0
422 72 55082.0
423 63 55061.0
424 52 55054.0
425 46 55039.0
426 53 55022.0
427 54 55010.0
428 50 54992.0
429 52 54981.0
430 48 54964.0
431 47 54951.0
432 51 54932.0
433 57 54911.0
434 63 54897.0
435 59 54877.0
436 49 54865.0
437 45 54854.0
438 43 54839.0
439 49 54822.0
440 58 54799.0
441 71 54771.0
442 79 54744.0
443 72 54724.0
444 68 54699.0
445 76 54677.0
446 79 54642.0
447 87 54622.0
448 89 54586.0
449 94 54558.0
450 91 54530.0
451 98 54501.0
452 102 54471.0
453 94 54444.0
454 88 54427.0
455 76 54399.0
456 80 54371.0
457 97 54339.0
458 112 54301.0
459 119 54259.0
460 125 54227.0
461 110 50005.0
462 115 45841.0
463 102 42144.0
464 101 38759.0
465 95 35629.0
466 92 32808.0
467 91 30128.0
468 85 27714.0
469 76 25551.0
470 93 23492.0
471 86 21796.0
472 71 20298.0
473 61 18967.0
474 55 17651.0
475 44 16526.0
476 37 15438.0
477 30 14552.0
478 27 13774.0
479 22 13034.0
480 21 12357.0
481 16 11802.0
482 12 11282.0
483 8 10902.0
484 7 10401.0
485 5 10037.0
486 5 9788.0
487 3 9342.0
488 4 9178.0
489 4 9053.0
490 6 8833.0
491 4 8597.0
492 5 8484.0
493 4 8400.0
494 2 8206.0
495 4 7973.0
496 3 7853.0
497 1 7758.0
498 0 7592.0
499 0 7629.0
500 0 7515.0
501 0 7359.0
502 0 7231.0
503 0 7352.0
504 0 7263.0
505 0 7302.0
506 0 7290.0
507 0 7291.0
508 0 7199.0
509 0 7162.0
510 0 7120.0
511 0 7083.0
512 0 7037.0
513 0 7043.0
514 0 7111.0
515 0 7188.0
516 0 7209.0
517 0 7131.0
518 0 7151.0
519 0 7191.0
520 0 7058.0
521 0 7130.0
522 0 7130.0
523 0 7062.0
524 0 7193.0
525 0 7079.0
526 0 7080.0
527 0 7104.0
528 0 7079.0
529 0 7080.0
530 0 7099.0
531 0 7037.0
532 0 7097.0
533 0 7059.0
534 0 6917.0
535 0 7017.0
536 0 7062.0
537 0 7095.0
538 0 7052.0
539 0 7008.0
540 0 7126.0
541 0 7192.0
542 0 7273.0
543 0 7288.0
544 0 7353.0
545 0 7176.0
546 0 7029.0
547 0 7021.0
548 0 7030.0
549 0 6959.0
550 0 7055.0
551 0 7186.0
552 0 7090.0
553 0 7048.0
554 0 7036.0
555 0 7114.0
556 0 7207.0
557 0 7241.0
558 0 7224.0
559 0 7169.0
560 0 7152.0
561 0 7089.0
562 0 7139.0
563 0 7245.0
564 0 7342.0
565 0 7259.0
566 0 7256.0
567 0 7262.0
568 0 7209.0
569 0 7265.0
570 0 7159.0
571 0 7120.0
572 0 7016.0
573 0 7113.0
574 0 7022.0
575 0 7073.0
576 0 7021.0
577 0 7020.0
578 0 7016.0
579 0 7117.0
580 0 7134.0
581 0 7046.0
582 0 7131.0
583 0 7174.0
584 0 7073.0
585 0 7046.0
586 0 7026.0
587 0 7107.0
588 0 6953.0
589 0 6863.0
590 0 6994.0
591 0 6998.0
592 0 6962.0
593 0 7034.0
594 0 7132.0
595 0 7038.0
596 0 7023.0
597 0 7016.0
598 0 6975.0
599 0 6996.0
600 0 6900.0
601 0 6941.0
602 0 6946.0
603 0 6866.0
604 0 6967.0
605 0 7127.0
606 0 7076.0
607 0 7077.0
608 0 6901.0
609 0 7086.0
610 0 6963.0
611 0 7108.0
612 0 7116.0
613 0 7065.0
614 0 7090.0
615 0 7228.0
616 0 7262.0
617 0 7338.0
618 0 7145.0
619 0 7159.0
620 0 7146.0
621 0 7207.0
622 0 7250.0
623 0 7315.0
624 0 7246.0
625 0 7140.0
626 0 7175.0
627 0 7109.0
628 0 7151.0
629 0 7152.0
630 0 7317.0
631 0 7191.0
632 0 7055.0
633 0 7044.0
634 0 7050.0
635 0 6982.0
636 0 7083.0
637 0 7151.0
638 0 7209.0
639 0 7309.0
640 0 7085.0
641 0 7088.0
642 0 7130.0
643 0 7173.0
644 0 7055.0
645 0 6974.0
646 0 7059.0
647 0 7093.0
648 0 7118.0
649 0 7130.0
650 0 7110.0
651 0 7109.0
652 0 7193.0
653 0 7362.0
654 0 7245.0
655 0 7189.0
656 0 7156.0
657 0 7107.0
658 0 7152.0
659 0 7142.0
660 0 7035.0
661 0 7115.0
662 0 7010.0
663 0 7139.0
664 0 7032.0
665 0 6970.0
666 0 7077.0
667 0 7091.0
668 0 7079.0
669 0 7002.0
670 0 7016.0
671 0 6983.0
672 0 7147.0
673 0 7077.0
674 0 7045.0
675 0 7042.0
676 0 7213.0
677 0 7267.0
678 0 7293.0
679 0 7218.0
680 0 7283.0
681 0 7158.0
682 0 7200.0
683 0 7145.0
684 0 7061.0
685 0 7078.0
686 0 7106.0
687 0 7159.0
688 0 7142.0
689 0 6980.0
690 0 7043.0
691 0 6981.0
692 0 6956.0
693 0 6870.0
694 0 6852.0
695 0 6979.0
696 0 6826.0
697 0 6842.0
698 0 6841.0
699 0 6897.0
700 0 7001.0
701 0 6987.0
702 0 6949.0
703 0 7059.0
704 0 7023.0
705 0 6885.0
706 0 6838.0
707 0 6913.0
708 0 7014.0
709 0 7110.0
710 0 7106.0
711 0 7118.0
712 0 7238.0
713 0 7155.0
714 0 7120.0
715 0 7203.0
716 0 7079.0
717 0 7124.0
718 0 7114.0
719 0 7062.0
720 0 7120.0
721 0 7095.0
722 0 7168.0
723 0 7138.0
724 0 7062.0
725 0 7069.0
726 0 7032.0
727 0 7017.0
728 0 7009.0
729 0 7177.0
730 0 7188.0
731 0 7211.0
732 0 7264.0
733 0 7368.0
734 0 7208.0
735 0 7295.0
736 0 7319.0
737 0 7396.0
738 0 7273.0
739 0 7224.0
740 0 7265.0
741 0 7085.0
742 0 7173.0
743 0 7169.0
744 0 7175.0
745 0 7143.0
746 0 7134.0
747 0 7134.0
748 0 7239.0
749 0 7337.0
750 0 7260.0
751 0 7131.0
752 0 6989.0
753 0 6948.0
754 0 6952.0
755 0 7065.0
756 0 7180.0
757 0 7192.0
758 0 7161.0
759 0 7006.0
760 0 7014.0
761 0 7072.0
762 0 7015.0
763 0 7157.0
764 0 7244.0
765 0 7265.0
766 0 7189.0
767 0 7141.0
768 0 7135.0
769 0 7118.0
770 0 7012.0
771 0 6994.0
772 0 6955.0
773 0 6905.0
774 0 6851.0
775 0 6920.0
776 0 6999.0
777 0 7051.0
778 0 7047.0
779 0 6933.0
780 0 7088.0
781 0 7037.0
782 0 6979.0
783 0 7015.0
784 0 6918.0
785 0 6940.0
786 0 6886.0
787 0 6881.0
788 0 6999.0
789 0 6994.0
790 0 7077.0
791 0 7104.0
792 0 7159.0
793 0 7192.0
794 0 7153.0
795 0 7102.0
796 0 7094.0
797 0 6995.0
798 0 7142.0
799 0 7147.0
800 0 7013.0
801 0 7087.0
802 0 7026.0
803 0 7016.0
804 0 7015.0
805 0 6969.0
806 0 7065.0
807 0 7071.0
808 0 7157.0
809 0 7177.0
810 0 6986.0
811 0 6921.0
812 0 7071.0
813 0 7003.0
814 0 7067.0
815 0 7053.0
816 0 7085.0
817 0 7030.0
818 0 7184.0
819 0 7143.0
820 0 7120.0
821 0 7148.0
822 0 6974.0
823 0 6936.0
824 0 7002.0
825 0 7080.0
826 0 7039.0
827 0 7074.0
828 0 7099.0
829 0 7005.0
830 0 7214.0
831 0 7225.0
832 0 7184.0
833 0 7208.0
834 0 7120.0
835 0 7162.0
836 0 7144.0
837 0 7141.0
838 0 7080.0
839 0 7099.0
840 0 7047.0
841 0 7027.0
842 0 7082.0
843 0 7071.0
844 0 6948.0
845 0 7057.0
846 0 7096.0
847 0 7036.0
848 0 7031.0
849 0 7046.0
850 0 6955.0
851 0 7062.0
852 0 7090.0
853 0 7078.0
854 0 7008.0
855 0 7203.0
856 0 7267.0
857 0 7268.0
858 0 7304.0
859 0 7306.0
860 0 7200.0
861 0 7140.0
862 0 7293.0
863 0 7307.0
864 0 7154.0
865 0 7123.0
866 0 7190.0
867 0 7279.0
868 0 7313.0
869 0 7357.0
870 0 7345.0
871 0 7322.0
872 0 7413.0
873 0 7320.0
874 0 7225.0
875 0 7200.0
876 0 7230.0
877 0 7239.0
878 0 7181.0
879 0 7271.0
880 0 7273.0
881 0 7063.0
882 0 7037.0
883 0 7098.0
884 0 7061.0
885 0 7070.0
886 0 6933.0
887 0 6924.0
888 0 6976.0
889 0 6912.0
890 0 6864.0
891 0 6979.0
892 0 7016.0
893 0 7080.0
894 0 7086.0
895 0 7052.0
896 0 6912.0
897 0 7042.0
898 0 7147.0
899 0 7085.0
900 0 6971.0
901 0 7171.0
902 0 7209.0
903 0 7022.0
904 0 7118.0
905 0 7117.0
906 0 7141.0
907 0 7149.0
908 0 7100.0
909 0 7120.0
910 0 7129.0
911 0 7078.0
912 0 7201.0
913 0 7151.0
914 0 7111.0
915 0 6926.0
916 0 6897.0
917 0 7088.0
918 0 7055.0
919 0 7002.0
920 0 6977.0
921 0 6869.0
922 0 7006.0
923 0 6946.0
924 0 7013.0
925 0 7022.0
926 0 6976.0
927 0 7022.0
928 0 7091.0
929 0 7081.0
930 0 6935.0
931 0 7034.0
932 0 7046.0
933 0 6985.0
934 0 6939.0
935 0 7034.0
936 0 7034.0
937 0 7080.0
938 0 6975.0
939 0 7028.0
940 0 7031.0
941 0 6874.0
942 0 6806.0
943 0 6707.0
944 0 6839.0
945 0 6977.0
946 0 7061.0
947 0 6962.0
948 0 7028.0
949 0 6995.0
950 0 6888.0
951 0 6908.0
952 0 7057.0
953 0 7047.0
954 0 7023.0
955 0 7038.0
956 0 7072.0
957 0 6992.0
958 0 7060.0
959 0 7096.0
960 0 7155.0
961 0 7070.0
962 0 7069.0
963 0 7040.0
964 0 7108.0
965 0 7011.0
966 0 7006.0
967 0 7029.0
968 0 7106.0
969 0 7189.0
970 0 7114.0
971 0 7198.0
972 0 7216.0
973 0 7244.0
974 0 7192.0
975 0 7146.0
976 0 7156.0
977 0 7012.0
978 0 7013.0
979 0 7134.0
980 0 7219.0
981 0 7278.0
982 0 7188.0
983 0 7207.0
984 0 7179.0
985 0 7191.0
986 0 7021.0
987 0 6988.0
988 0 6945.0
989 0 6983.0
990 0 7047.0
991 0 7044.0
992 0 6968.0
993 0 7017.0
994 0 6991.0
995 0 7012.0
996 0 7039.0
997 0 7125.0
998 0 7180.0
999 0 7192.0
1000 0 7187.0
