1 1 15132.0
2 1 20716.0
3 1 26216.0
4 1 31713.0
5 1 36966.0
6 2 42091.0
7 2 47239.0
8 4 52343.0
9 4 57495.0
10 8 62416.0
11 6 67581.0
12 4 72399.0
13 4 77461.0
14 5 82447.0
15 7 87565.0
16 8 92418.0
17 6 97614.0
18 5 102612.0
19 4 107734.0
20 2 112761.0
21 4 117875.0
22 4 122921.0
23 8 127918.0
24 8 132860.0
25 16 137926.0
26 12 142864.0
27 21 147823.0
28 16 152763.0
29 14 157802.0
30 12 162825.0
31 13 167960.0
32 13 172841.0
33 17 177781.0
34 17 182780.0
35 25 187877.0
36 29 193042.0
37 45 198007.0
38 48 202970.0
39 55 207992.0
40 60 212841.0
41 56 217914.0
42 61 222889.0
43 77 228005.0
44 87 233000.0
45 115 237874.0
46 138 242803.0
47 163 247875.0
48 144 252913.0
49 135 257923.0
50 160 262741.0
51 176 267555.0
52 226 272418.0
53 222 277503.0
54 222 282580.0
55 239 287413.0
56 257 292252.0
57 297 297144.0
58 318 302110.0
59 335 307005.0
60 324 311959.0
61 343 316844.0
62 373 321770.0
63 407 326646.0
64 449 331500.0
65 470 336277.0
66 494 341184.0
67 495 346188.0
68 467 350976.0
69 524 355849.0
70 560 360624.0
71 573 365575.0
72 594 370513.0
73 674 375268.0
74 665 380152.0
75 723 385052.0
76 760 390110.0
77 831 394763.0
78 847 399484.0
79 858 404465.0
80 846 409186.0
81 858 414073.0
82 977 418884.0
83 1028 423686.0
84 1009 428315.0
85 980 432989.0
86 990 437834.0
87 1018 442586.0
88 1091 447163.0
89 1095 451771.0
90 1224 456297.0
91 1283 460739.0
92 1150 465466.0
93 1164 470199.0
94 1246 474832.0
95 1270 479497.0
96 1293 484200.0
97 1321 488881.0
98 1408 493376.0
99 1435 497995.0
100 1453 497574.0
101 1422 492311.0
102 1425 486980.0
103 1433 481814.0
104 1275 476764.0
105 1193 471664.0
106 1286 466451.0
107 1373 461235.0
108 1410 456107.0
109 1357 450861.0
110 1344 445651.0
111 1296 440555.0
112 1305 435399.0
113 1326 430106.0
114 1419 424917.0
115 1415 419603.0
116 1391 414303.0
117 1354 409244.0
118 1379 404136.0
119 1339 399026.0
120 1308 393981.0
121 1283 388761.0
122 1301 383625.0
123 1268 378478.0
124 1226 373643.0
125 1108 368661.0
126 1181 363661.0
127 1215 358657.0
128 1305 353506.0
129 1317 348510.0
130 1246 343575.0
131 1179 338525.0
132 1177 333271.0
133 1184 328285.0
134 1226 323142.0
135 1304 318204.0
136 1298 313040.0
137 1231 308178.0
138 1172 303318.0
139 1168 298289.0
140 1213 293414.0
141 1205 288436.0
142 1193 283408.0
143 1203 278524.0
144 1173 273525.0
145 1143 268700.0
146 1198 263849.0
147 1187 259171.0
148 1217 254288.0
149 1271 249513.0
150 1266 244758.0
151 1256 240046.0
152 1219 235249.0
153 1131 230683.0
154 1118 226316.0
155 1136 221768.0
156 1157 217131.0
157 1176 212454.0
158 1143 207860.0
159 1055 203290.0
160 1015 198815.0
161 1014 194410.0
162 1038 189638.0
163 1027 185372.0
164 1004 180877.0
165 1070 176426.0
166 1019 172028.0
167 972 167827.0
168 929 163732.0
169 932 159693.0
170 911 155712.0
171 879 151703.0
172 870 147688.0
173 870 143909.0
174 835 140102.0
175 808 136239.0
176 775 132492.0
177 793 128764.0
178 747 125125.0
179 709 121649.0
180 625 118365.0
181 587 114877.0
182 598 111387.0
183 627 108221.0
184 613 104982.0
185 647 101851.0
186 610 98915.0
187 619 95832.0
188 621 92701.0
189 536 89852.0
190 506 87087.0
191 469 84272.0
192 420 81540.0
193 393 78983.0
194 404 76433.0
195 417 73912.0
196 417 71369.0
197 405 69041.0
198 354 66931.0
199 304 64755.0
200 286 62469.0
201 264 60398.0
202 267 58373.0
203 245 56168.0
204 247 54196.0
205 245 52419.0
206 252 50618.0
207 256 48825.0
208 257 47143.0
209 236 45547.0
210 186 43909.0
211 159 42171.0
212 154 40863.0
213 136 39503.0
214 144 38143.0
215 127 36799.0
216 127 35499.0
217 118 34340.0
218 114 33161.0
219 106 31999.0
220 93 30765.0
221 72 29764.0
222 50 28756.0
223 43 27793.0
224 41 26798.0
225 45 25887.0
226 43 24972.0
227 51 24180.0
228 42 23404.0
229 37 22566.0
230 36 21711.0
231 27 20967.0
232 21 20346.0
233 24 19844.0
234 17 19076.0
235 12 18306.0
236 11 17758.0
237 9 17175.0
238 7 16679.0
239 8 16095.0
240 7 15695.0
241 5 15273.0
242 3 14868.0
243 5 14576.0
244 5 14109.0
245 5 13755.0
246 4 13628.0
247 7 13236.0
248 5 13012.0
249 4 12693.0
250 2 12279.0
251 2 12074.0
252 1 11891.0
253 0 11588.0
254 0 11332.0
255 0 11154.0
256 0 11065.0
257 0 10819.0
258 0 10570.0
259 0 10320.0
260 0 10169.0
261 0 10059.0
262 0 9769.0
263 0 9442.0
264 0 9430.0
265 0 9297.0
266 0 9177.0
267 0 9055.0
268 0 9080.0
269 0 8947.0
270 0 8835.0
271 0 8656.0
272 0 8516.0
273 0 8284.0
274 0 8189.0
275 0 8134.0
276 2 8079.0
277 2 8092.0
278 3 8120.0
279 3 8133.0
280 5 8133.0
281 3 14546.0
282 2 20408.0
283 2 26114.0
284 3 31587.0
285 3 36803.0
286 6 42012.0
287 5 47295.0
288 9 52450.0
289 9 57514.0
290 8 57514.0
291 5 57511.0
292 8 57509.0
293 10 57503.0
294 11 57501.0
295 9 57497.0
296 8 57495.0
297 8 57492.0
298 9 57490.0
299 10 57485.0
300 11 57483.0
301 11 57477.0
302 15 57472.0
303 17 57467.0
304 18 57461.0
305 16 57459.0
306 13 57452.0
307 13 57450.0
308 15 57442.0
309 23 57436.0
310 24 57424.0
311 21 57420.0
312 20 57410.0
313 26 57408.0
314 22 57398.0
315 25 57392.0
316 26 57379.0
317 28 57373.0
318 25 57366.0
319 22 57360.0
320 24 57351.0
321 26 57343.0
322 24 57334.0
323 28 57327.0
324 27 57318.0
325 30 57308.0
326 34 57294.0
327 41 57282.0
328 35 57272.0
329 31 57263.0
330 36 57257.0
331 32 57243.0
332 40 57231.0
333 43 57215.0
334 52 57195.0
335 62 57177.0
336 53 57165.0
337 54 57144.0
338 60 57131.0
339 54 57111.0
340 56 57099.0
341 48 57081.0
342 48 57067.0
343 55 57046.0
344 64 57032.0
345 52 57011.0
346 66 56997.0
347 70 56968.0
348 75 56947.0
349 77 56920.0
350 87 56895.0
351 86 56874.0
352 78 56854.0
353 69 56829.0
354 78 56806.0
355 86 56780.0
356 84 56758.0
357 77 56734.0
358 83 56709.0
359 92 56685.0
360 91 56652.0
361 91 56620.0
362 106 56589.0
363 103 56563.0
364 92 56540.0
365 76 56513.0
366 83 56493.0
367 90 56457.0
368 101 56434.0
369 90 56402.0
370 96 56378.0
371 95 56345.0
372 102 56322.0
373 96 56281.0
374 109 56254.0
375 103 56225.0
376 103 56196.0
377 95 56168.0
378 97 56140.0
379 93 56119.0
380 81 56093.0
381 77 56075.0
382 78 56045.0
383 85 56025.0
384 77 56002.0
385 65 55986.0
386 71 55965.0
387 76 55931.0
388 94 55908.0
389 84 55873.0
390 83 55851.0
391 94 55810.0
392 114 55780.0
393 117 55734.0
394 127 55697.0
395 124 55657.0
396 122 55624.0
397 123 55590.0
398 124 55555.0
399 114 55525.0
400 102 55498.0
401 112 55457.0
402 120 55429.0
403 115 55386.0
404 113 55361.0
405 116 55314.0
406 128 55284.0
407 128 55237.0
408 134 55203.0
409 134 55151.0
410 143 55121.0
411 131 55074.0
412 145 55037.0
413 147 54989.0
414 142 54953.0
415 122 54920.0
416 114 54886.0
417 121 54851.0
418 135 54796.0
419 154 54757.0
420 147 54704.0
421 156 54671.0
422 134 54621.0
423 142 54580.0
424 139 54545.0
425 132 54501.0
426 127 54468.0
427 127 54430.0
428 135 54396.0
429 128 54350.0
430 129 54317.0
431 128 54275.0
432 133 54238.0
433 129 54198.0
434 127 54155.0
435 135 54112.0
436 154 54061.0
437 169 54004.0
438 163 53957.0
439 154 53912.0
440 154 53870.0
441 161 53818.0
442 157 53769.0
443 149 53731.0
444 138 53690.0
445 150 53650.0
446 148 53605.0
447 155 53555.0
448 155 53509.0
449 150 53470.0
450 135 53429.0
451 125 53408.0
452 109 53369.0
453 113 53346.0
454 109 53301.0
455 118 53269.0
456 118 53227.0
457 128 53192.0
458 130 53145.0
459 141 53104.0
460 146 53061.0
461 139 48981.0
462 135 45069.0
463 142 41448.0
464 147 37966.0
465 148 34868.0
466 144 32094.0
467 129 29391.0
468 140 26981.0
469 128 24806.0
470 126 23038.0
471 101 21333.0
472 94 19751.0
473 86 18388.0
474 78 17229.0
475 66 16107.0
476 64 15070.0
477 60 14201.0
478 49 13575.0
479 42 12907.0
480 40 12295.0
481 36 11773.0
482 35 11217.0
483 33 10749.0
484 25 10233.0
485 17 9876.0
486 15 9679.0
487 11 9339.0
488 7 9126.0
489 8 8926.0
490 6 8666.0
491 4 8399.0
492 4 8236.0
493 4 8100.0
494 3 7864.0
495 1 7779.0
496 0 7866.0
497 0 7748.0
498 0 7691.0
499 0 7670.0
500 0 7602.0
501 0 7579.0
502 0 7570.0
503 0 7450.0
504 0 7403.0
505 0 7410.0
506 0 7391.0
507 0 7409.0
508 0 7303.0
509 0 7336.0
510 0 7251.0
511 0 7320.0
512 0 7261.0
513 0 7260.0
514 0 7212.0
515 0 7187.0
516 0 7287.0
517 0 7118.0
518 0 7183.0
519 0 7158.0
520 0 7152.0
521 0 7224.0
522 0 7117.0
523 0 7208.0
524 0 7135.0
525 0 7029.0
526 0 6966.0
527 0 6975.0
528 0 7034.0
529 0 7089.0
530 0 6985.0
531 0 7046.0
532 0 7052.0
533 0 7032.0
534 0 7025.0
535 0 7043.0
536 0 7083.0
537 0 7012.0
538 0 7073.0
539 0 7019.0
540 0 7002.0
541 0 6924.0
542 0 7035.0
543 0 6974.0
544 0 7018.0
545 0 6966.0
546 0 6887.0
547 0 6909.0
548 0 6840.0
549 0 6807.0
550 0 6932.0
551 0 6975.0
552 0 6967.0
553 0 7060.0
554 0 6927.0
555 0 6933.0
556 0 6986.0
557 0 6906.0
558 0 6870.0
559 0 6973.0
560 0 7018.0
561 0 7016.0
562 0 6998.0
563 0 7054.0
564 0 7039.0
565 0 6994.0
566 0 7104.0
567 0 7099.0
568 0 7110.0
569 0 7228.0
570 0 7151.0
571 0 7093.0
572 0 7115.0
573 0 6995.0
574 0 7066.0
575 0 7079.0
576 0 7105.0
577 0 7078.0
578 0 6998.0
579 0 7043.0
580 0 6992.0
581 0 7089.0
582 0 7005.0
583 0 7030.0
584 0 7081.0
585 0 7037.0
586 0 7029.0
587 0 6976.0
588 0 7113.0
589 0 7179.0
590 0 7138.0
591 0 7233.0
592 0 7190.0
593 0 7182.0
594 0 7181.0
595 0 7076.0
596 0 7062.0
597 0 7038.0
598 0 7055.0
599 0 6992.0
600 0 7103.0
601 0 7152.0
602 0 7054.0
603 0 7079.0
604 0 7044.0
605 0 7147.0
606 0 7106.0
607 0 7150.0
608 0 7126.0
609 0 7137.0
610 0 7244.0
611 0 7174.0
612 0 7221.0
613 0 7216.0
614 0 7136.0
615 0 7047.0
616 0 7038.0
617 0 6968.0
618 0 7090.0
619 0 7131.0
620 0 7088.0
621 0 7100.0
622 0 6962.0
623 0 7019.0
624 0 7102.0
625 0 7138.0
626 0 7109.0
627 0 7123.0
628 0 7128.0
629 0 7138.0
630 0 6973.0
631 0 7038.0
632 0 7007.0
633 0 6954.0
634 0 6999.0
635 0 6888.0
636 0 6996.0
637 0 7029.0
638 0 6992.0
639 0 7027.0
640 0 7009.0
641 0 7019.0
642 0 6974.0
643 0 7132.0
644 0 7183.0
645 0 7152.0
646 0 7126.0
647 0 7028.0
648 0 6950.0
649 0 7023.0
650 0 7069.0
651 0 7245.0
652 0 7100.0
653 0 7018.0
654 0 7028.0
655 0 6946.0
656 0 7048.0
657 0 7000.0
658 0 6928.0
659 0 7114.0
660 0 7179.0
661 0 6908.0
662 0 6970.0
663 0 6947.0
664 0 7015.0
665 0 6994.0
666 0 6982.0
667 0 7074.0
668 0 6986.0
669 0 7064.0
670 0 7210.0
671 0 7184.0
672 0 7095.0
673 0 7145.0
674 0 7116.0
675 0 7108.0
676 0 7045.0
677 0 7020.0
678 0 6948.0
679 0 6892.0
680 0 6804.0
681 0 6836.0
682 0 6928.0
683 0 7118.0
684 0 7113.0
685 0 7082.0
686 0 7117.0
687 0 7152.0
688 0 7233.0
689 0 7100.0
690 0 6990.0
691 0 7011.0
692 0 7005.0
693 0 6995.0
694 0 6924.0
695 0 6977.0
696 0 6983.0
697 0 7077.0
698 0 7204.0
699 0 7205.0
700 0 7261.0
701 0 7135.0
702 0 7155.0
703 0 7075.0
704 0 7175.0
705 0 7056.0
706 0 7175.0
707 0 7093.0
708 0 7227.0
709 0 7084.0
710 0 7100.0
711 0 7156.0
712 0 7129.0
713 0 7094.0
714 0 7093.0
715 0 7036.0
716 0 6982.0
717 0 6980.0
718 0 6980.0
719 0 7034.0
720 0 7151.0
721 0 7080.0
722 0 6979.0
723 0 6963.0
724 0 7127.0
725 0 7039.0
726 0 7022.0
727 0 7035.0
728 0 7116.0
729 0 7013.0
730 0 6990.0
731 0 6999.0
732 0 7047.0
733 0 7108.0
734 0 7177.0
735 0 7144.0
736 0 7135.0
737 0 7142.0
738 0 7065.0
739 0 6931.0
740 0 6949.0
741 0 6960.0
742 0 7053.0
743 0 6958.0
744 0 7080.0
745 0 7009.0
746 0 7071.0
747 0 7107.0
748 0 7153.0
749 0 7235.0
750 0 7199.0
751 0 7185.0
752 0 7142.0
753 0 7156.0
754 0 7130.0
755 0 7164.0
756 0 7197.0
757 0 7289.0
758 0 7403.0
759 0 7410.0
760 0 7357.0
761 0 7349.0
762 0 7280.0
763 0 7186.0
764 0 7287.0
765 0 7180.0
766 0 7288.0
767 0 7232.0
768 0 7103.0
769 0 7139.0
770 0 7176.0
771 0 7296.0
772 0 7213.0
773 0 7251.0
774 0 7258.0
775 0 7319.0
776 0 7283.0
777 0 7245.0
778 0 7132.0
779 0 7043.0
780 0 6962.0
781 0 6845.0
782 0 6884.0
783 0 6894.0
784 0 6946.0
785 0 6865.0
786 0 6937.0
787 0 6955.0
788 0 6991.0
789 0 7099.0
790 0 7122.0
791 0 6984.0
792 0 6914.0
793 0 7107.0
794 0 7200.0
795 0 7197.0
796 0 6976.0
797 0 7046.0
798 0 7120.0
799 0 7103.0
800 0 7088.0
801 0 7136.0
802 0 7133.0
803 0 7081.0
804 0 6991.0
805 0 7045.0
806 0 7007.0
807 0 7063.0
808 0 7126.0
809 0 7122.0
810 0 7163.0
811 0 7057.0
812 0 6992.0
813 0 7038.0
814 0 7234.0
815 0 7150.0
816 0 7096.0
817 0 7138.0
818 0 7295.0
819 0 7210.0
820 0 7293.0
821 0 7232.0
822 0 7184.0
823 0 7112.0
824 0 7110.0
825 0 7194.0
826 0 7116.0
827 0 7034.0
828 0 7049.0
829 0 7136.0
830 0 7166.0
831 0 7151.0
832 0 7031.0
833 0 7083.0
834 0 7045.0
835 0 7071.0
836 0 7110.0
837 0 7114.0
838 0 7115.0
839 0 7179.0
840 0 7228.0
841 0 7296.0
842 0 7345.0
843 0 7233.0
844 0 7258.0
845 0 7246.0
846 0 7157.0
847 0 6990.0
848 0 6974.0
849 0 6963.0
850 0 6983.0
851 0 6954.0
852 0 6906.0
853 0 7083.0
854 0 7089.0
855 0 7061.0
856 0 7000.0
857 0 6893.0
858 0 6963.0
859 0 7009.0
860 0 7083.0
861 0 7094.0
862 0 7076.0
863 0 7116.0
864 0 7107.0
865 0 7028.0
866 0 7156.0
867 0 7083.0
868 0 7005.0
869 0 7113.0
870 0 7047.0
871 0 7103.0
872 0 6999.0
873 0 7004.0
874 0 7002.0
875 0 7066.0
876 0 7203.0
877 0 7206.0
878 0 7135.0
879 0 7197.0
880 0 7138.0
881 0 7120.0
882 0 7133.0
883 0 7099.0
884 0 7019.0
885 0 7040.0
886 0 7009.0
887 0 7110.0
888 0 7157.0
889 0 7085.0
890 0 6816.0
891 0 6761.0
892 0 6884.0
893 0 7040.0
894 0 7022.0
895 0 7039.0
896 0 7014.0
897 0 6988.0
898 0 6996.0
899 0 7059.0
900 0 6977.0
901 0 7060.0
902 0 7147.0
903 0 7201.0
904 0 7237.0
905 0 7242.0
906 0 7145.0
907 0 7070.0
908 0 7115.0
909 0 7071.0
910 0 7003.0
911 0 7014.0
912 0 6938.0
913 0 6898.0
914 0 7043.0
915 0 6945.0
916 0 6930.0
917 0 6985.0
918 0 7008.0
919 0 7058.0
920 0 7040.0
921 0 6970.0
922 0 7015.0
923 0 6972.0
924 0 6953.0
925 0 7052.0
926 0 7028.0
927 0 7075.0
928 0 7113.0
929 0 7204.0
930 0 7190.0
931 0 7162.0
932 0 7102.0
933 0 7072.0
934 0 7154.0
935 0 7130.0
936 0 7092.0
937 0 7143.0
938 0 7089.0
939 0 7073.0
940 0 7053.0
941 0 6999.0
942 0 6897.0
943 0 7055.0
944 0 6984.0
945 0 7090.0
946 0 7052.0
947 0 7066.0
948 0 7132.0
949 0 7167.0
950 0 7133.0
951 0 7105.0
952 0 7143.0
953 0 7200.0
954 0 7157.0
955 0 7065.0
956 0 7162.0
957 0 6998.0
958 0 7086.0
959 0 7178.0
960 0 7134.0
961 0 6944.0
962 0 6977.0
963 0 6980.0
964 0 7067.0
965 0 7037.0
966 0 7083.0
967 0 7169.0
968 0 7243.0
969 0 7119.0
970 0 7054.0
971 0 6997.0
972 0 7125.0
973 0 7069.0
974 0 7299.0
975 0 7144.0
976 0 7160.0
977 0 7169.0
978 0 7159.0
979 0 7097.0
980 0 7179.0
981 0 7120.0
982 0 7040.0
983 0 7081.0
984 0 7078.0
985 0 7075.0
986 0 7103.0
987 0 7083.0
988 0 7089.0
989 0 7187.0
990 0 7038.0
991 0 7123.0
992 0 7149.0
993 0 7130.0
994 0 7173.0
995 0 7225.0
996 0 7207.0
997 0 7177.0
998 0 7042.0
999 0 7031.0
1000 0 7068.0
