1 1 14955.0
2 2 20707.0
3 2 25999.0
4 4 31516.0
5 3 36733.0
6 6 42177.0
7 4 47219.0
8 7 52399.0
9 5 57366.0
10 8 62523.0
11 7 67553.0
12 5 72650.0
13 8 77446.0
14 10 82518.0
15 16 87318.0
16 16 92350.0
17 20 97539.0
18 23 102542.0
19 21 107622.0
20 27 112538.0
21 28 117475.0
22 35 122275.0
23 38 127247.0
24 47 132254.0
25 60 137376.0
26 60 142383.0
27 67 147414.0
28 71 152341.0
29 84 157261.0
30 91 162241.0
31 91 167194.0
32 103 171972.0
33 113 176845.0
34 116 181875.0
35 146 186943.0
36 198 191989.0
37 193 196841.0
38 180 201700.0
39 181 206604.0
40 184 211731.0
41 208 216598.0
42 228 221409.0
43 292 226373.0
44 311 231259.0
45 313 236164.0
46 317 241085.0
47 316 245895.0
48 368 250713.0
49 375 255606.0
50 378 260420.0
51 364 265377.0
52 362 270257.0
53 372 275222.0
54 381 279828.0
55 435 284486.0
56 446 289480.0
57 431 294409.0
58 451 299360.0
59 482 304225.0
60 521 308976.0
61 546 313910.0
62 596 318989.0
63 638 323776.0
64 631 328522.0
65 689 333443.0
66 702 338246.0
67 715 342946.0
68 784 347609.0
69 797 352315.0
70 812 357089.0
71 756 361897.0
72 793 366663.0
73 881 371555.0
74 893 376432.0
75 952 381213.0
76 1020 385800.0
77 1034 390693.0
78 1024 395338.0
79 1082 400190.0
80 1194 404804.0
81 1279 409543.0
82 1320 414339.0
83 1397 418898.0
84 1344 423653.0
85 1403 428215.0
86 1418 432753.0
87 1498 437345.0
88 1569 442155.0
89 1681 446662.0
90 1666 451084.0
91 1607 455688.0
92 1561 460138.0
93 1658 464733.0
94 1653 469409.0
95 1729 474107.0
96 1743 478491.0
97 1718 482884.0
98 1697 487338.0
99 1737 491807.0
100 1913 491260.0
101 1853 485876.0
102 1837 480551.0
103 1860 474966.0
104 1751 469755.0
105 1640 464457.0
106 1568 459363.0
107 1663 454141.0
108 1675 448822.0
109 1653 443678.0
110 1604 438439.0
111 1575 433117.0
112 1589 427931.0
113 1612 422836.0
114 1507 417471.0
115 1436 412338.0
116 1413 407232.0
117 1563 402036.0
118 1646 396864.0
119 1502 391634.0
120 1479 386359.0
121 1551 381168.0
122 1581 376020.0
123 1616 370737.0
124 1652 365569.0
125 1629 360535.0
126 1630 355308.0
127 1671 350400.0
128 1661 345033.0
129 1663 339978.0
130 1671 334768.0
131 1664 329888.0
132 1498 324833.0
133 1484 319904.0
134 1445 314795.0
135 1523 310028.0
136 1477 304955.0
137 1535 300013.0
138 1513 294945.0
139 1544 289950.0
140 1610 285018.0
141 1512 280005.0
142 1382 275115.0
143 1323 269970.0
144 1376 264979.0
145 1496 259967.0
146 1498 254999.0
147 1454 250093.0
148 1362 245335.0
149 1378 240663.0
150 1397 235830.0
151 1382 230869.0
152 1384 226078.0
153 1334 221385.0
154 1349 216629.0
155 1286 212175.0
156 1238 207643.0
157 1172 203135.0
158 1111 198643.0
159 1095 194181.0
160 1093 189591.0
161 1031 185226.0
162 950 181071.0
163 888 176771.0
164 890 172496.0
165 954 168127.0
166 961 164009.0
167 936 160184.0
168 977 156059.0
169 920 152014.0
170 850 148009.0
171 778 144221.0
172 710 140298.0
173 714 136671.0
174 694 132854.0
175 675 129448.0
176 671 125981.0
177 687 122294.0
178 746 118693.0
179 764 115389.0
180 793 112048.0
181 742 108743.0
182 668 105550.0
183 630 102522.0
184 570 99480.0
185 517 96536.0
186 500 93656.0
187 549 90812.0
188 604 87761.0
189 627 84813.0
190 628 82138.0
191 561 79443.0
192 537 76648.0
193 564 73955.0
194 597 71637.0
195 567 69143.0
196 528 66951.0
197 498 64767.0
198 483 62629.0
199 456 60415.0
200 405 58261.0
201 369 56435.0
202 360 54602.0
203 356 52744.0
204 366 50944.0
205 332 49149.0
206 301 47490.0
207 287 45877.0
208 241 44346.0
209 211 42757.0
210 182 41347.0
211 177 39892.0
212 153 38477.0
213 145 37370.0
214 126 36058.0
215 117 34998.0
216 100 33809.0
217 80 32837.0
218 74 31603.0
219 74 30529.0
220 63 29390.0
221 51 28385.0
222 44 27477.0
223 37 26528.0
224 34 25695.0
225 38 24927.0
226 36 24036.0
227 37 23208.0
228 34 22531.0
229 45 21613.0
230 37 20892.0
231 24 20209.0
232 26 19506.0
233 20 18940.0
234 19 18488.0
235 22 17916.0
236 20 17351.0
237 20 16796.0
238 20 16338.0
239 16 15874.0
240 11 15426.0
241 11 14962.0
242 9 14547.0
243 10 14253.0
244 6 13858.0
245 4 13473.0
246 4 13122.0
247 4 12673.0
248 4 12401.0
249 5 12225.0
250 3 11964.0
251 2 11613.0
252 3 11392.0
253 3 11239.0
254 6 11031.0
255 4 10869.0
256 5 10651.0
257 6 10385.0
258 4 10193.0
259 4 10088.0
260 3 9977.0
261 2 9714.0
262 3 9651.0
263 4 9457.0
264 5 9407.0
265 4 9246.0
266 3 8975.0
267 1 8862.0
268 0 8760.0
269 0 8733.0
270 0 8623.0
271 0 8461.0
272 0 8436.0
273 0 8290.0
274 0 8210.0
275 0 8181.0
276 2 8061.0
277 1 7954.0
278 0 7782.0
279 0 7755.0
280 0 7755.0
281 0 14333.0
282 0 20263.0
283 0 25709.0
284 0 31279.0
285 0 36490.0
286 0 41841.0
287 0 47163.0
288 0 52283.0
289 0 57401.0
290 0 57401.0
291 0 57401.0
292 0 57401.0
293 0 57401.0
294 0 57401.0
295 0 57401.0
296 0 57401.0
297 0 57401.0
298 0 57401.0
299 0 57401.0
300 0 57401.0
301 0 57401.0
302 0 57401.0
303 0 57401.0
304 0 57401.0
305 0 57401.0
306 0 57401.0
307 0 57401.0
308 0 57401.0
309 0 57401.0
310 0 57401.0
311 0 57401.0
312 0 57401.0
313 0 57401.0
314 0 57401.0
315 0 57401.0
316 0 57401.0
317 0 57401.0
318 0 57401.0
319 0 57401.0
320 0 57401.0
321 0 57401.0
322 0 57401.0
323 0 57401.0
324 0 57401.0
325 0 57401.0
326 0 57401.0
327 0 57401.0
328 0 57401.0
329 0 57401.0
330 0 57401.0
331 0 57401.0
332 0 57401.0
333 0 57401.0
334 0 57401.0
335 0 57401.0
336 0 57401.0
337 0 57401.0
338 0 57401.0
339 0 57401.0
340 0 57401.0
341 0 57401.0
342 0 57401.0
343 0 57401.0
344 0 57401.0
345 0 57401.0
346 0 57401.0
347 0 57401.0
348 0 57401.0
349 0 57401.0
350 0 57401.0
351 0 57401.0
352 0 57401.0
353 0 57401.0
354 0 57401.0
355 0 57401.0
356 0 57401.0
357 0 57401.0
358 0 57401.0
359 0 57401.0
360 0 57401.0
361 0 57401.0
362 0 57401.0
363 0 57401.0
364 0 57401.0
365 0 57401.0
366 0 57401.0
367 0 57401.0
368 0 57401.0
369 0 57401.0
370 0 57401.0
371 0 57401.0
372 0 57401.0
373 0 57401.0
374 0 57401.0
375 0 57401.0
376 0 57401.0
377 0 57401.0
378 0 57401.0
379 0 57401.0
380 0 57401.0
381 0 57401.0
382 0 57401.0
383 0 57401.0
384 0 57401.0
385 0 57401.0
386 0 57401.0
387 0 57401.0
388 0 57401.0
389 0 57401.0
390 0 57401.0
391 0 57401.0
392 0 57401.0
393 0 57401.0
394 0 57401.0
395 0 57401.0
396 0 57401.0
397 0 57401.0
398 0 57401.0
399 0 57401.0
400 0 57401.0
401 0 57401.0
402 0 57401.0
403 0 57401.0
404 0 57401.0
405 0 57401.0
406 0 57401.0
407 0 57401.0
408 0 57401.0
409 0 57401.0
410 0 57401.0
411 0 57401.0
412 0 57401.0
413 0 57401.0
414 0 57401.0
415 0 57401.0
416 0 57401.0
417 0 57401.0
418 0 57401.0
419 0 57401.0
420 0 57401.0
421 0 57401.0
422 0 57401.0
423 0 57401.0
424 0 57401.0
425 0 57401.0
426 0 57401.0
427 0 57401.0
428 0 57401.0
429 0 57401.0
430 0 57401.0
431 0 57401.0
432 0 57401.0
433 0 57401.0
434 0 57401.0
435 0 57401.0
436 0 57401.0
437 0 57401.0
438 0 57401.0
439 0 57401.0
440 0 57401.0
441 0 57401.0
442 0 57401.0
443 0 57401.0
444 0 57401.0
445 0 57401.0
446 0 57401.0
447 0 57401.0
448 0 57401.0
449 0 57401.0
450 0 57401.0
451 0 57401.0
452 0 57401.0
453 0 57401.0
454 0 57401.0
455 0 57401.0
456 0 57401.0
457 0 57401.0
458 0 57401.0
459 0 57401.0
460 0 57401.0
461 0 52793.0
462 0 48564.0
463 0 44625.0
464 0 41086.0
465 0 37666.0
466 0 34641.0
467 0 31767.0
468 0 29256.0
469 0 26908.0
470 0 24882.0
471 0 22951.0
472 0 21208.0
473 0 19722.0
474 0 18346.0
475 0 17038.0
476 0 16150.0
477 0 15046.0
478 0 14103.0
479 0 13454.0
480 0 12809.0
481 0 12290.0
482 0 11672.0
483 0 11200.0
484 0 10785.0
485 0 10469.0
486 0 10238.0
487 0 9960.0
488 0 9655.0
489 0 9331.0
490 0 9210.0
491 0 9078.0
492 0 8877.0
493 0 8650.0
494 0 8386.0
495 0 8194.0
496 0 8035.0
497 0 8029.0
498 0 7943.0
499 0 7919.0
500 0 7829.0
501 0 7749.0
502 0 7688.0
503 0 7690.0
504 0 7615.0
505 0 7476.0
506 0 7424.0
507 0 7411.0
508 0 7330.0
509 0 7299.0
510 0 7304.0
511 0 7339.0
512 0 7348.0
513 0 7278.0
514 0 7240.0
515 0 7163.0
516 0 7215.0
517 0 7254.0
518 0 7215.0
519 0 7328.0
520 0 7312.0
521 0 7278.0
522 0 7239.0
523 0 7299.0
524 0 7296.0
525 0 7127.0
526 0 7141.0
527 0 7205.0
528 0 7114.0
529 0 7051.0
530 0 6990.0
531 0 7159.0
532 0 7203.0
533 0 7247.0
534 0 7254.0
535 0 7201.0
536 0 7144.0
537 0 7087.0
538 0 7163.0
539 0 7140.0
540 0 7162.0
541 0 7144.0
542 0 6970.0
543 0 6972.0
544 0 7043.0
545 0 7118.0
546 0 7069.0
547 0 7017.0
548 0 7202.0
549 0 7151.0
550 0 7014.0
551 0 6977.0
552 0 6874.0
553 0 6998.0
554 0 6939.0
555 0 6934.0
556 0 6859.0
557 0 6836.0
558 0 6917.0
559 0 6983.0
560 0 6926.0
561 0 7003.0
562 0 6940.0
563 0 6902.0
564 0 6969.0
565 0 6991.0
566 0 7097.0
567 0 7080.0
568 0 7081.0
569 0 7016.0
570 0 7221.0
571 0 7154.0
572 0 7183.0
573 0 7271.0
574 0 7137.0
575 0 7151.0
576 0 7168.0
577 0 7014.0
578 0 6957.0
579 0 7012.0
580 0 7033.0
581 0 6992.0
582 0 6883.0
583 0 6846.0
584 0 6931.0
585 0 6944.0
586 0 6928.0
587 0 6873.0
588 0 7025.0
589 0 6946.0
590 0 6840.0
591 0 6941.0
592 0 6928.0
593 0 6988.0
594 0 6972.0
595 0 6887.0
596 0 6976.0
597 0 6933.0
598 0 6972.0
599 0 7041.0
600 0 6995.0
601 0 7028.0
602 0 7032.0
603 0 6975.0
604 0 7142.0
605 0 7004.0
606 0 7004.0
607 0 6922.0
608 0 6876.0
609 0 6884.0
610 0 7059.0
611 0 7046.0
612 0 7046.0
613 0 7056.0
614 0 7110.0
615 0 7190.0
616 0 7184.0
617 0 7152.0
618 0 7074.0
619 0 6997.0
620 0 6880.0
621 0 6894.0
622 0 6943.0
623 0 6989.0
624 0 7065.0
625 0 7104.0
626 0 7070.0
627 0 7114.0
628 0 7165.0
629 0 7063.0
630 0 6965.0
631 0 6970.0
632 0 6956.0
633 0 7032.0
634 0 6950.0
635 0 6944.0
636 0 6843.0
637 0 6963.0
638 0 7071.0
639 0 7118.0
640 0 7051.0
641 0 7034.0
642 0 7046.0
643 0 7079.0
644 0 7115.0
645 0 7055.0
646 0 7187.0
647 0 7105.0
648 0 7217.0
649 0 7357.0
650 0 7271.0
651 0 7233.0
652 0 7235.0
653 0 7205.0
654 0 7013.0
655 0 7082.0
656 0 7058.0
657 0 7037.0
658 0 7083.0
659 0 7027.0
660 0 7108.0
661 0 7022.0
662 0 6970.0
663 0 7018.0
664 0 6928.0
665 0 6949.0
666 0 7000.0
667 0 6959.0
668 0 6968.0
669 0 7034.0
670 0 6920.0
671 0 6964.0
672 0 7093.0
673 0 6959.0
674 0 7080.0
675 0 7080.0
676 0 7046.0
677 0 7096.0
678 0 6922.0
679 0 7064.0
680 0 6927.0
681 0 6888.0
682 0 6824.0
683 0 6784.0
684 0 6858.0
685 0 6844.0
686 0 6885.0
687 0 6845.0
688 0 6947.0
689 0 6943.0
690 0 6970.0
691 0 6954.0
692 0 7078.0
693 0 7075.0
694 0 7058.0
695 0 7085.0
696 0 6954.0
697 0 6962.0
698 0 6889.0
699 0 6976.0
700 0 7090.0
701 0 7054.0
702 0 6987.0
703 0 6999.0
704 0 7010.0
705 0 7143.0
706 0 7004.0
707 0 7114.0
708 0 7146.0
709 0 7077.0
710 0 7073.0
711 0 7113.0
712 0 7030.0
713 0 7012.0
714 0 7117.0
715 0 7153.0
716 0 7220.0
717 0 7216.0
718 0 7224.0
719 0 7285.0
720 0 7340.0
721 0 7293.0
722 0 7263.0
723 0 7262.0
724 0 7245.0
725 0 7210.0
726 0 7173.0
727 0 7154.0
728 0 7079.0
729 0 7056.0
730 0 7051.0
731 0 7050.0
732 0 6945.0
733 0 7038.0
734 0 7036.0
735 0 7011.0
736 0 7006.0
737 0 7128.0
738 0 7158.0
739 0 7239.0
740 0 7204.0
741 0 7256.0
742 0 7256.0
743 0 7255.0
744 0 7201.0
745 0 7161.0
746 0 7132.0
747 0 7132.0
748 0 7138.0
749 0 7093.0
750 0 7095.0
751 0 7024.0
752 0 7038.0
753 0 7074.0
754 0 7092.0
755 0 7097.0
756 0 7011.0
757 0 7010.0
758 0 7073.0
759 0 7098.0
760 0 7123.0
761 0 7082.0
762 0 6952.0
763 0 6992.0
764 0 6957.0
765 0 7117.0
766 0 7034.0
767 0 6998.0
768 0 6914.0
769 0 7013.0
770 0 6946.0
771 0 6987.0
772 0 6977.0
773 0 6962.0
774 0 6984.0
775 0 6948.0
776 0 6919.0
777 0 7101.0
778 0 7103.0
779 0 7048.0
780 0 7088.0
781 0 7162.0
782 0 7154.0
783 0 7050.0
784 0 6971.0
785 0 6850.0
786 0 6910.0
787 0 6896.0
788 0 7085.0
789 0 7189.0
790 0 7077.0
791 0 7063.0
792 0 7096.0
793 0 7141.0
794 0 7153.0
795 0 7010.0
796 0 7099.0
797 0 7108.0
798 0 7063.0
799 0 7143.0
800 0 7212.0
801 0 7131.0
802 0 7123.0
803 0 7175.0
804 0 7099.0
805 0 7103.0
806 0 7178.0
807 0 7133.0
808 0 7061.0
809 0 7207.0
810 0 7023.0
811 0 7175.0
812 0 7169.0
813 0 7174.0
814 0 7165.0
815 0 7112.0
816 0 7060.0
817 0 7199.0
818 0 7139.0
819 0 7235.0
820 0 7184.0
821 0 7101.0
822 0 7165.0
823 0 7107.0
824 0 7166.0
825 0 7126.0
826 0 7047.0
827 0 7103.0
828 0 7009.0
829 0 7118.0
830 0 7130.0
831 0 7064.0
832 0 7083.0
833 0 7057.0
834 0 7067.0
835 0 7118.0
836 0 7050.0
837 0 7042.0
838 0 7075.0
839 0 7080.0
840 0 6968.0
841 0 6911.0
842 0 6988.0
843 0 6948.0
844 0 7005.0
845 0 6989.0
846 0 7083.0
847 0 6978.0
848 0 7049.0
849 0 7052.0
850 0 7121.0
851 0 7107.0
852 0 7074.0
853 0 7095.0
854 0 7007.0
855 0 6938.0
856 0 6900.0
857 0 7019.0
858 0 7077.0
859 0 7156.0
860 0 7155.0
861 0 7117.0
862 0 7167.0
863 0 7175.0
864 0 7126.0
865 0 7148.0
866 0 6975.0
867 0 7104.0
868 0 7107.0
869 0 6999.0
870 0 6999.0
871 0 7015.0
872 0 6988.0
873 0 6902.0
874 0 6981.0
875 0 6953.0
876 0 6851.0
877 0 7008.0
878 0 6961.0
879 0 6907.0
880 0 6904.0
881 0 6879.0
882 0 7027.0
883 0 7068.0
884 0 7072.0
885 0 6911.0
886 0 6883.0
887 0 6926.0
888 0 6844.0
889 0 7012.0
890 0 6985.0
891 0 7027.0
892 0 7054.0
893 0 7065.0
894 0 7024.0
895 0 7054.0
896 0 7010.0
897 0 7150.0
898 0 7181.0
899 0 7084.0
900 0 7050.0
901 0 7098.0
902 0 7124.0
903 0 7212.0
904 0 7217.0
905 0 7021.0
906 0 6958.0
907 0 6941.0
908 0 6963.0
909 0 6965.0
910 0 7005.0
911 0 7011.0
912 0 6995.0
913 0 7007.0
914 0 6950.0
915 0 6981.0
916 0 6978.0
917 0 7014.0
918 0 7065.0
919 0 7072.0
920 0 7082.0
921 0 7094.0
922 0 7197.0
923 0 7267.0
924 0 7171.0
925 0 7054.0
926 0 7208.0
927 0 7171.0
928 0 7097.0
929 0 7080.0
930 0 7014.0
931 0 6955.0
932 0 6867.0
933 0 6946.0
934 0 7025.0
935 0 6996.0
936 0 6951.0
937 0 7084.0
938 0 7002.0
939 0 7038.0
940 0 7095.0
941 0 7115.0
942 0 7100.0
943 0 7124.0
944 0 7175.0
945 0 7178.0
946 0 7218.0
947 0 7153.0
948 0 7179.0
949 0 7145.0
950 0 7060.0
951 0 6992.0
952 0 7080.0
953 0 7154.0
954 0 7180.0
955 0 7002.0
956 0 7009.0
957 0 7003.0
958 0 6988.0
959 0 6965.0
960 0 6917.0
961 0 6972.0
962 0 6925.0
963 0 7001.0
964 0 6905.0
965 0 6958.0
966 0 6893.0
967 0 7001.0
968 0 6953.0
969 0 7003.0
970 0 7015.0
971 0 6962.0
972 0 6930.0
973 0 6907.0
974 0 7162.0
975 0 7260.0
976 0 7222.0
977 0 7172.0
978 0 7166.0
979 0 6995.0
980 0 6908.0
981 0 6971.0
982 0 7086.0
983 0 6945.0
984 0 6902.0
985 0 6997.0
986 0 7062.0
987 0 6958.0
988 0 6954.0
989 0 7000.0
990 0 6997.0
991 0 7041.0
992 0 7005.0
993 0 7092.0
994 0 7070.0
995 0 7098.0
996 0 7096.0
997 0 7065.0
998 0 7046.0
999 0 7034.0
1000 0 6990.0
