1 1 15062.0
2 2 20725.0
3 2 26022.0
4 4 31492.0
5 3 36825.0
6 4 41840.0
7 4 46898.0
8 4 51893.0
9 8 56884.0
10 8 62247.0
11 12 67376.0
12 11 72396.0
13 22 77292.0
14 17 82261.0
15 17 87103.0
16 20 92285.0
17 33 97238.0
18 35 102249.0
19 42 106974.0
20 38 111873.0
21 42 116840.0
22 47 121888.0
23 48 127030.0
24 65 131935.0
25 69 136760.0
26 86 141697.0
27 75 146890.0
28 72 151756.0
29 67 156702.0
30 80 161908.0
31 92 166932.0
32 96 172135.0
33 118 177082.0
34 137 182007.0
35 148 187053.0
36 144 191935.0
37 172 196980.0
38 185 201550.0
39 228 206759.0
40 229 211670.0
41 254 216521.0
42 278 221459.0
43 285 226414.0
44 267 231326.0
45 285 236256.0
46 288 241085.0
47 294 246002.0
48 309 250684.0
49 350 255566.0
50 408 260641.0
51 429 265475.0
52 414 270380.0
53 413 275192.0
54 434 280206.0
55 458 285043.0
56 544 289753.0
57 555 294493.0
58 533 299349.0
59 585 304231.0
60 613 308887.0
61 642 313480.0
62 714 318387.0
63 712 323008.0
64 731 327691.0
65 749 332498.0
66 781 337337.0
67 845 342070.0
68 854 346780.0
69 836 351583.0
70 875 356408.0
71 892 361185.0
72 919 366043.0
73 967 371043.0
74 1022 375677.0
75 1108 380358.0
76 1083 385023.0
77 1092 389645.0
78 1094 394163.0
79 1126 398872.0
80 1229 403330.0
81 1305 407913.0
82 1324 412446.0
83 1304 417030.0
84 1337 421726.0
85 1375 426361.0
86 1412 430977.0
87 1497 435327.0
88 1597 439726.0
89 1652 444400.0
90 1674 448960.0
91 1649 453353.0
92 1734 457643.0
93 1762 462168.0
94 1714 466667.0
95 1888 471329.0
96 1901 475775.0
97 1906 480274.0
98 1882 484777.0
99 1974 489205.0
100 2022 488604.0
101 1921 483303.0
102 1910 477941.0
103 1841 472738.0
104 1748 467451.0
105 1698 462371.0
106 1649 457221.0
107 1695 452004.0
108 1751 446689.0
109 1732 441349.0
110 1594 436245.0
111 1540 431109.0
112 1538 425969.0
113 1544 420724.0
114 1635 415546.0
115 1637 410432.0
116 1514 405249.0
117 1525 400068.0
118 1566 394799.0
119 1548 389793.0
120 1556 384549.0
121 1592 379288.0
122 1624 374152.0
123 1606 369229.0
124 1521 364159.0
125 1551 359180.0
126 1519 353863.0
127 1578 348740.0
128 1464 343507.0
129 1499 338438.0
130 1607 333405.0
131 1611 328389.0
132 1532 323345.0
133 1536 318419.0
134 1484 313651.0
135 1466 308656.0
136 1468 303696.0
137 1419 298615.0
138 1436 293734.0
139 1438 288855.0
140 1443 283755.0
141 1449 278888.0
142 1440 274099.0
143 1410 269156.0
144 1396 264281.0
145 1398 259608.0
146 1285 254748.0
147 1192 249986.0
148 1188 245441.0
149 1227 240703.0
150 1247 235804.0
151 1308 231269.0
152 1232 226510.0
153 1215 221940.0
154 1198 217395.0
155 1213 212898.0
156 1221 208333.0
157 1253 203873.0
158 1238 199337.0
159 1272 194829.0
160 1271 190360.0
161 1202 185942.0
162 1159 181826.0
163 1143 177424.0
164 1147 173304.0
165 1147 169238.0
166 1098 165149.0
167 1068 161151.0
168 1021 157053.0
169 1029 153121.0
170 963 149084.0
171 946 145088.0
172 906 141405.0
173 862 137774.0
174 894 134128.0
175 854 130468.0
176 813 127063.0
177 754 123567.0
178 723 120005.0
179 714 116416.0
180 753 113144.0
181 757 109826.0
182 751 106552.0
183 730 103260.0
184 774 100174.0
185 745 97120.0
186 740 94210.0
187 766 91172.0
188 721 88283.0
189 725 85628.0
190 713 82927.0
191 692 80217.0
192 601 77595.0
193 555 75043.0
194 558 72454.0
195 561 69996.0
196 544 67734.0
197 522 65629.0
198 522 63413.0
199 539 61288.0
200 521 59192.0
201 497 57120.0
202 438 55254.0
203 395 53268.0
204 351 51433.0
205 347 49630.0
206 330 47913.0
207 315 46306.0
208 303 44538.0
209 319 43027.0
210 316 41382.0
211 316 39986.0
212 267 38457.0
213 235 37081.0
214 207 35751.0
215 185 34433.0
216 174 33255.0
217 166 32016.0
218 158 30870.0
219 140 29771.0
220 120 28856.0
221 104 27796.0
222 98 26981.0
223 90 26058.0
224 78 25112.0
225 92 24453.0
226 108 23400.0
227 111 22720.0
228 86 21931.0
229 90 21088.0
230 78 20444.0
231 68 19661.0
232 54 19089.0
233 45 18508.0
234 37 17994.0
235 23 17476.0
236 20 16948.0
237 17 16429.0
238 14 16034.0
239 12 15560.0
240 11 15068.0
241 11 14707.0
242 9 14352.0
243 9 14068.0
244 6 13679.0
245 6 13368.0
246 6 13010.0
247 4 12710.0
248 4 12391.0
249 2 12117.0
250 1 11799.0
251 1 11500.0
252 0 11217.0
253 0 11027.0
254 0 10864.0
255 0 10713.0
256 0 10396.0
257 0 10431.0
258 0 10203.0
259 0 9910.0
260 0 9667.0
261 0 9415.0
262 0 9298.0
263 0 9149.0
264 0 8983.0
265 0 8882.0
266 0 8882.0
267 0 8861.0
268 0 8733.0
269 0 8605.0
270 0 8515.0
271 0 8274.0
272 0 8248.0
273 0 8300.0
274 0 8282.0
275 0 8142.0
276 2 8198.0
277 2 8163.0
278 4 8091.0
279 3 7970.0
280 2 7969.0
281 2 14449.0
282 1 20426.0
283 0 25973.0
284 0 31372.0
285 0 36683.0
286 0 41967.0
287 0 47128.0
288 0 52290.0
289 0 57425.0
290 0 57425.0
291 0 57425.0
292 0 57425.0
293 0 57425.0
294 0 57425.0
295 0 57425.0
296 0 57425.0
297 0 57425.0
298 0 57425.0
299 0 57425.0
300 0 57425.0
301 0 57425.0
302 0 57425.0
303 0 57425.0
304 0 57425.0
305 0 57425.0
306 0 57425.0
307 0 57425.0
308 0 57425.0
309 0 57425.0
310 0 57425.0
311 0 57425.0
312 0 57425.0
313 0 57425.0
314 0 57425.0
315 0 57425.0
316 0 57425.0
317 0 57425.0
318 0 57425.0
319 0 57425.0
320 0 57425.0
321 0 57425.0
322 0 57425.0
323 0 57425.0
324 0 57425.0
325 0 57425.0
326 0 57425.0
327 0 57425.0
328 0 57425.0
329 0 57425.0
330 0 57425.0
331 0 57425.0
332 0 57425.0
333 0 57425.0
334 0 57425.0
335 0 57425.0
336 0 57425.0
337 0 57425.0
338 0 57425.0
339 0 57425.0
340 0 57425.0
341 0 57425.0
342 0 57425.0
343 0 57425.0
344 0 57425.0
345 0 57425.0
346 0 57425.0
347 0 57425.0
348 0 57425.0
349 0 57425.0
350 0 57425.0
351 0 57425.0
352 0 57425.0
353 0 57425.0
354 0 57425.0
355 0 57425.0
356 0 57425.0
357 0 57425.0
358 0 57425.0
359 0 57425.0
360 0 57425.0
361 0 57425.0
362 0 57425.0
363 0 57425.0
364 0 57425.0
365 0 57425.0
366 0 57425.0
367 0 57425.0
368 0 57425.0
369 0 57425.0
370 0 57425.0
371 0 57425.0
372 0 57425.0
373 0 57425.0
374 0 57425.0
375 0 57425.0
376 0 57425.0
377 0 57425.0
378 0 57425.0
379 0 57425.0
380 0 57425.0
381 0 57425.0
382 0 57425.0
383 0 57425.0
384 0 57425.0
385 0 57425.0
386 0 57425.0
387 0 57425.0
388 0 57425.0
389 0 57425.0
390 0 57425.0
391 0 57425.0
392 0 57425.0
393 0 57425.0
394 0 57425.0
395 0 57425.0
396 0 57425.0
397 0 57425.0
398 0 57425.0
399 0 57425.0
400 0 57425.0
401 0 57425.0
402 0 57425.0
403 0 57425.0
404 0 57425.0
405 0 57425.0
406 0 57425.0
407 0 57425.0
408 0 57425.0
409 0 57425.0
410 0 57425.0
411 0 57425.0
412 0 57425.0
413 0 57425.0
414 0 57425.0
415 0 57425.0
416 0 57425.0
417 0 57425.0
418 0 57425.0
419 0 57425.0
420 0 57425.0
421 0 57425.0
422 0 57425.0
423 0 57425.0
424 0 57425.0
425 0 57425.0
426 0 57425.0
427 0 57425.0
428 0 57425.0
429 0 57425.0
430 0 57425.0
431 0 57425.0
432 0 57425.0
433 0 57425.0
434 0 57425.0
435 0 57425.0
436 0 57425.0
437 0 57425.0
438 0 57425.0
439 0 57425.0
440 0 57425.0
441 0 57425.0
442 0 57425.0
443 0 57425.0
444 0 57425.0
445 0 57425.0
446 0 57425.0
447 0 57425.0
448 0 57425.0
449 0 57425.0
450 0 57425.0
451 0 57425.0
452 0 57425.0
453 0 57425.0
454 0 57425.0
455 0 57425.0
456 0 57425.0
457 0 57425.0
458 0 57425.0
459 0 57425.0
460 0 57425.0
461 0 52614.0
462 0 48284.0
463 0 44243.0
464 0 40659.0
465 0 37218.0
466 0 34213.0
467 0 31651.0
468 0 29067.0
469 0 26838.0
470 0 24710.0
471 0 22851.0
472 0 21213.0
473 0 19701.0
474 0 18386.0
475 0 17264.0
476 0 16228.0
477 0 15272.0
478 0 14483.0
479 0 13771.0
480 0 13107.0
481 0 12391.0
482 0 11771.0
483 0 11198.0
484 0 10672.0
485 0 10248.0
486 0 9885.0
487 0 9574.0
488 0 9431.0
489 0 9124.0
490 0 8908.0
491 0 8601.0
492 0 8455.0
493 0 8391.0
494 0 8390.0
495 0 8293.0
496 0 8018.0
497 0 7844.0
498 0 7748.0
499 0 7740.0
500 0 7685.0
501 0 7546.0
502 0 7556.0
503 0 7465.0
504 0 7403.0
505 0 7252.0
506 0 7266.0
507 0 7310.0
508 0 7303.0
509 0 7424.0
510 0 7296.0
511 0 7152.0
512 0 7119.0
513 0 7105.0
514 0 7191.0
515 0 7242.0
516 0 7266.0
517 0 7244.0
518 0 7273.0
519 0 7294.0
520 0 7298.0
521 0 7244.0
522 0 7177.0
523 0 7128.0
524 0 7136.0
525 0 7279.0
526 0 7178.0
527 0 7138.0
528 0 7052.0
529 0 7126.0
530 0 7208.0
531 0 7177.0
532 0 7186.0
533 0 7128.0
534 0 6968.0
535 0 7043.0
536 0 6950.0
537 0 7081.0
538 0 6956.0
539 0 6957.0
540 0 6885.0
541 0 6975.0
542 0 7027.0
543 0 7102.0
544 0 7156.0
545 0 7086.0
546 0 6987.0
547 0 7112.0
548 0 7163.0
549 0 7158.0
550 0 7155.0
551 0 7056.0
552 0 7102.0
553 0 7118.0
554 0 7120.0
555 0 7100.0
556 0 7146.0
557 0 7126.0
558 0 7067.0
559 0 7055.0
560 0 7086.0
561 0 7127.0
562 0 7171.0
563 0 7174.0
564 0 6976.0
565 0 7021.0
566 0 7002.0
567 0 6992.0
568 0 6966.0
569 0 6868.0
570 0 6905.0
571 0 6839.0
572 0 6921.0
573 0 6986.0
574 0 7038.0
575 0 6978.0
576 0 7065.0
577 0 7001.0
578 0 6943.0
579 0 6983.0
580 0 7016.0
581 0 6942.0
582 0 6888.0
583 0 6833.0
584 0 6814.0
585 0 6873.0
586 0 6828.0
587 0 6838.0
588 0 6925.0
589 0 6920.0
590 0 7020.0
591 0 7080.0
592 0 7152.0
593 0 7170.0
594 0 7005.0
595 0 7020.0
596 0 7010.0
597 0 6978.0
598 0 7029.0
599 0 7082.0
600 0 6891.0
601 0 6904.0
602 0 6863.0
603 0 6783.0
604 0 6826.0
605 0 6764.0
606 0 6789.0
607 0 6878.0
608 0 6969.0
609 0 7020.0
610 0 7032.0
611 0 6962.0
612 0 7034.0
613 0 7097.0
614 0 7189.0
615 0 7090.0
616 0 7121.0
617 0 7115.0
618 0 7096.0
619 0 7203.0
620 0 7205.0
621 0 7219.0
622 0 7114.0
623 0 7070.0
624 0 7070.0
625 0 7075.0
626 0 7151.0
627 0 7077.0
628 0 7063.0
629 0 7111.0
630 0 7127.0
631 0 7167.0
632 0 7046.0
633 0 7019.0
634 0 6995.0
635 0 6987.0
636 0 6967.0
637 0 6959.0
638 0 6928.0
639 0 7057.0
640 0 6908.0
641 0 6956.0
642 0 7064.0
643 0 7031.0
644 0 7040.0
645 0 7217.0
646 0 7112.0
647 0 7115.0
648 0 7097.0
649 0 7077.0
650 0 7115.0
651 0 7043.0
652 0 7025.0
653 0 6951.0
654 0 7011.0
655 0 6885.0
656 0 6852.0
657 0 7005.0
658 0 6977.0
659 0 7028.0
660 0 7096.0
661 0 7170.0
662 0 7127.0
663 0 7169.0
664 0 7107.0
665 0 7137.0
666 0 7059.0
667 0 7061.0
668 0 7090.0
669 0 7015.0
670 0 6998.0
671 0 6988.0
672 0 6941.0
673 0 6999.0
674 0 6995.0
675 0 6980.0
676 0 7105.0
677 0 7155.0
678 0 7127.0
679 0 7190.0
680 0 7284.0
681 0 7261.0
682 0 7188.0
683 0 7050.0
684 0 7067.0
685 0 7060.0
686 0 7141.0
687 0 7138.0
688 0 7227.0
689 0 7187.0
690 0 7146.0
691 0 7225.0
692 0 7085.0
693 0 7030.0
694 0 7059.0
695 0 7054.0
696 0 7112.0
697 0 7091.0
698 0 7157.0
699 0 7097.0
700 0 7119.0
701 0 7134.0
702 0 6970.0
703 0 7053.0
704 0 6997.0
705 0 7059.0
706 0 7069.0
707 0 7139.0
708 0 7180.0
709 0 6969.0
710 0 6963.0
711 0 7016.0
712 0 7073.0
713 0 7017.0
714 0 7108.0
715 0 7074.0
716 0 7007.0
717 0 6941.0
718 0 6914.0
719 0 6961.0
720 0 7086.0
721 0 7100.0
722 0 6980.0
723 0 6974.0
724 0 6928.0
725 0 7072.0
726 0 7114.0
727 0 7140.0
728 0 7040.0
729 0 7169.0
730 0 7139.0
731 0 7086.0
732 0 7165.0
733 0 7227.0
734 0 7224.0
735 0 7280.0
736 0 7274.0
737 0 7296.0
738 0 7249.0
739 0 7365.0
740 0 7274.0
741 0 7144.0
742 0 7214.0
743 0 7008.0
744 0 7050.0
745 0 7111.0
746 0 7100.0
747 0 7079.0
748 0 7080.0
749 0 7118.0
750 0 7159.0
751 0 7207.0
752 0 7121.0
753 0 7022.0
754 0 6986.0
755 0 7099.0
756 0 7089.0
757 0 7063.0
758 0 7184.0
759 0 7202.0
760 0 7026.0
761 0 7045.0
762 0 7033.0
763 0 6980.0
764 0 6916.0
765 0 6922.0
766 0 6980.0
767 0 7055.0
768 0 6975.0
769 0 6967.0
770 0 6876.0
771 0 6921.0
772 0 6980.0
773 0 6981.0
774 0 7019.0
775 0 7039.0
776 0 7047.0
777 0 6954.0
778 0 6973.0
779 0 6902.0
780 0 6988.0
781 0 7026.0
782 0 6977.0
783 0 7035.0
784 0 7033.0
785 0 7037.0
786 0 7023.0
787 0 6888.0
788 0 6904.0
789 0 6920.0
790 0 6984.0
791 0 7082.0
792 0 7160.0
793 0 7179.0
794 0 7114.0
795 0 7226.0
796 0 7153.0
797 0 7139.0
798 0 7077.0
799 0 7090.0
800 0 7133.0
801 0 7040.0
802 0 7215.0
803 0 7210.0
804 0 7063.0
805 0 7036.0
806 0 7044.0
807 0 7077.0
808 0 7105.0
809 0 7064.0
810 0 7223.0
811 0 7290.0
812 0 7134.0
813 0 7121.0
814 0 7194.0
815 0 7140.0
816 0 7120.0
817 0 7100.0
818 0 7101.0
819 0 7175.0
820 0 7178.0
821 0 7217.0
822 0 7245.0
823 0 7148.0
824 0 7197.0
825 0 7171.0
826 0 7230.0
827 0 7231.0
828 0 7196.0
829 0 7194.0
830 0 7057.0
831 0 7124.0
832 0 7161.0
833 0 7233.0
834 0 7287.0
835 0 7172.0
836 0 7092.0
837 0 7046.0
838 0 7050.0
839 0 6970.0
840 0 6929.0
841 0 6874.0
842 0 6988.0
843 0 7027.0
844 0 7122.0
845 0 7168.0
846 0 7162.0
847 0 7204.0
848 0 7073.0
849 0 7060.0
850 0 7011.0
851 0 7035.0
852 0 6983.0
853 0 7089.0
854 0 7222.0
855 0 7084.0
856 0 6907.0
857 0 7036.0
858 0 7079.0
859 0 7080.0
860 0 7253.0
861 0 7216.0
862 0 7307.0
863 0 7172.0
864 0 7128.0
865 0 7158.0
866 0 7163.0
867 0 7104.0
868 0 6998.0
869 0 6903.0
870 0 6857.0
871 0 6897.0
872 0 6971.0
873 0 6979.0
874 0 7059.0
875 0 6932.0
876 0 6981.0
877 0 7021.0
878 0 7068.0
879 0 7048.0
880 0 7035.0
881 0 7064.0
882 0 7080.0
883 0 7044.0
884 0 7008.0
885 0 7063.0
886 0 7066.0
887 0 7086.0
888 0 7086.0
889 0 7113.0
890 0 7115.0
891 0 7052.0
892 0 7016.0
893 0 7162.0
894 0 7125.0
895 0 7174.0
896 0 7069.0
897 0 7080.0
898 0 7115.0
899 0 7088.0
900 0 7077.0
901 0 7302.0
902 0 7223.0
903 0 7234.0
904 0 7209.0
905 0 7322.0
906 0 7267.0
907 0 7134.0
908 0 7002.0
909 0 7071.0
910 0 6974.0
911 0 7029.0
912 0 7108.0
913 0 7148.0
914 0 7156.0
915 0 7142.0
916 0 7093.0
917 0 7058.0
918 0 7156.0
919 0 7324.0
920 0 7276.0
921 0 7119.0
922 0 7075.0
923 0 7050.0
924 0 7094.0
925 0 7086.0
926 0 7130.0
927 0 7172.0
928 0 7141.0
929 0 7221.0
930 0 7144.0
931 0 7118.0
932 0 7134.0
933 0 7094.0
934 0 7049.0
935 0 7134.0
936 0 7088.0
937 0 7051.0
938 0 6994.0
939 0 7092.0
940 0 7133.0
941 0 7167.0
942 0 7204.0
943 0 7058.0
944 0 7104.0
945 0 7050.0
946 0 6958.0
947 0 6951.0
948 0 7059.0
949 0 7167.0
950 0 7275.0
951 0 7233.0
952 0 7156.0
953 0 7036.0
954 0 6972.0
955 0 6985.0
956 0 6899.0
957 0 6968.0
958 0 6947.0
959 0 6948.0
960 0 7055.0
961 0 7087.0
962 0 7105.0
963 0 7080.0
964 0 7187.0
965 0 7143.0
966 0 7120.0
967 0 7124.0
968 0 7083.0
969 0 7159.0
970 0 7106.0
971 0 7072.0
972 0 7149.0
973 0 7208.0
974 0 7218.0
975 0 7152.0
976 0 7034.0
977 0 7020.0
978 0 6998.0
979 0 6990.0
980 0 6956.0
981 0 6990.0
982 0 6999.0
983 0 7035.0
984 0 7032.0
985 0 7142.0
986 0 7080.0
987 0 7167.0
988 0 7039.0
989 0 7174.0
990 0 7045.0
991 0 7184.0
992 0 7155.0
993 0 7030.0
994 0 7145.0
995 0 7073.0
996 0 7022.0
997 0 6997.0
998 0 7003.0
999 0 7175.0
1000 0 7069.0
