1 1 14898.0
2 1 20498.0
3 1 25978.0
4 2 31184.0
5 2 36485.0
6 2 42020.0
7 2 46887.0
8 4 52065.0
9 4 56988.0
10 6 61991.0
11 5 67054.0
12 10 71964.0
13 8 77008.0
14 10 82229.0
15 11 87269.0
16 16 92382.0
17 20 97616.0
18 19 102614.0
19 26 107780.0
20 28 112785.0
21 34 117600.0
22 41 122693.0
23 37 127610.0
24 57 132498.0
25 48 137259.0
26 66 142300.0
27 77 147364.0
28 88 152227.0
29 94 157224.0
30 102 162207.0
31 109 167172.0
32 98 172081.0
33 103 177079.0
34 113 181827.0
35 149 186665.0
36 155 191337.0
37 179 196286.0
38 194 201249.0
39 200 206202.0
40 216 211204.0
41 234 216210.0
42 252 221206.0
43 299 226235.0
44 297 231064.0
45 285 235970.0
46 325 240832.0
47 340 245642.0
48 367 250539.0
49 355 255635.0
50 414 260352.0
51 468 265403.0
52 491 270127.0
53 522 274939.0
54 527 279941.0
55 504 284655.0
56 517 289444.0
57 571 294293.0
58 575 299134.0
59 571 304170.0
60 599 308967.0
61 587 313850.0
62 612 318585.0
63 638 323450.0
64 669 328270.0
65 676 332982.0
66 702 337825.0
67 733 342573.0
68 767 347245.0
69 804 352019.0
70 808 356934.0
71 790 361712.0
72 843 366395.0
73 853 371070.0
74 893 375814.0
75 917 380524.0
76 958 385370.0
77 1021 389829.0
78 1130 394679.0
79 1160 399413.0
80 1234 403925.0
81 1256 408539.0
82 1313 413088.0
83 1390 417760.0
84 1426 422151.0
85 1386 426782.0
86 1376 431476.0
87 1431 436068.0
88 1425 440889.0
89 1436 445575.0
90 1487 450281.0
91 1553 455165.0
92 1653 459692.0
93 1710 464176.0
94 1776 468556.0
95 1801 472934.0
96 1779 477465.0
97 1789 481998.0
98 1858 486364.0
99 1991 490880.0
100 2183 490185.0
101 2184 484816.0
102 1901 479281.0
103 1761 474072.0
104 1665 469012.0
105 1658 463851.0
106 1785 458541.0
107 1789 453245.0
108 1750 448046.0
109 1660 442721.0
110 1554 437538.0
111 1507 432318.0
112 1468 427074.0
113 1489 422037.0
114 1413 416780.0
115 1535 411745.0
116 1497 406443.0
117 1497 401304.0
118 1555 395981.0
119 1551 390965.0
120 1502 385781.0
121 1533 380646.0
122 1457 375433.0
123 1432 370361.0
124 1508 365146.0
125 1622 359978.0
126 1625 354722.0
127 1559 349508.0
128 1517 344454.0
129 1553 339205.0
130 1569 334043.0
131 1495 328817.0
132 1512 323730.0
133 1454 318642.0
134 1534 313687.0
135 1589 308615.0
136 1617 303819.0
137 1496 298716.0
138 1427 293777.0
139 1452 288787.0
140 1477 283811.0
141 1435 278703.0
142 1447 273704.0
143 1420 268683.0
144 1391 263954.0
145 1291 259172.0
146 1318 254132.0
147 1350 249506.0
148 1260 244725.0
149 1251 240029.0
150 1269 235183.0
151 1213 230546.0
152 1215 225795.0
153 1266 221076.0
154 1291 216367.0
155 1245 211709.0
156 1222 207045.0
157 1179 202565.0
158 1149 198044.0
159 1123 193611.0
160 1057 189177.0
161 1049 184872.0
162 1065 180477.0
163 1036 176254.0
164 1000 171995.0
165 1014 167756.0
166 1070 163626.0
167 1072 159431.0
168 1040 155454.0
169 1018 151456.0
170 1019 147179.0
171 1041 143223.0
172 939 139321.0
173 900 135671.0
174 844 131991.0
175 801 128299.0
176 830 124658.0
177 777 121180.0
178 724 117788.0
179 687 114408.0
180 706 111095.0
181 712 107960.0
182 728 104692.0
183 764 101516.0
184 711 98487.0
185 667 95509.0
186 621 92470.0
187 631 89455.0
188 584 86692.0
189 565 84009.0
190 568 81393.0
191 554 78696.0
192 606 76224.0
193 552 73741.0
194 538 71363.0
195 487 68987.0
196 482 66533.0
197 498 64384.0
198 472 62271.0
199 470 59991.0
200 419 58039.0
201 364 56085.0
202 330 54130.0
203 302 52138.0
204 306 50233.0
205 297 48422.0
206 268 46919.0
207 241 45299.0
208 213 43751.0
209 223 42270.0
210 195 40870.0
211 198 39293.0
212 190 37889.0
213 184 36659.0
214 174 35348.0
215 167 34204.0
216 152 32915.0
217 149 31820.0
218 150 30755.0
219 156 29610.0
220 170 28538.0
221 148 27521.0
222 136 26490.0
223 138 25523.0
224 125 24725.0
225 110 23975.0
226 86 23169.0
227 75 22346.0
228 74 21519.0
229 60 20822.0
230 49 20289.0
231 46 19637.0
232 35 18890.0
233 26 18449.0
234 24 17661.0
235 20 17173.0
236 18 16583.0
237 21 16153.0
238 24 15785.0
239 17 15273.0
240 16 14775.0
241 13 14435.0
242 12 13997.0
243 10 13598.0
244 7 13143.0
245 5 12786.0
246 5 12509.0
247 5 12153.0
248 4 11910.0
249 6 11715.0
250 4 11426.0
251 3 11304.0
252 2 11226.0
253 1 10944.0
254 0 10634.0
255 0 10348.0
256 0 10170.0
257 0 10148.0
258 0 9926.0
259 0 9701.0
260 0 9487.0
261 0 9253.0
262 0 9068.0
263 0 9047.0
264 0 8917.0
265 0 8869.0
266 0 8758.0
267 0 8557.0
268 0 8483.0
269 0 8412.0
270 0 8359.0
271 0 8437.0
272 0 8260.0
273 0 8174.0
274 0 8188.0
275 0 7976.0
276 2 7870.0
277 1 7832.0
278 0 7779.0
279 0 7821.0
280 0 7821.0
281 0 14339.0
282 0 20160.0
283 0 25668.0
284 0 31034.0
285 0 36165.0
286 0 41269.0
287 0 46487.0
288 0 51602.0
289 0 56875.0
290 0 56875.0
291 0 56875.0
292 0 56875.0
293 0 56875.0
294 0 56875.0
295 0 56875.0
296 0 56875.0
297 0 56875.0
298 0 56875.0
299 0 56875.0
300 0 56875.0
301 0 56875.0
302 0 56875.0
303 0 56875.0
304 0 56875.0
305 0 56875.0
306 0 56875.0
307 0 56875.0
308 0 56875.0
309 0 56875.0
310 0 56875.0
311 0 56875.0
312 0 56875.0
313 0 56875.0
314 0 56875.0
315 0 56875.0
316 0 56875.0
317 0 56875.0
318 0 56875.0
319 0 56875.0
320 0 56875.0
321 0 56875.0
322 0 56875.0
323 0 56875.0
324 0 56875.0
325 0 56875.0
326 0 56875.0
327 0 56875.0
328 0 56875.0
329 0 56875.0
330 0 56875.0
331 0 56875.0
332 0 56875.0
333 0 56875.0
334 0 56875.0
335 0 56875.0
336 0 56875.0
337 0 56875.0
338 0 56875.0
339 0 56875.0
340 0 56875.0
341 0 56875.0
342 0 56875.0
343 0 56875.0
344 0 56875.0
345 0 56875.0
346 0 56875.0
347 0 56875.0
348 0 56875.0
349 0 56875.0
350 0 56875.0
351 0 56875.0
352 0 56875.0
353 0 56875.0
354 0 56875.0
355 0 56875.0
356 0 56875.0
357 0 56875.0
358 0 56875.0
359 0 56875.0
360 0 56875.0
361 0 56875.0
362 0 56875.0
363 0 56875.0
364 0 56875.0
365 0 56875.0
366 0 56875.0
367 0 56875.0
368 0 56875.0
369 0 56875.0
370 0 56875.0
371 0 56875.0
372 0 56875.0
373 0 56875.0
374 0 56875.0
375 0 56875.0
376 0 56875.0
377 0 56875.0
378 0 56875.0
379 0 56875.0
380 0 56875.0
381 0 56875.0
382 0 56875.0
383 0 56875.0
384 0 56875.0
385 0 56875.0
386 0 56875.0
387 0 56875.0
388 0 56875.0
389 0 56875.0
390 0 56875.0
391 0 56875.0
392 0 56875.0
393 0 56875.0
394 0 56875.0
395 0 56875.0
396 0 56875.0
397 0 56875.0
398 0 56875.0
399 0 56875.0
400 0 56875.0
401 0 56875.0
402 0 56875.0
403 0 56875.0
404 0 56875.0
405 0 56875.0
406 0 56875.0
407 0 56875.0
408 0 56875.0
409 0 56875.0
410 0 56875.0
411 0 56875.0
412 0 56875.0
413 0 56875.0
414 0 56875.0
415 0 56875.0
416 0 56875.0
417 0 56875.0
418 0 56875.0
419 0 56875.0
420 0 56875.0
421 0 56875.0
422 0 56875.0
423 0 56875.0
424 0 56875.0
425 0 56875.0
426 0 56875.0
427 0 56875.0
428 0 56875.0
429 0 56875.0
430 0 56875.0
431 0 56875.0
432 0 56875.0
433 0 56875.0
434 0 56875.0
435 0 56875.0
436 0 56875.0
437 0 56875.0
438 0 56875.0
439 0 56875.0
440 0 56875.0
441 0 56875.0
442 0 56875.0
443 0 56875.0
444 0 56875.0
445 0 56875.0
446 0 56875.0
447 0 56875.0
448 0 56875.0
449 0 56875.0
450 0 56875.0
451 0 56875.0
452 0 56875.0
453 0 56875.0
454 0 56875.0
455 0 56875.0
456 0 56875.0
457 0 56875.0
458 0 56875.0
459 0 56875.0
460 0 56875.0
461 0 52444.0
462 0 48083.0
463 0 44063.0
464 0 40537.0
465 0 37266.0
466 0 34314.0
467 0 31448.0
468 0 28926.0
469 0 26804.0
470 0 24613.0
471 0 22840.0
472 0 21230.0
473 0 19721.0
474 0 18264.0
475 0 17197.0
476 0 16061.0
477 0 15047.0
478 0 14134.0
479 0 13315.0
480 0 12616.0
481 0 12127.0
482 0 11521.0
483 0 11053.0
484 0 10682.0
485 0 10334.0
486 0 9984.0
487 0 9551.0
488 0 9348.0
489 0 9088.0
490 0 8970.0
491 0 8814.0
492 0 8704.0
493 0 8386.0
494 0 8238.0
495 0 8152.0
496 0 7994.0
497 0 7949.0
498 0 7836.0
499 0 7843.0
500 0 7843.0
501 0 7667.0
502 0 7588.0
503 0 7495.0
504 0 7569.0
505 0 7465.0
506 0 7421.0
507 0 7360.0
508 0 7305.0
509 0 7359.0
510 0 7392.0
511 0 7419.0
512 0 7193.0
513 0 7154.0
514 0 7301.0
515 0 7296.0
516 0 7274.0
517 0 7198.0
518 0 7180.0
519 0 7206.0
520 0 7294.0
521 0 7366.0
522 0 7353.0
523 0 7278.0
524 0 7236.0
525 0 7310.0
526 0 7271.0
527 0 7328.0
528 0 7198.0
529 0 7076.0
530 0 7011.0
531 0 7020.0
532 0 7071.0
533 0 7080.0
534 0 7116.0
535 0 7166.0
536 0 7216.0
537 0 7133.0
538 0 7104.0
539 0 7226.0
540 0 7164.0
541 0 7125.0
542 0 7021.0
543 0 7053.0
544 0 7115.0
545 0 7136.0
546 0 7123.0
547 0 7116.0
548 0 7130.0
549 0 7202.0
550 0 7198.0
551 0 7171.0
552 0 7134.0
553 0 7130.0
554 0 7202.0
555 0 7296.0
556 0 7131.0
557 0 7185.0
558 0 6969.0
559 0 7040.0
560 0 7015.0
561 0 6914.0
562 0 6928.0
563 0 7047.0
564 0 7052.0
565 0 7025.0
566 0 7054.0
567 0 7019.0
568 0 7068.0
569 0 7028.0
570 0 6988.0
571 0 6945.0
572 0 6879.0
573 0 6964.0
574 0 6960.0
575 0 6992.0
576 0 6926.0
577 0 6894.0
578 0 6935.0
579 0 6904.0
580 0 6914.0
581 0 6843.0
582 0 6919.0
583 0 6900.0
584 0 6780.0
585 0 6836.0
586 0 6828.0
587 0 6897.0
588 0 6804.0
589 0 6844.0
590 0 6975.0
591 0 6986.0
592 0 6974.0
593 0 7010.0
594 0 6938.0
595 0 6994.0
596 0 6944.0
597 0 7004.0
598 0 7061.0
599 0 6996.0
600 0 6926.0
601 0 6958.0
602 0 6830.0
603 0 6903.0
604 0 6888.0
605 0 7018.0
606 0 7006.0
607 0 7016.0
608 0 7015.0
609 0 7033.0
610 0 7066.0
611 0 7094.0
612 0 7103.0
613 0 7142.0
614 0 7109.0
615 0 7020.0
616 0 7153.0
617 0 7105.0
618 0 7021.0
619 0 6994.0
620 0 7098.0
621 0 7064.0
622 0 6987.0
623 0 7016.0
624 0 7029.0
625 0 7032.0
626 0 7121.0
627 0 7047.0
628 0 7099.0
629 0 7128.0
630 0 7200.0
631 0 7261.0
632 0 7249.0
633 0 7288.0
634 0 7318.0
635 0 7225.0
636 0 7185.0
637 0 7149.0
638 0 7164.0
639 0 7045.0
640 0 6989.0
641 0 6990.0
642 0 7069.0
643 0 7061.0
644 0 7071.0
645 0 7070.0
646 0 7176.0
647 0 7210.0
648 0 6973.0
649 0 6987.0
650 0 7021.0
651 0 7148.0
652 0 7098.0
653 0 7133.0
654 0 7122.0
655 0 7104.0
656 0 7187.0
657 0 7235.0
658 0 7025.0
659 0 7033.0
660 0 7184.0
661 0 7041.0
662 0 6955.0
663 0 6964.0
664 0 7011.0
665 0 6958.0
666 0 6949.0
667 0 7090.0
668 0 7093.0
669 0 7091.0
670 0 7135.0
671 0 7093.0
672 0 7194.0
673 0 7042.0
674 0 7003.0
675 0 6922.0
676 0 6916.0
677 0 6978.0
678 0 6967.0
679 0 7148.0
680 0 7050.0
681 0 7063.0
682 0 7156.0
683 0 7136.0
684 0 7198.0
685 0 7088.0
686 0 7037.0
687 0 7003.0
688 0 6937.0
689 0 6943.0
690 0 6892.0
691 0 6984.0
692 0 7039.0
693 0 7085.0
694 0 7097.0
695 0 7063.0
696 0 7121.0
697 0 7046.0
698 0 6945.0
699 0 7063.0
700 0 7119.0
701 0 7099.0
702 0 6970.0
703 0 7002.0
704 0 6967.0
705 0 6894.0
706 0 7025.0
707 0 6944.0
708 0 6904.0
709 0 7002.0
710 0 6854.0
711 0 6894.0
712 0 6956.0
713 0 6942.0
714 0 6983.0
715 0 7095.0
716 0 7174.0
717 0 7207.0
718 0 7276.0
719 0 7170.0
720 0 7154.0
721 0 7003.0
722 0 6959.0
723 0 6981.0
724 0 7051.0
725 0 7169.0
726 0 7077.0
727 0 7146.0
728 0 7169.0
729 0 7232.0
730 0 7252.0
731 0 7220.0
732 0 7170.0
733 0 7266.0
734 0 7295.0
735 0 7282.0
736 0 7169.0
737 0 7122.0
738 0 7236.0
739 0 7175.0
740 0 7160.0
741 0 7207.0
742 0 7108.0
743 0 7116.0
744 0 7012.0
745 0 7022.0
746 0 6977.0
747 0 7118.0
748 0 7037.0
749 0 7155.0
750 0 7195.0
751 0 7039.0
752 0 7039.0
753 0 6914.0
754 0 6894.0
755 0 6926.0
756 0 6986.0
757 0 6979.0
758 0 6950.0
759 0 6960.0
760 0 7012.0
761 0 6998.0
762 0 7038.0
763 0 7016.0
764 0 6912.0
765 0 6967.0
766 0 6935.0
767 0 7048.0
768 0 7051.0
769 0 7066.0
770 0 7169.0
771 0 7205.0
772 0 7261.0
773 0 7333.0
774 0 7213.0
775 0 7152.0
776 0 7242.0
777 0 7212.0
778 0 7285.0
779 0 7235.0
780 0 7300.0
781 0 7341.0
782 0 7251.0
783 0 7097.0
784 0 7151.0
785 0 7106.0
786 0 6991.0
787 0 7015.0
788 0 7014.0
789 0 6887.0
790 0 6902.0
791 0 6859.0
792 0 6870.0
793 0 6843.0
794 0 6847.0
795 0 6869.0
796 0 6840.0
797 0 6920.0
798 0 6937.0
799 0 6845.0
800 0 6922.0
801 0 6743.0
802 0 6955.0
803 0 6849.0
804 0 6861.0
805 0 6782.0
806 0 6775.0
807 0 6777.0
808 0 6749.0
809 0 6842.0
810 0 6797.0
811 0 6982.0
812 0 6958.0
813 0 6920.0
814 0 7024.0
815 0 7161.0
816 0 7215.0
817 0 7117.0
818 0 7041.0
819 0 7028.0
820 0 7043.0
821 0 6971.0
822 0 6955.0
823 0 7062.0
824 0 7139.0
825 0 7230.0
826 0 7181.0
827 0 7237.0
828 0 7209.0
829 0 7137.0
830 0 7163.0
831 0 6996.0
832 0 7037.0
833 0 7088.0
834 0 6961.0
835 0 6968.0
836 0 7030.0
837 0 7036.0
838 0 7000.0
839 0 6940.0
840 0 7086.0
841 0 7000.0
842 0 7067.0
843 0 7081.0
844 0 7013.0
845 0 7136.0
846 0 7012.0
847 0 6996.0
848 0 6946.0
849 0 6898.0
850 0 7034.0
851 0 6918.0
852 0 7061.0
853 0 7086.0
854 0 7115.0
855 0 7068.0
856 0 7093.0
857 0 7066.0
858 0 7048.0
859 0 7041.0
860 0 7106.0
861 0 7053.0
862 0 7098.0
863 0 7014.0
864 0 7051.0
865 0 6905.0
866 0 6932.0
867 0 6785.0
868 0 6931.0
869 0 6975.0
870 0 6983.0
871 0 7031.0
872 0 7161.0
873 0 7106.0
874 0 6993.0
875 0 7153.0
876 0 7184.0
877 0 7138.0
878 0 7230.0
879 0 7284.0
880 0 7184.0
881 0 7164.0
882 0 7004.0
883 0 7067.0
884 0 7296.0
885 0 7337.0
886 0 7228.0
887 0 7180.0
888 0 7194.0
889 0 7111.0
890 0 7097.0
891 0 7066.0
892 0 7212.0
893 0 7266.0
894 0 7326.0
895 0 7092.0
896 0 7026.0
897 0 7008.0
898 0 7076.0
899 0 7005.0
900 0 6852.0
901 0 6843.0
902 0 6915.0
903 0 6974.0
904 0 7043.0
905 0 7095.0
906 0 7171.0
907 0 7126.0
908 0 7190.0
909 0 7204.0
910 0 7068.0
911 0 7037.0
912 0 7113.0
913 0 7122.0
914 0 7272.0
915 0 7175.0
916 0 7238.0
917 0 7328.0
918 0 7164.0
919 0 7197.0
920 0 7072.0
921 0 7082.0
922 0 7110.0
923 0 7172.0
924 0 7231.0
925 0 7170.0
926 0 7208.0
927 0 7252.0
928 0 7303.0
929 0 7231.0
930 0 7198.0
931 0 7233.0
932 0 7255.0
933 0 7339.0
934 0 7178.0
935 0 7154.0
936 0 7202.0
937 0 7114.0
938 0 7138.0
939 0 7247.0
940 0 7282.0
941 0 7071.0
942 0 6940.0
943 0 7019.0
944 0 7081.0
945 0 7058.0
946 0 7055.0
947 0 7089.0
948 0 7043.0
949 0 7051.0
950 0 6954.0
951 0 6896.0
952 0 7059.0
953 0 7125.0
954 0 6918.0
955 0 7053.0
956 0 7000.0
957 0 6896.0
958 0 6941.0
959 0 6848.0
960 0 6986.0
961 0 6888.0
962 0 6823.0
963 0 6817.0
964 0 6908.0
965 0 6976.0
966 0 7038.0
967 0 7043.0
968 0 6995.0
969 0 7056.0
970 0 7079.0
971 0 7216.0
972 0 7145.0
973 0 7199.0
974 0 7128.0
975 0 7171.0
976 0 7052.0
977 0 7075.0
978 0 7197.0
979 0 7154.0
980 0 7234.0
981 0 7248.0
982 0 7325.0
983 0 7258.0
984 0 7193.0
985 0 7245.0
986 0 7323.0
987 0 7258.0
988 0 7325.0
989 0 7230.0
990 0 7135.0
991 0 7037.0
992 0 7001.0
993 0 7076.0
994 0 7006.0
995 0 7049.0
996 0 7018.0
997 0 7042.0
998 0 7064.0
999 0 7051.0
1000 0 6997.0
