1 1 15070.0
2 1 20657.0
3 1 26077.0
4 2 31362.0
5 2 36469.0
6 4 41531.0
7 4 46864.0
8 8 52054.0
9 6 57064.0
10 5 62076.0
11 5 67131.0
12 8 72210.0
13 10 77402.0
14 16 82539.0
15 19 87638.0
16 29 92689.0
17 34 97803.0
18 35 102815.0
19 38 108021.0
20 38 113100.0
21 42 118115.0
22 48 123157.0
23 63 128104.0
24 75 133139.0
25 78 138154.0
26 93 142967.0
27 89 148044.0
28 107 152761.0
29 127 157849.0
30 132 162598.0
31 143 167543.0
32 136 172286.0
33 167 177509.0
34 173 182415.0
35 195 187165.0
36 187 192193.0
37 186 197225.0
38 205 202115.0
39 228 207169.0
40 227 212077.0
41 253 217158.0
42 260 221925.0
43 275 226834.0
44 280 231531.0
45 297 236417.0
46 324 241366.0
47 358 246115.0
48 365 251085.0
49 339 256016.0
50 342 260792.0
51 357 265599.0
52 357 270574.0
53 402 275368.0
54 425 280218.0
55 456 285047.0
56 475 290074.0
57 524 294913.0
58 548 299593.0
59 580 304577.0
60 599 309364.0
61 580 314019.0
62 591 318832.0
63 629 323777.0
64 641 328679.0
65 710 333568.0
66 814 338453.0
67 811 343261.0
68 852 347803.0
69 907 352641.0
70 961 357414.0
71 1003 362070.0
72 1080 366848.0
73 1107 371435.0
74 1162 376036.0
75 1138 380790.0
76 1137 385559.0
77 1086 390296.0
78 1160 395028.0
79 1269 399584.0
80 1373 404170.0
81 1323 408905.0
82 1358 413574.0
83 1364 418052.0
84 1402 422401.0
85 1537 427049.0
86 1510 431617.0
87 1473 435928.0
88 1405 440531.0
89 1376 445053.0
90 1521 449550.0
91 1616 453975.0
92 1706 458367.0
93 1763 462956.0
94 1715 467660.0
95 1773 472210.0
96 1849 476562.0
97 2039 481016.0
98 1941 485675.0
99 1898 490210.0
100 1977 489659.0
101 1887 484357.0
102 1852 479034.0
103 1805 473791.0
104 1810 468421.0
105 1752 463106.0
106 1629 457819.0
107 1680 452543.0
108 1764 447281.0
109 1787 441766.0
110 1686 436442.0
111 1547 431204.0
112 1497 425898.0
113 1597 420781.0
114 1613 415328.0
115 1636 410237.0
116 1618 405104.0
117 1576 399942.0
118 1652 394651.0
119 1647 389577.0
120 1568 384484.0
121 1498 379557.0
122 1400 374472.0
123 1409 369272.0
124 1471 364182.0
125 1542 359152.0
126 1594 353994.0
127 1608 348965.0
128 1577 343726.0
129 1549 338733.0
130 1611 333591.0
131 1691 328457.0
132 1670 323162.0
133 1567 318159.0
134 1460 313274.0
135 1445 308264.0
136 1471 303269.0
137 1471 298486.0
138 1436 293598.0
139 1349 288675.0
140 1316 283875.0
141 1292 278867.0
142 1300 273849.0
143 1337 269009.0
144 1336 264324.0
145 1295 259603.0
146 1372 254494.0
147 1501 249655.0
148 1482 244944.0
149 1423 240379.0
150 1313 235717.0
151 1268 230959.0
152 1308 226182.0
153 1294 221546.0
154 1301 217018.0
155 1214 212391.0
156 1161 207749.0
157 1180 203187.0
158 1207 198595.0
159 1213 194218.0
160 1197 189701.0
161 1150 185244.0
162 1110 181024.0
163 1117 176677.0
164 1082 172450.0
165 1013 168154.0
166 967 163940.0
167 913 159876.0
168 931 155916.0
169 906 151847.0
170 884 148039.0
171 864 144229.0
172 834 140380.0
173 881 136496.0
174 854 132736.0
175 822 129127.0
176 800 125742.0
177 738 122312.0
178 755 118866.0
179 789 115472.0
180 750 112025.0
181 738 108770.0
182 727 105486.0
183 718 102278.0
184 669 99017.0
185 656 95833.0
186 655 92685.0
187 649 89874.0
188 639 86896.0
189 631 84248.0
190 640 81438.0
191 622 78811.0
192 536 76381.0
193 520 73726.0
194 530 71296.0
195 530 68855.0
196 503 66780.0
197 457 64741.0
198 403 62468.0
199 398 60258.0
200 398 58085.0
201 378 56171.0
202 375 54304.0
203 362 52439.0
204 345 50529.0
205 348 48594.0
206 309 46874.0
207 274 45102.0
208 241 43608.0
209 245 42046.0
210 245 40629.0
211 209 39109.0
212 190 37725.0
213 162 36473.0
214 134 35110.0
215 131 33897.0
216 136 32755.0
217 143 31576.0
218 147 30494.0
219 116 29490.0
220 114 28251.0
221 95 27195.0
222 85 26331.0
223 72 25405.0
224 64 24522.0
225 56 23684.0
226 49 23002.0
227 54 22190.0
228 45 21377.0
229 36 20562.0
230 38 20090.0
231 37 19458.0
232 38 19087.0
233 37 18450.0
234 34 17926.0
235 29 17241.0
236 25 16734.0
237 20 16236.0
238 14 15863.0
239 14 15336.0
240 12 14925.0
241 10 14489.0
242 8 14139.0
243 5 13920.0
244 4 13514.0
245 2 13142.0
246 3 12811.0
247 3 12526.0
248 3 12242.0
249 2 11928.0
250 1 11648.0
251 1 11452.0
252 2 11141.0
253 1 10758.0
254 1 10619.0
255 2 10536.0
256 1 10393.0
257 1 10138.0
258 0 9789.0
259 0 9690.0
260 0 9473.0
261 0 9150.0
262 0 9080.0
263 0 9093.0
264 0 8790.0
265 0 8660.0
266 0 8708.0
267 0 8672.0
268 0 8583.0
269 0 8547.0
270 0 8369.0
271 0 8131.0
272 0 8111.0
273 0 8124.0
274 0 8052.0
275 0 7823.0
276 2 7706.0
277 1 7658.0
278 1 7608.0
279 2 7669.0
280 1 7668.0
281 1 14106.0
282 0 19731.0
283 0 25217.0
284 0 30651.0
285 0 36047.0
286 0 41348.0
287 0 46782.0
288 0 51945.0
289 0 57008.0
290 0 57008.0
291 0 57008.0
292 0 57008.0
293 0 57008.0
294 0 57008.0
295 0 57008.0
296 0 57008.0
297 0 57008.0
298 0 57008.0
299 0 57008.0
300 0 57008.0
301 0 57008.0
302 0 57008.0
303 0 57008.0
304 0 57008.0
305 0 57008.0
306 0 57008.0
307 0 57008.0
308 0 57008.0
309 0 57008.0
310 0 57008.0
311 0 57008.0
312 0 57008.0
313 0 57008.0
314 0 57008.0
315 0 57008.0
316 0 57008.0
317 0 57008.0
318 0 57008.0
319 0 57008.0
320 0 57008.0
321 0 57008.0
322 0 57008.0
323 0 57008.0
324 0 57008.0
325 0 57008.0
326 0 57008.0
327 0 57008.0
328 0 57008.0
329 0 57008.0
330 0 57008.0
331 0 57008.0
332 0 57008.0
333 0 57008.0
334 0 57008.0
335 0 57008.0
336 0 57008.0
337 0 57008.0
338 0 57008.0
339 0 57008.0
340 0 57008.0
341 0 57008.0
342 0 57008.0
343 0 57008.0
344 0 57008.0
345 0 57008.0
346 0 57008.0
347 0 57008.0
348 0 57008.0
349 0 57008.0
350 0 57008.0
351 0 57008.0
352 0 57008.0
353 0 57008.0
354 0 57008.0
355 0 57008.0
356 0 57008.0
357 0 57008.0
358 0 57008.0
359 0 57008.0
360 0 57008.0
361 0 57008.0
362 0 57008.0
363 0 57008.0
364 0 57008.0
365 0 57008.0
366 0 57008.0
367 0 57008.0
368 0 57008.0
369 0 57008.0
370 0 57008.0
371 0 57008.0
372 0 57008.0
373 0 57008.0
374 0 57008.0
375 0 57008.0
376 0 57008.0
377 0 57008.0
378 0 57008.0
379 0 57008.0
380 0 57008.0
381 0 57008.0
382 0 57008.0
383 0 57008.0
384 0 57008.0
385 0 57008.0
386 0 57008.0
387 0 57008.0
388 0 57008.0
389 0 57008.0
390 0 57008.0
391 0 57008.0
392 0 57008.0
393 0 57008.0
394 0 57008.0
395 0 57008.0
396 0 57008.0
397 0 57008.0
398 0 57008.0
399 0 57008.0
400 0 57008.0
401 0 57008.0
402 0 57008.0
403 0 57008.0
404 0 57008.0
405 0 57008.0
406 0 57008.0
407 0 57008.0
408 0 57008.0
409 0 57008.0
410 0 57008.0
411 0 57008.0
412 0 57008.0
413 0 57008.0
414 0 57008.0
415 0 57008.0
416 0 57008.0
417 0 57008.0
418 0 57008.0
419 0 57008.0
420 0 57008.0
421 0 57008.0
422 0 57008.0
423 0 57008.0
424 0 57008.0
425 0 57008.0
426 0 57008.0
427 0 57008.0
428 0 57008.0
429 0 57008.0
430 0 57008.0
431 0 57008.0
432 0 57008.0
433 0 57008.0
434 0 57008.0
435 0 57008.0
436 0 57008.0
437 0 57008.0
438 0 57008.0
439 0 57008.0
440 0 57008.0
441 0 57008.0
442 0 57008.0
443 0 57008.0
444 0 57008.0
445 0 57008.0
446 0 57008.0
447 0 57008.0
448 0 57008.0
449 0 57008.0
450 0 57008.0
451 0 57008.0
452 0 57008.0
453 0 57008.0
454 0 57008.0
455 0 57008.0
456 0 57008.0
457 0 57008.0
458 0 57008.0
459 0 57008.0
460 0 57008.0
461 0 52590.0
462 0 48265.0
463 0 44349.0
464 0 40673.0
465 0 37258.0
466 0 34087.0
467 0 31381.0
468 0 28777.0
469 0 26639.0
470 0 24390.0
471 0 22586.0
472 0 20854.0
473 0 19321.0
474 0 18013.0
475 0 16880.0
476 0 15728.0
477 0 14726.0
478 0 13894.0
479 0 13217.0
480 0 12523.0
481 0 11887.0
482 0 11470.0
483 0 11022.0
484 0 10578.0
485 0 10215.0
486 0 9840.0
487 0 9517.0
488 0 9381.0
489 0 9195.0
490 0 9045.0
491 0 8667.0
492 0 8563.0
493 0 8323.0
494 0 8261.0
495 0 8313.0
496 0 8110.0
497 0 7911.0
498 0 7865.0
499 0 7725.0
500 0 7916.0
501 0 7853.0
502 0 7733.0
503 0 7697.0
504 0 7556.0
505 0 7520.0
506 0 7545.0
507 0 7529.0
508 0 7466.0
509 0 7314.0
510 0 7307.0
511 0 7438.0
512 0 7267.0
513 0 7202.0
514 0 7091.0
515 0 7180.0
516 0 7198.0
517 0 7238.0
518 0 7255.0
519 0 7258.0
520 0 7183.0
521 0 7279.0
522 0 7300.0
523 0 7209.0
524 0 7264.0
525 0 7293.0
526 0 7145.0
527 0 7149.0
528 0 7074.0
529 0 7008.0
530 0 6990.0
531 0 7082.0
532 0 7052.0
533 0 7108.0
534 0 7179.0
535 0 7074.0
536 0 7038.0
537 0 7125.0
538 0 7075.0
539 0 7182.0
540 0 7191.0
541 0 7232.0
542 0 7320.0
543 0 7164.0
544 0 7158.0
545 0 7138.0
546 0 7182.0
547 0 7167.0
548 0 7247.0
549 0 7115.0
550 0 7153.0
551 0 7067.0
552 0 7031.0
553 0 7028.0
554 0 7049.0
555 0 7073.0
556 0 7014.0
557 0 6965.0
558 0 7076.0
559 0 7158.0
560 0 7165.0
561 0 7136.0
562 0 7070.0
563 0 7003.0
564 0 6936.0
565 0 7040.0
566 0 7132.0
567 0 6936.0
568 0 6917.0
569 0 7049.0
570 0 7088.0
571 0 7007.0
572 0 7020.0
573 0 7083.0
574 0 7093.0
575 0 7138.0
576 0 7081.0
577 0 7101.0
578 0 7089.0
579 0 7157.0
580 0 7076.0
581 0 7088.0
582 0 7117.0
583 0 7110.0
584 0 7206.0
585 0 7125.0
586 0 7086.0
587 0 7123.0
588 0 7078.0
589 0 7037.0
590 0 7020.0
591 0 7036.0
592 0 6993.0
593 0 6989.0
594 0 6949.0
595 0 7080.0
596 0 7181.0
597 0 7178.0
598 0 7187.0
599 0 7113.0
600 0 7012.0
601 0 7058.0
602 0 6935.0
603 0 6977.0
604 0 6931.0
605 0 6946.0
606 0 7037.0
607 0 7140.0
608 0 7105.0
609 0 7084.0
610 0 6992.0
611 0 6958.0
612 0 6979.0
613 0 7033.0
614 0 7014.0
615 0 7076.0
616 0 7186.0
617 0 7166.0
618 0 7194.0
619 0 7253.0
620 0 7255.0
621 0 7199.0
622 0 7163.0
623 0 7173.0
624 0 7151.0
625 0 7197.0
626 0 7144.0
627 0 7125.0
628 0 7143.0
629 0 7148.0
630 0 7172.0
631 0 7217.0
632 0 7163.0
633 0 7041.0
634 0 6996.0
635 0 6972.0
636 0 6987.0
637 0 7012.0
638 0 7096.0
639 0 7022.0
640 0 6933.0
641 0 6840.0
642 0 6954.0
643 0 6763.0
644 0 6865.0
645 0 6961.0
646 0 6938.0
647 0 7057.0
648 0 7058.0
649 0 7038.0
650 0 7092.0
651 0 7173.0
652 0 7157.0
653 0 7189.0
654 0 7031.0
655 0 7022.0
656 0 7006.0
657 0 6995.0
658 0 7102.0
659 0 7088.0
660 0 7003.0
661 0 7062.0
662 0 7116.0
663 0 7156.0
664 0 7107.0
665 0 7148.0
666 0 7039.0
667 0 7095.0
668 0 7038.0
669 0 7151.0
670 0 7176.0
671 0 7162.0
672 0 7200.0
673 0 7143.0
674 0 7102.0
675 0 7127.0
676 0 7263.0
677 0 7186.0
678 0 7183.0
679 0 7145.0
680 0 7091.0
681 0 7063.0
682 0 6986.0
683 0 7004.0
684 0 6947.0
685 0 6940.0
686 0 6869.0
687 0 6977.0
688 0 7038.0
689 0 7128.0
690 0 7027.0
691 0 7060.0
692 0 7054.0
693 0 6983.0
694 0 7025.0
695 0 7086.0
696 0 7094.0
697 0 7133.0
698 0 7190.0
699 0 7166.0
700 0 7248.0
701 0 7309.0
702 0 7175.0
703 0 7085.0
704 0 7068.0
705 0 7135.0
706 0 7107.0
707 0 7062.0
708 0 7103.0
709 0 7243.0
710 0 7147.0
711 0 7221.0
712 0 7116.0
713 0 7111.0
714 0 7150.0
715 0 7191.0
716 0 7162.0
717 0 7142.0
718 0 7041.0
719 0 6931.0
720 0 7029.0
721 0 6923.0
722 0 6822.0
723 0 6819.0
724 0 6699.0
725 0 6886.0
726 0 6900.0
727 0 6979.0
728 0 6914.0
729 0 6885.0
730 0 6983.0
731 0 6945.0
732 0 6857.0
733 0 6891.0
734 0 6935.0
735 0 6960.0
736 0 7073.0
737 0 7098.0
738 0 7131.0
739 0 7063.0
740 0 7048.0
741 0 7050.0
742 0 7086.0
743 0 7210.0
744 0 7000.0
745 0 7036.0
746 0 7128.0
747 0 7172.0
748 0 7039.0
749 0 7024.0
750 0 6982.0
751 0 7022.0
752 0 7131.0
753 0 6996.0
754 0 6933.0
755 0 7026.0
756 0 7073.0
757 0 7066.0
758 0 6951.0
759 0 7069.0
760 0 7119.0
761 0 7057.0
762 0 7113.0
763 0 7168.0
764 0 7150.0
765 0 7095.0
766 0 7082.0
767 0 7011.0
768 0 7271.0
769 0 7156.0
770 0 7082.0
771 0 6975.0
772 0 7082.0
773 0 7095.0
774 0 7091.0
775 0 7035.0
776 0 7077.0
777 0 7115.0
778 0 7087.0
779 0 6928.0
780 0 6987.0
781 0 6988.0
782 0 7085.0
783 0 7080.0
784 0 7152.0
785 0 7128.0
786 0 7263.0
787 0 7164.0
788 0 7214.0
789 0 7162.0
790 0 7155.0
791 0 7040.0
792 0 7167.0
793 0 7160.0
794 0 7117.0
795 0 7078.0
796 0 7033.0
797 0 7007.0
798 0 7131.0
799 0 7189.0
800 0 7312.0
801 0 7261.0
802 0 7182.0
803 0 7154.0
804 0 7228.0
805 0 7115.0
806 0 7029.0
807 0 7114.0
808 0 7086.0
809 0 7145.0
810 0 7155.0
811 0 7275.0
812 0 7282.0
813 0 7250.0
814 0 7352.0
815 0 7308.0
816 0 7134.0
817 0 7146.0
818 0 7124.0
819 0 7113.0
820 0 7116.0
821 0 7106.0
822 0 7102.0
823 0 7047.0
824 0 7200.0
825 0 7125.0
826 0 7054.0
827 0 7100.0
828 0 7164.0
829 0 7193.0
830 0 7227.0
831 0 7143.0
832 0 7122.0
833 0 7114.0
834 0 7254.0
835 0 7319.0
836 0 7265.0
837 0 7219.0
838 0 7220.0
839 0 7246.0
840 0 7213.0
841 0 7106.0
842 0 7059.0
843 0 7125.0
844 0 7086.0
845 0 7117.0
846 0 7135.0
847 0 7152.0
848 0 7213.0
849 0 7115.0
850 0 7099.0
851 0 7261.0
852 0 7290.0
853 0 7328.0
854 0 7340.0
855 0 7410.0
856 0 7432.0
857 0 7382.0
858 0 7146.0
859 0 7104.0
860 0 7127.0
861 0 7094.0
862 0 7002.0
863 0 7057.0
864 0 7103.0
865 0 7094.0
866 0 7000.0
867 0 6997.0
868 0 7020.0
869 0 7087.0
870 0 7032.0
871 0 7089.0
872 0 7242.0
873 0 7166.0
874 0 7088.0
875 0 7101.0
876 0 6988.0
877 0 6960.0
878 0 7009.0
879 0 7033.0
880 0 6999.0
881 0 7066.0
882 0 6999.0
883 0 7055.0
884 0 7054.0
885 0 7113.0
886 0 7186.0
887 0 7235.0
888 0 7214.0
889 0 7066.0
890 0 7060.0
891 0 7011.0
892 0 6993.0
893 0 6952.0
894 0 7143.0
895 0 7069.0
896 0 7107.0
897 0 6917.0
898 0 6887.0
899 0 6970.0
900 0 6990.0
901 0 6912.0
902 0 6886.0
903 0 7037.0
904 0 7082.0
905 0 7086.0
906 0 6991.0
907 0 6999.0
908 0 7021.0
909 0 6905.0
910 0 6875.0
911 0 6968.0
912 0 7023.0
913 0 6940.0
914 0 7032.0
915 0 6923.0
916 0 7011.0
917 0 7029.0
918 0 7072.0
919 0 7054.0
920 0 7087.0
921 0 7159.0
922 0 7124.0
923 0 7150.0
924 0 7082.0
925 0 7102.0
926 0 7091.0
927 0 7098.0
928 0 7146.0
929 0 7236.0
930 0 7151.0
931 0 7153.0
932 0 7130.0
933 0 7014.0
934 0 6873.0
935 0 6913.0
936 0 6773.0
937 0 6722.0
938 0 6881.0
939 0 6918.0
940 0 6883.0
941 0 7020.0
942 0 6874.0
943 0 6954.0
944 0 6990.0
945 0 6876.0
946 0 6924.0
947 0 7014.0
948 0 6935.0
949 0 6905.0
950 0 6910.0
951 0 7027.0
952 0 7091.0
953 0 7083.0
954 0 7135.0
955 0 7129.0
956 0 7042.0
957 0 7081.0
958 0 7038.0
959 0 6979.0
960 0 6858.0
961 0 7034.0
962 0 7098.0
963 0 7120.0
964 0 7088.0
965 0 7090.0
966 0 7108.0
967 0 7045.0
968 0 7029.0
969 0 6967.0
970 0 7000.0
971 0 7047.0
972 0 7110.0
973 0 7083.0
974 0 7147.0
975 0 7164.0
976 0 7146.0
977 0 7275.0
978 0 7144.0
979 0 7130.0
980 0 7122.0
981 0 7105.0
982 0 7131.0
983 0 7071.0
984 0 7204.0
985 0 7225.0
986 0 7309.0
987 0 7337.0
988 0 7320.0
989 0 7222.0
990 0 7188.0
991 0 7125.0
992 0 7110.0
993 0 7128.0
994 0 7023.0
995 0 6967.0
996 0 6929.0
997 0 7098.0
998 0 7029.0
999 0 7038.0
1000 0 7209.0
