1 1 14917.0
2 2 20601.0
3 2 26144.0
4 4 31592.0
5 3 37086.0
6 6 42363.0
7 5 47498.0
8 9 52430.0
9 7 57670.0
10 8 62717.0
11 7 67833.0
12 8 73059.0
13 12 77866.0
14 11 82769.0
15 21 87576.0
16 21 92565.0
17 30 97684.0
18 24 102775.0
19 29 107752.0
20 28 112734.0
21 30 117793.0
22 31 122708.0
23 38 127827.0
24 45 132995.0
25 51 138066.0
26 55 143084.0
27 53 148084.0
28 61 153153.0
29 63 158031.0
30 68 163088.0
31 83 168135.0
32 109 173167.0
33 143 177985.0
34 163 182857.0
35 160 187550.0
36 149 192494.0
37 162 197433.0
38 181 202291.0
39 242 207271.0
40 251 212222.0
41 260 217007.0
42 242 221895.0
43 227 226908.0
44 247 231880.0
45 265 236768.0
46 292 241600.0
47 317 246457.0
48 314 251329.0
49 344 256130.0
50 365 261153.0
51 354 265860.0
52 396 270551.0
53 425 275383.0
54 468 280260.0
55 513 285056.0
56 542 289910.0
57 567 294671.0
58 610 299390.0
59 641 303983.0
60 661 308704.0
61 641 313496.0
62 633 318422.0
63 624 323292.0
64 656 328032.0
65 650 332781.0
66 698 337518.0
67 688 342248.0
68 733 347098.0
69 753 352036.0
70 800 356800.0
71 893 361646.0
72 933 366671.0
73 889 371295.0
74 921 375903.0
75 977 380662.0
76 1068 385418.0
77 1077 390133.0
78 1187 394808.0
79 1269 399597.0
80 1324 404356.0
81 1317 408915.0
82 1332 413468.0
83 1308 417989.0
84 1329 422543.0
85 1359 427302.0
86 1463 432011.0
87 1536 436572.0
88 1595 441285.0
89 1585 445832.0
90 1581 450290.0
91 1686 454810.0
92 1807 459351.0
93 1829 463841.0
94 1799 468475.0
95 1806 472913.0
96 1892 477534.0
97 1989 482119.0
98 1959 486401.0
99 1950 491027.0
100 1991 495323.0
101 2068 499593.0
102 2150 504206.0
103 2205 508678.0
104 2168 513119.0
105 2279 517645.0
106 2387 522123.0
107 2456 526380.0
108 2504 530583.0
109 2479 535121.0
110 2454 539350.0
111 2587 543593.0
112 2670 547744.0
113 2735 551947.0
114 2888 556098.0
115 2871 560417.0
116 2842 564614.0
117 2868 568869.0
118 3079 572864.0
119 3332 577016.0
120 3341 580933.0
121 3269 585381.0
122 3046 589597.0
123 3173 593913.0
124 3343 598045.0
125 3457 602355.0
126 3463 606366.0
127 3558 610498.0
128 3570 614633.0
129 3608 618750.0
130 3680 622513.0
131 3648 626593.0
132 3537 630577.0
133 3707 634476.0
134 3839 638321.0
135 3984 642335.0
136 4104 645859.0
137 4280 649660.0
138 4267 653479.0
139 4274 657392.0
140 4318 661289.0
141 4427 665095.0
142 4649 669021.0
143 4598 672613.0
144 4569 676710.0
145 4470 680401.0
146 4542 684274.0
147 4642 687769.0
148 4902 691489.0
149 5023 695041.0
150 5135 698683.0
151 5080 702286.0
152 5146 705957.0
153 5175 709666.0
154 5435 713040.0
155 5599 716352.0
156 5605 719653.0
157 5585 723190.0
158 5650 726758.0
159 5742 730034.0
160 5946 733605.0
161 5979 736796.0
162 6068 740400.0
163 6046 743760.0
164 6177 747223.0
165 6301 750101.0
166 6648 753514.0
167 6405 756609.0
168 6479 760013.0
169 6446 763272.0
170 6589 766506.0
171 6602 769842.0
172 6569 773133.0
173 6715 776534.0
174 6859 779753.0
175 6955 782571.0
176 7178 785743.0
177 7222 788932.0
178 7193 791966.0
179 7079 794961.0
180 7082 798180.0
181 7291 801102.0
182 7663 803935.0
183 7727 806826.0
184 7915 809673.0
185 8084 812544.0
186 7913 815384.0
187 7908 818223.0
188 8154 820873.0
189 8422 823601.0
190 8680 826080.0
191 8529 829125.0
192 8177 831779.0
193 8702 834746.0
194 9042 837067.0
195 9275 839370.0
196 9136 842078.0
197 8846 844802.0
198 8857 847245.0
199 9217 849648.0
200 9440 846820.0
201 9138 840333.0
202 8641 833969.0
203 8255 827784.0
204 7708 821744.0
205 7419 815955.0
206 7310 809766.0
207 7290 803675.0
208 6988 797601.0
209 6771 791851.0
210 6646 786071.0
211 6834 780084.0
212 6996 774039.0
213 6984 768054.0
214 7043 762282.0
215 6790 756530.0
216 6593 750723.0
217 6677 744745.0
218 6699 738845.0
219 6792 732989.0
220 6886 726888.0
221 6970 721246.0
222 6850 715445.0
223 6707 709693.0
224 6679 704086.0
225 6774 698256.0
226 6749 692389.0
227 6620 686625.0
228 6636 680861.0
229 6789 674874.0
230 6947 669043.0
231 6812 663203.0
232 6681 657866.0
233 6352 652198.0
234 6417 646397.0
235 6555 640828.0
236 6704 635197.0
237 6831 629574.0
238 6783 624180.0
239 6750 618510.0
240 6508 612830.0
241 6637 607332.0
242 6563 601667.0
243 6409 596345.0
244 6318 590294.0
245 6664 584857.0
246 6507 579288.0
247 6538 573771.0
248 6523 568409.0
249 6416 562978.0
250 6431 557757.0
251 6517 552230.0
252 6590 546816.0
253 6681 541436.0
254 6496 536153.0
255 6330 530919.0
256 6158 525489.0
257 6314 520171.0
258 6315 514841.0
259 6310 509571.0
260 6334 504274.0
261 6286 498949.0
262 6128 493818.0
263 6154 488384.0
264 6084 483352.0
265 5888 478012.0
266 6150 472874.0
267 6069 467748.0
268 6138 462847.0
269 5971 457864.0
270 5861 452904.0
271 5802 447898.0
272 5866 442968.0
273 5907 437921.0
274 5930 432914.0
275 5879 427949.0
276 5897 423126.0
277 5828 418255.0
278 5900 413426.0
279 5960 408304.0
280 5935 403349.0
281 5940 398386.0
282 6052 393418.0
283 6259 388379.0
284 6304 383516.0
285 6050 378838.0
286 5903 374246.0
287 5658 369572.0
288 5470 364845.0
289 5598 360043.0
290 5900 355162.0
291 6025 350396.0
292 5778 345745.0
293 5540 341501.0
294 5514 336703.0
295 5736 332092.0
296 5823 327636.0
297 5588 323165.0
298 5438 318760.0
299 5276 314610.0
300 5170 310266.0
301 5246 305834.0
302 5189 301521.0
303 5048 297216.0
304 4956 293066.0
305 4925 288755.0
306 4992 284617.0
307 5117 280319.0
308 5159 276043.0
309 5233 271896.0
310 5112 267817.0
311 4983 263390.0
312 5036 259238.0
313 4880 255019.0
314 4990 251164.0
315 4886 247031.0
316 4758 243083.0
317 4675 239162.0
318 4518 235385.0
319 4269 231539.0
320 4323 227561.0
321 4556 223634.0
322 4676 219574.0
323 4530 215852.0
324 4526 212141.0
325 4466 208262.0
326 4256 204675.0
327 4084 201214.0
328 4025 197672.0
329 4002 194022.0
330 4007 190439.0
331 4115 186898.0
332 4137 183373.0
333 4206 179822.0
334 4181 176434.0
335 3957 172992.0
336 3769 169727.0
337 3627 166471.0
338 3618 163390.0
339 3720 159970.0
340 3921 156757.0
341 3908 153715.0
342 3635 150688.0
343 3457 147796.0
344 3418 144676.0
345 3337 141637.0
346 3261 138733.0
347 3242 135870.0
348 3155 132917.0
349 3196 130300.0
350 3186 127380.0
351 3238 124637.0
352 3183 121784.0
353 3165 119215.0
354 3116 116664.0
355 3182 114003.0
356 3135 111147.0
357 2951 108620.0
358 2922 106173.0
359 2962 103487.0
360 2887 101198.0
361 2617 98962.0
362 2621 96568.0
363 2688 94138.0
364 2661 91626.0
365 2546 89306.0
366 2536 87197.0
367 2483 85036.0
368 2390 83159.0
369 2291 80959.0
370 2276 78886.0
371 2238 76826.0
372 2233 74865.0
373 2188 72971.0
374 2113 71251.0
375 1973 69410.0
376 1900 67433.0
377 1891 65715.0
378 1907 63978.0
379 1872 62277.0
380 1782 60731.0
381 1711 59156.0
382 1689 57636.0
383 1578 56140.0
384 1539 54646.0
385 1511 53053.0
386 1406 51666.0
387 1391 50402.0
388 1290 49017.0
389 1242 47777.0
390 1297 46358.0
391 1352 45101.0
392 1321 43788.0
393 1283 42672.0
394 1227 41488.0
395 1143 40357.0
396 1109 39355.0
397 1054 38421.0
398 1006 37276.0
399 938 36223.0
400 941 35271.0
401 944 34269.0
402 963 33216.0
403 1026 32332.0
404 957 31429.0
405 907 30595.0
406 856 29784.0
407 808 29010.0
408 802 28277.0
409 767 27538.0
410 735 26772.0
411 729 25893.0
412 715 25193.0
413 700 24444.0
414 682 23726.0
415 690 23064.0
416 647 22391.0
417 609 21844.0
418 613 21350.0
419 595 20754.0
420 550 20276.0
421 509 19735.0
422 437 19258.0
423 424 18906.0
424 408 18431.0
425 409 17987.0
426 385 17617.0
427 349 17144.0
428 339 16756.0
429 307 16375.0
430 284 15963.0
431 253 15753.0
432 240 15401.0
433 223 15129.0
434 189 14862.0
435 177 14556.0
436 168 14354.0
437 160 14115.0
438 143 13895.0
439 120 13700.0
440 96 13493.0
441 80 13234.0
442 76 12982.0
443 63 12657.0
444 61 12578.0
445 55 12206.0
446 45 12117.0
447 36 11893.0
448 49 11731.0
449 40 11640.0
450 35 11404.0
451 32 11247.0
452 38 11151.0
453 35 11019.0
454 34 10830.0
455 28 10840.0
456 29 10734.0
457 27 10465.0
458 21 10429.0
459 12 10225.0
460 7 10091.0
461 6 9971.0
462 5 9710.0
463 9 9613.0
464 7 9492.0
465 9 9459.0
466 9 9378.0
467 6 9217.0
468 4 9057.0
469 5 8931.0
470 4 8868.0
471 2 8851.0
472 4 8701.0
473 4 8634.0
474 8 8574.0
475 6 8466.0
476 5 8241.0
477 3 8190.0
478 2 8168.0
479 2 8143.0
480 2 8087.0
481 1 8086.0
482 1 8024.0
483 2 8045.0
484 2 7982.0
485 4 7863.0
486 3 7885.0
487 5 7900.0
488 4 7835.0
489 3 7690.0
490 3 7756.0
491 3 7773.0
492 2 7719.0
493 2 7726.0
494 1 7751.0
495 1 7750.0
496 0 7611.0
497 0 7484.0
498 0 7398.0
499 0 7434.0
500 0 7372.0
501 0 7407.0
502 0 7317.0
503 0 7399.0
504 0 7305.0
505 0 7249.0
506 0 7261.0
507 0 7322.0
508 0 7251.0
509 0 7218.0
510 0 7167.0
511 0 7106.0
512 0 7088.0
513 0 7116.0
514 0 7147.0
515 0 7197.0
516 0 7267.0
517 0 7315.0
518 0 7310.0
519 0 7450.0
520 0 7484.0
521 0 7334.0
522 0 7306.0
523 0 7287.0
524 0 7180.0
525 0 7144.0
526 0 7146.0
527 0 7210.0
528 0 7175.0
529 0 7195.0
530 0 7262.0
531 0 7341.0
532 0 7285.0
533 0 7161.0
534 0 7272.0
535 0 7219.0
536 0 7220.0
537 0 7254.0
538 0 7297.0
539 0 7328.0
540 0 7171.0
541 0 7120.0
542 0 7190.0
543 0 7177.0
544 0 7197.0
545 0 7123.0
546 0 7125.0
547 0 7256.0
548 0 7169.0
549 0 7077.0
550 0 7093.0
551 0 7036.0
552 0 7198.0
553 0 7118.0
554 0 7090.0
555 0 7040.0
556 0 6977.0
557 0 7104.0
558 0 7078.0
559 0 6958.0
560 0 7077.0
561 0 7119.0
562 0 7059.0
563 0 6961.0
564 0 6963.0
565 0 6925.0
566 0 7019.0
567 0 7025.0
568 0 6936.0
569 0 7060.0
570 0 7035.0
571 0 6945.0
572 0 7088.0
573 0 7173.0
574 0 7134.0
575 0 7022.0
576 0 7052.0
577 0 7098.0
578 0 7048.0
579 0 7103.0
580 0 7066.0
581 0 7049.0
582 0 7259.0
583 0 7331.0
584 0 7271.0
585 0 7245.0
586 0 7207.0
587 0 7079.0
588 0 7224.0
589 0 7265.0
590 0 7145.0
591 0 7213.0
592 0 7178.0
593 0 7270.0
594 0 7183.0
595 0 7145.0
596 0 7290.0
597 0 7181.0
598 0 7219.0
599 0 7062.0
600 0 7062.0
601 0 7062.0
602 0 7062.0
603 0 7062.0
604 0 7062.0
605 0 7062.0
606 0 7062.0
607 0 7062.0
608 0 7062.0
609 0 7062.0
610 0 7062.0
611 0 7062.0
612 0 7062.0
613 0 7062.0
614 0 7062.0
615 0 7062.0
616 0 7062.0
617 0 7062.0
618 0 7062.0
619 0 7062.0
620 0 7062.0
621 0 7062.0
622 0 7062.0
623 0 7062.0
624 0 7062.0
625 0 7062.0
626 0 7062.0
627 0 7062.0
628 0 7062.0
629 0 7062.0
630 0 7062.0
631 0 7062.0
632 0 7062.0
633 0 7062.0
634 0 7062.0
635 0 7062.0
636 0 7062.0
637 0 7062.0
638 0 7062.0
639 0 7062.0
640 0 7062.0
641 0 7062.0
642 0 7062.0
643 0 7062.0
644 0 7062.0
645 0 7062.0
646 0 7062.0
647 0 7062.0
648 0 7062.0
649 0 7062.0
650 0 7062.0
651 0 7062.0
652 0 7062.0
653 0 7062.0
654 0 7062.0
655 0 7062.0
656 0 7062.0
657 0 7062.0
658 0 7062.0
659 0 7062.0
660 0 7062.0
661 0 7062.0
662 0 7062.0
663 0 7062.0
664 0 7062.0
665 0 7062.0
666 0 7062.0
667 0 7062.0
668 0 7062.0
669 0 7062.0
670 0 7062.0
671 0 7062.0
672 0 7062.0
673 0 7062.0
674 0 7062.0
675 0 7062.0
676 0 7062.0
677 0 7062.0
678 0 7062.0
679 0 7062.0
680 0 7062.0
681 0 7062.0
682 0 7062.0
683 0 7062.0
684 0 7062.0
685 0 7062.0
686 0 7062.0
687 0 7062.0
688 0 7062.0
689 0 7062.0
690 0 7062.0
691 0 7062.0
692 0 7062.0
693 0 7062.0
694 0 7062.0
695 0 7062.0
696 0 7062.0
697 0 7062.0
698 0 7062.0
699 0 7062.0
700 0 7062.0
701 0 7062.0
702 0 7062.0
703 0 7062.0
704 0 7062.0
705 0 7062.0
706 0 7062.0
707 0 7062.0
708 0 7062.0
709 0 7062.0
710 0 7062.0
711 0 7062.0
712 0 7062.0
713 0 7062.0
714 0 7062.0
715 0 7062.0
716 0 7062.0
717 0 7062.0
718 0 7062.0
719 0 7062.0
720 0 7062.0
721 0 7062.0
722 0 7062.0
723 0 7062.0
724 0 7062.0
725 0 7062.0
726 0 7062.0
727 0 7062.0
728 0 7062.0
729 0 7062.0
730 0 7062.0
731 0 7062.0
732 0 7062.0
733 0 7062.0
734 0 7062.0
735 0 7062.0
736 0 7062.0
737 0 7062.0
738 0 7062.0
739 0 7062.0
740 0 7062.0
741 0 7062.0
742 0 7062.0
743 0 7062.0
744 0 7062.0
745 0 7062.0
746 0 7062.0
747 0 7062.0
748 0 7062.0
749 0 7062.0
750 0 7062.0
751 0 7062.0
752 0 7062.0
753 0 7062.0
754 0 7062.0
755 0 7062.0
756 0 7062.0
757 0 7062.0
758 0 7062.0
759 0 7062.0
760 0 7062.0
761 0 7062.0
762 0 7062.0
763 0 7062.0
764 0 7062.0
765 0 7062.0
766 0 7062.0
767 0 7062.0
768 0 7062.0
769 0 7062.0
770 0 7062.0
771 0 7062.0
772 0 7062.0
773 0 7062.0
774 0 7062.0
775 0 7062.0
776 0 7062.0
777 0 7062.0
778 0 7062.0
779 0 7062.0
780 0 7062.0
781 0 7062.0
782 0 7062.0
783 0 7062.0
784 0 7062.0
785 0 7062.0
786 0 7062.0
787 0 7062.0
788 0 7062.0
789 0 7062.0
790 0 7062.0
791 0 7062.0
792 0 7062.0
793 0 7062.0
794 0 7062.0
795 0 7062.0
796 0 7062.0
797 0 7062.0
798 0 7062.0
799 0 7062.0
800 0 7062.0
801 0 7062.0
802 0 7062.0
803 0 7062.0
804 0 7062.0
805 0 7062.0
806 0 7062.0
807 0 7062.0
808 0 7062.0
809 0 7062.0
810 0 7062.0
811 0 7062.0
812 0 7062.0
813 0 7062.0
814 0 7062.0
815 0 7062.0
816 0 7062.0
817 0 7062.0
818 0 7062.0
819 0 7062.0
820 0 7062.0
821 0 7062.0
822 0 7062.0
823 0 7062.0
824 0 7062.0
825 0 7062.0
826 0 7062.0
827 0 7062.0
828 0 7062.0
829 0 7062.0
830 0 7062.0
831 0 7062.0
832 0 7062.0
833 0 7062.0
834 0 7062.0
835 0 7062.0
836 0 7062.0
837 0 7062.0
838 0 7062.0
839 0 7062.0
840 0 7062.0
841 0 7062.0
842 0 7062.0
843 0 7062.0
844 0 7062.0
845 0 7062.0
846 0 7062.0
847 0 7062.0
848 0 7062.0
849 0 7062.0
850 0 7062.0
851 0 7062.0
852 0 7062.0
853 0 7062.0
854 0 7062.0
855 0 7062.0
856 0 7062.0
857 0 7062.0
858 0 7062.0
859 0 7062.0
860 0 7062.0
861 0 7062.0
862 0 7062.0
863 0 7062.0
864 0 7062.0
865 0 7062.0
866 0 7062.0
867 0 7062.0
868 0 7062.0
869 0 7062.0
870 0 7062.0
871 0 7062.0
872 0 7062.0
873 0 7062.0
874 0 7062.0
875 0 7062.0
876 0 7062.0
877 0 7062.0
878 0 7062.0
879 0 7062.0
880 0 7062.0
881 0 7062.0
882 0 7062.0
883 0 7062.0
884 0 7062.0
885 0 7062.0
886 0 7062.0
887 0 7062.0
888 0 7062.0
889 0 7062.0
890 0 7062.0
891 0 7062.0
892 0 7062.0
893 0 7062.0
894 0 7062.0
895 0 7062.0
896 0 7062.0
897 0 7062.0
898 0 7062.0
899 0 7062.0
900 0 7062.0
901 0 7062.0
902 0 7062.0
903 0 7062.0
904 0 7062.0
905 0 7062.0
906 0 7062.0
907 0 7062.0
908 0 7062.0
909 0 7062.0
910 0 7062.0
911 0 7062.0
912 0 7062.0
913 0 7062.0
914 0 7062.0
915 0 7062.0
916 0 7062.0
917 0 7062.0
918 0 7062.0
919 0 7062.0
920 0 7062.0
921 0 7062.0
922 0 7062.0
923 0 7062.0
924 0 7062.0
925 0 7062.0
926 0 7062.0
927 0 7062.0
928 0 7062.0
929 0 7062.0
930 0 7062.0
931 0 7062.0
932 0 7062.0
933 0 7062.0
934 0 7062.0
935 0 7062.0
936 0 7062.0
937 0 7062.0
938 0 7062.0
939 0 7062.0
940 0 7062.0
941 0 7062.0
942 0 7062.0
943 0 7062.0
944 0 7062.0
945 0 7062.0
946 0 7062.0
947 0 7062.0
948 0 7062.0
949 0 7062.0
950 0 7062.0
951 0 7062.0
952 0 7062.0
953 0 7062.0
954 0 7062.0
955 0 7062.0
956 0 7062.0
957 0 7062.0
958 0 7062.0
959 0 7062.0
960 0 7062.0
961 0 7062.0
962 0 7062.0
963 0 7062.0
964 0 7062.0
965 0 7062.0
966 0 7062.0
967 0 7062.0
968 0 7062.0
969 0 7062.0
970 0 7062.0
971 0 7062.0
972 0 7062.0
973 0 7062.0
974 0 7062.0
975 0 7062.0
976 0 7062.0
977 0 7062.0
978 0 7062.0
979 0 7062.0
980 0 7062.0
981 0 7062.0
982 0 7062.0
983 0 7062.0
984 0 7062.0
985 0 7062.0
986 0 7062.0
987 0 7062.0
988 0 7062.0
989 0 7062.0
990 0 7062.0
991 0 7062.0
992 0 7062.0
993 0 7062.0
994 0 7062.0
995 0 7062.0
996 0 7062.0
997 0 7062.0
998 0 7062.0
999 0 7062.0
1000 0 7062.0
