1 1 15043.0
2 2 20670.0
3 2 25972.0
4 2 31302.0
5 2 36554.0
6 4 41887.0
7 3 46967.0
8 5 51961.0
9 5 57006.0
10 4 62083.0
11 4 67289.0
12 8 72214.0
13 8 77286.0
14 16 82339.0
15 14 87308.0
16 19 92175.0
17 16 97213.0
18 17 102294.0
19 22 107374.0
20 31 112385.0
21 35 117191.0
22 51 122241.0
23 47 127271.0
24 54 132221.0
25 62 137201.0
26 78 142044.0
27 75 146996.0
28 86 152019.0
29 86 157180.0
30 106 162170.0
31 104 167258.0
32 122 172263.0
33 118 177290.0
34 138 182096.0
35 147 187078.0
36 165 192164.0
37 181 197153.0
38 178 202194.0
39 187 207165.0
40 190 211938.0
41 222 216976.0
42 219 222023.0
43 247 226874.0
44 252 231639.0
45 268 236608.0
46 304 241734.0
47 322 246703.0
48 324 251763.0
49 337 256586.0
50 367 261442.0
51 352 266408.0
52 376 271207.0
53 419 276043.0
54 447 280979.0
55 483 285937.0
56 542 290740.0
57 583 295555.0
58 593 300399.0
59 557 305266.0
60 604 310154.0
61 623 314895.0
62 623 319779.0
63 651 324543.0
64 654 329380.0
65 701 334254.0
66 748 339001.0
67 822 343608.0
68 805 348461.0
69 879 353056.0
70 871 357915.0
71 891 362576.0
72 936 367325.0
73 998 372207.0
74 1000 376707.0
75 989 381270.0
76 1044 386011.0
77 1138 390646.0
78 1198 395290.0
79 1234 399828.0
80 1255 404644.0
81 1240 409364.0
82 1265 414025.0
83 1271 418723.0
84 1326 423385.0
85 1397 427984.0
86 1446 432423.0
87 1532 436984.0
88 1576 441349.0
89 1664 445974.0
90 1712 450487.0
91 1732 454922.0
92 1766 459589.0
93 1857 464220.0
94 1886 468830.0
95 1879 473156.0
96 1899 477776.0
97 1933 482306.0
98 1974 486841.0
99 2048 491244.0
100 2120 495775.0
101 2127 500114.0
102 2110 504735.0
103 2110 509153.0
104 2199 513496.0
105 2338 518000.0
106 2451 522503.0
107 2437 526761.0
108 2464 531341.0
109 2502 535566.0
110 2593 539859.0
111 2634 544189.0
112 2795 548353.0
113 2894 552420.0
114 2829 556874.0
115 2882 561174.0
116 2974 565384.0
117 2956 569537.0
118 3009 573778.0
119 3081 578002.0
120 3141 582130.0
121 3192 586268.0
122 3335 589977.0
123 3463 594059.0
124 3351 598019.0
125 3355 602164.0
126 3414 606332.0
127 3603 610345.0
128 3804 614261.0
129 3909 618204.0
130 3846 622161.0
131 3760 626143.0
132 3809 630274.0
133 3874 634239.0
134 3956 638023.0
135 4099 641836.0
136 4118 645667.0
137 4106 649513.0
138 4142 653533.0
139 4093 657177.0
140 4155 660940.0
141 4471 664740.0
142 4609 668475.0
143 4547 672413.0
144 4415 675966.0
145 4708 679576.0
146 4743 683075.0
147 4899 686651.0
148 5103 690542.0
149 4935 694053.0
150 4859 697617.0
151 4939 701197.0
152 5342 704670.0
153 5624 708235.0
154 5443 711710.0
155 5396 715235.0
156 5527 718693.0
157 5731 722039.0
158 5948 725359.0
159 5834 728972.0
160 5753 732458.0
161 5763 736169.0
162 5773 739384.0
163 6064 742776.0
164 6261 745920.0
165 6283 749253.0
166 6289 752594.0
167 6248 755938.0
168 6378 759061.0
169 6589 762151.0
170 6705 765378.0
171 6853 768514.0
172 6753 771428.0
173 6798 774691.0
174 6893 777599.0
175 7111 780695.0
176 7124 783681.0
177 7092 786877.0
178 7048 789715.0
179 7277 792685.0
180 7551 795519.0
181 7798 798343.0
182 7854 801456.0
183 7759 804567.0
184 7832 807431.0
185 7966 810285.0
186 8261 813249.0
187 8475 815699.0
188 8575 818326.0
189 8606 821081.0
190 8236 823893.0
191 8258 826698.0
192 8589 829388.0
193 8902 831938.0
194 8861 834812.0
195 8675 837428.0
196 8726 840042.0
197 9153 842400.0
198 9719 844762.0
199 9733 846899.0
200 9526 844455.0
201 8744 837826.0
202 8273 831740.0
203 7912 825386.0
204 7964 819017.0
205 7853 812867.0
206 7524 806990.0
207 7295 801209.0
208 6939 795235.0
209 6658 789283.0
210 6932 783448.0
211 7045 777245.0
212 7125 771561.0
213 6881 765731.0
214 6649 759998.0
215 6480 754162.0
216 6419 748362.0
217 6571 742494.0
218 6748 736237.0
219 6884 730530.0
220 6811 724766.0
221 6624 719045.0
222 6422 713497.0
223 6423 707592.0
224 6623 701871.0
225 6567 696148.0
226 6488 690569.0
227 6503 684527.0
228 6709 678915.0
229 6474 673214.0
230 6340 667761.0
231 6472 662108.0
232 6553 656520.0
233 6534 650924.0
234 6516 645283.0
235 6625 639631.0
236 6567 634063.0
237 6540 628266.0
238 6686 622848.0
239 6814 617023.0
240 6785 611479.0
241 6656 605808.0
242 6580 600389.0
243 6480 594805.0
244 6687 589427.0
245 6613 583906.0
246 6635 578616.0
247 6352 573241.0
248 6295 567720.0
249 6231 562286.0
250 6367 556972.0
251 6285 551604.0
252 6135 546615.0
253 6150 541176.0
254 6239 536127.0
255 6142 530844.0
256 6223 525584.0
257 6279 520235.0
258 6421 514982.0
259 6461 509723.0
260 6356 504715.0
261 6277 499321.0
262 6514 494076.0
263 6508 489000.0
264 6282 483877.0
265 6336 478532.0
266 6557 473402.0
267 6389 467818.0
268 6353 462762.0
269 6245 457690.0
270 6136 452341.0
271 6094 447307.0
272 6028 442264.0
273 6056 437323.0
274 5851 432457.0
275 5830 427269.0
276 5959 422354.0
277 5886 417372.0
278 5937 412521.0
279 5915 407519.0
280 5875 402599.0
281 5952 397646.0
282 5987 392988.0
283 5978 388121.0
284 6108 383201.0
285 5912 378541.0
286 5701 373721.0
287 5589 369375.0
288 5398 364833.0
289 5511 360395.0
290 5610 355574.0
291 5785 350700.0
292 5784 345923.0
293 5761 341261.0
294 5736 336452.0
295 5721 331880.0
296 5437 327310.0
297 5414 322608.0
298 5609 318079.0
299 5634 313416.0
300 5455 309120.0
301 5317 304696.0
302 5332 300150.0
303 5334 295781.0
304 5253 291361.0
305 5487 286899.0
306 5475 282324.0
307 5433 277830.0
308 5327 273666.0
309 5107 269419.0
310 5107 265239.0
311 4989 261141.0
312 5001 257086.0
313 4880 253081.0
314 4742 248870.0
315 4838 245006.0
316 4910 240850.0
317 4946 236944.0
318 4822 232865.0
319 4964 229054.0
320 4764 225164.0
321 4671 221334.0
322 4453 217624.0
323 4554 213936.0
324 4501 210156.0
325 4480 206339.0
326 4367 202675.0
327 4389 199278.0
328 4171 195699.0
329 4049 192031.0
330 4033 188429.0
331 3928 185033.0
332 3898 181566.0
333 3848 178030.0
334 3963 174601.0
335 4012 171232.0
336 3968 167819.0
337 3976 164537.0
338 3992 161045.0
339 3897 157817.0
340 3917 154330.0
341 3941 151216.0
342 3720 148182.0
343 3699 145114.0
344 3692 141938.0
345 3763 138807.0
346 3717 135981.0
347 3502 132953.0
348 3444 130126.0
349 3349 127153.0
350 3352 124553.0
351 3298 121626.0
352 3300 118876.0
353 3210 116136.0
354 3178 113441.0
355 3099 110798.0
356 2920 108197.0
357 2794 105764.0
358 2737 103306.0
359 2611 100855.0
360 2661 98375.0
361 2646 96040.0
362 2504 93624.0
363 2481 91338.0
364 2407 89296.0
365 2421 87114.0
366 2399 84868.0
367 2347 82918.0
368 2276 80709.0
369 2281 78578.0
370 2244 76531.0
371 2205 74386.0
372 2154 72487.0
373 2212 70339.0
374 2145 68646.0
375 1997 66859.0
376 1910 65170.0
377 1864 63461.0
378 1797 61796.0
379 1793 60113.0
380 1753 58414.0
381 1721 56835.0
382 1635 55293.0
383 1588 53825.0
384 1553 52216.0
385 1504 50690.0
386 1409 49398.0
387 1383 47991.0
388 1455 46732.0
389 1471 45488.0
390 1380 44317.0
391 1302 43086.0
392 1266 41883.0
393 1214 40665.0
394 1224 39639.0
395 1233 38511.0
396 1195 37394.0
397 1108 36384.0
398 1083 35515.0
399 1028 34381.0
400 988 33388.0
401 979 32530.0
402 971 31640.0
403 942 30822.0
404 934 30034.0
405 901 29073.0
406 894 28257.0
407 857 27354.0
408 826 26664.0
409 748 25913.0
410 679 25243.0
411 641 24703.0
412 620 24009.0
413 590 23587.0
414 554 22949.0
415 471 22342.0
416 435 21756.0
417 386 21181.0
418 355 20726.0
419 337 20181.0
420 349 19606.0
421 318 19132.0
422 333 18648.0
423 318 18089.0
424 287 17721.0
425 290 17418.0
426 276 16965.0
427 241 16600.0
428 230 16499.0
429 220 16001.0
430 240 15729.0
431 251 15510.0
432 235 15177.0
433 204 14991.0
434 196 14652.0
435 169 14318.0
436 143 13866.0
437 144 13578.0
438 147 13470.0
439 132 13332.0
440 117 13268.0
441 100 12903.0
442 71 12588.0
443 59 12393.0
444 51 12092.0
445 57 11961.0
446 56 11629.0
447 63 11413.0
448 67 11356.0
449 64 11120.0
450 57 10991.0
451 43 10843.0
452 31 10744.0
453 23 10568.0
454 16 10465.0
455 13 10371.0
456 15 10198.0
457 12 10037.0
458 8 10028.0
459 7 9926.0
460 5 9853.0
461 5 9779.0
462 3 9685.0
463 4 9627.0
464 4 9466.0
465 8 9235.0
466 7 9195.0
467 12 8928.0
468 9 8853.0
469 6 8692.0
470 3 8621.0
471 3 8537.0
472 2 8349.0
473 3 8439.0
474 2 8398.0
475 2 8385.0
476 4 8350.0
477 4 8376.0
478 8 8225.0
479 6 8145.0
480 5 8062.0
481 3 7983.0
482 2 7919.0
483 3 7944.0
484 3 7861.0
485 2 7881.0
486 2 7873.0
487 1 7782.0
488 1 7811.0
489 1 7724.0
490 0 7607.0
491 0 7691.0
492 0 7606.0
493 0 7569.0
494 0 7492.0
495 0 7554.0
496 0 7573.0
497 0 7653.0
498 0 7616.0
499 0 7469.0
500 0 7542.0
501 0 7458.0
502 0 7479.0
503 0 7495.0
504 0 7423.0
505 0 7283.0
506 0 7287.0
507 0 7386.0
508 0 7408.0
509 0 7346.0
510 0 7423.0
511 0 7287.0
512 0 7225.0
513 0 7192.0
514 0 7179.0
515 0 7048.0
516 0 7076.0
517 0 7088.0
518 0 7164.0
519 0 7109.0
520 0 7043.0
521 0 7056.0
522 0 7236.0
523 0 7028.0
524 0 7052.0
525 0 7013.0
526 0 7118.0
527 0 7012.0
528 0 6921.0
529 0 7028.0
530 0 6983.0
531 0 7129.0
532 0 7197.0
533 0 7110.0
534 0 7128.0
535 0 7037.0
536 0 7018.0
537 0 6980.0
538 0 6796.0
539 0 6816.0
540 0 6878.0
541 0 6851.0
542 0 6804.0
543 0 6917.0
544 0 6875.0
545 0 7090.0
546 0 7149.0
547 0 7167.0
548 0 7063.0
549 0 7131.0
550 0 7075.0
551 0 7084.0
552 0 7045.0
553 0 7031.0
554 0 7023.0
555 0 7047.0
556 0 7113.0
557 0 7155.0
558 0 7191.0
559 0 7105.0
560 0 7206.0
561 0 7136.0
562 0 7133.0
563 0 7064.0
564 0 7139.0
565 0 7176.0
566 0 7190.0
567 0 7148.0
568 0 7222.0
569 0 7251.0
570 0 7346.0
571 0 7306.0
572 0 7254.0
573 0 7282.0
574 0 7294.0
575 0 7228.0
576 0 7150.0
577 0 7123.0
578 0 7146.0
579 0 7230.0
580 0 7164.0
581 0 7155.0
582 0 7148.0
583 0 7120.0
584 0 7185.0
585 0 7234.0
586 0 7127.0
587 0 7090.0
588 0 7025.0
589 0 7002.0
590 0 7104.0
591 0 7045.0
592 0 7098.0
593 0 7160.0
594 0 7078.0
595 0 7022.0
596 0 7032.0
597 0 7137.0
598 0 7211.0
599 0 7232.0
600 0 7232.0
601 0 7232.0
602 0 7232.0
603 0 7232.0
604 0 7232.0
605 0 7232.0
606 0 7232.0
607 0 7232.0
608 0 7232.0
609 0 7232.0
610 0 7232.0
611 0 7232.0
612 0 7232.0
613 0 7232.0
614 0 7232.0
615 0 7232.0
616 0 7232.0
617 0 7232.0
618 0 7232.0
619 0 7232.0
620 0 7232.0
621 0 7232.0
622 0 7232.0
623 0 7232.0
624 0 7232.0
625 0 7232.0
626 0 7232.0
627 0 7232.0
628 0 7232.0
629 0 7232.0
630 0 7232.0
631 0 7232.0
632 0 7232.0
633 0 7232.0
634 0 7232.0
635 0 7232.0
636 0 7232.0
637 0 7232.0
638 0 7232.0
639 0 7232.0
640 0 7232.0
641 0 7232.0
642 0 7232.0
643 0 7232.0
644 0 7232.0
645 0 7232.0
646 0 7232.0
647 0 7232.0
648 0 7232.0
649 0 7232.0
650 0 7232.0
651 0 7232.0
652 0 7232.0
653 0 7232.0
654 0 7232.0
655 0 7232.0
656 0 7232.0
657 0 7232.0
658 0 7232.0
659 0 7232.0
660 0 7232.0
661 0 7232.0
662 0 7232.0
663 0 7232.0
664 0 7232.0
665 0 7232.0
666 0 7232.0
667 0 7232.0
668 0 7232.0
669 0 7232.0
670 0 7232.0
671 0 7232.0
672 0 7232.0
673 0 7232.0
674 0 7232.0
675 0 7232.0
676 0 7232.0
677 0 7232.0
678 0 7232.0
679 0 7232.0
680 0 7232.0
681 0 7232.0
682 0 7232.0
683 0 7232.0
684 0 7232.0
685 0 7232.0
686 0 7232.0
687 0 7232.0
688 0 7232.0
689 0 7232.0
690 0 7232.0
691 0 7232.0
692 0 7232.0
693 0 7232.0
694 0 7232.0
695 0 7232.0
696 0 7232.0
697 0 7232.0
698 0 7232.0
699 0 7232.0
700 0 7232.0
701 0 7232.0
702 0 7232.0
703 0 7232.0
704 0 7232.0
705 0 7232.0
706 0 7232.0
707 0 7232.0
708 0 7232.0
709 0 7232.0
710 0 7232.0
711 0 7232.0
712 0 7232.0
713 0 7232.0
714 0 7232.0
715 0 7232.0
716 0 7232.0
717 0 7232.0
718 0 7232.0
719 0 7232.0
720 0 7232.0
721 0 7232.0
722 0 7232.0
723 0 7232.0
724 0 7232.0
725 0 7232.0
726 0 7232.0
727 0 7232.0
728 0 7232.0
729 0 7232.0
730 0 7232.0
731 0 7232.0
732 0 7232.0
733 0 7232.0
734 0 7232.0
735 0 7232.0
736 0 7232.0
737 0 7232.0
738 0 7232.0
739 0 7232.0
740 0 7232.0
741 0 7232.0
742 0 7232.0
743 0 7232.0
744 0 7232.0
745 0 7232.0
746 0 7232.0
747 0 7232.0
748 0 7232.0
749 0 7232.0
750 0 7232.0
751 0 7232.0
752 0 7232.0
753 0 7232.0
754 0 7232.0
755 0 7232.0
756 0 7232.0
757 0 7232.0
758 0 7232.0
759 0 7232.0
760 0 7232.0
761 0 7232.0
762 0 7232.0
763 0 7232.0
764 0 7232.0
765 0 7232.0
766 0 7232.0
767 0 7232.0
768 0 7232.0
769 0 7232.0
770 0 7232.0
771 0 7232.0
772 0 7232.0
773 0 7232.0
774 0 7232.0
775 0 7232.0
776 0 7232.0
777 0 7232.0
778 0 7232.0
779 0 7232.0
780 0 7232.0
781 0 7232.0
782 0 7232.0
783 0 7232.0
784 0 7232.0
785 0 7232.0
786 0 7232.0
787 0 7232.0
788 0 7232.0
789 0 7232.0
790 0 7232.0
791 0 7232.0
792 0 7232.0
793 0 7232.0
794 0 7232.0
795 0 7232.0
796 0 7232.0
797 0 7232.0
798 0 7232.0
799 0 7232.0
800 0 7232.0
801 0 7232.0
802 0 7232.0
803 0 7232.0
804 0 7232.0
805 0 7232.0
806 0 7232.0
807 0 7232.0
808 0 7232.0
809 0 7232.0
810 0 7232.0
811 0 7232.0
812 0 7232.0
813 0 7232.0
814 0 7232.0
815 0 7232.0
816 0 7232.0
817 0 7232.0
818 0 7232.0
819 0 7232.0
820 0 7232.0
821 0 7232.0
822 0 7232.0
823 0 7232.0
824 0 7232.0
825 0 7232.0
826 0 7232.0
827 0 7232.0
828 0 7232.0
829 0 7232.0
830 0 7232.0
831 0 7232.0
832 0 7232.0
833 0 7232.0
834 0 7232.0
835 0 7232.0
836 0 7232.0
837 0 7232.0
838 0 7232.0
839 0 7232.0
840 0 7232.0
841 0 7232.0
842 0 7232.0
843 0 7232.0
844 0 7232.0
845 0 7232.0
846 0 7232.0
847 0 7232.0
848 0 7232.0
849 0 7232.0
850 0 7232.0
851 0 7232.0
852 0 7232.0
853 0 7232.0
854 0 7232.0
855 0 7232.0
856 0 7232.0
857 0 7232.0
858 0 7232.0
859 0 7232.0
860 0 7232.0
861 0 7232.0
862 0 7232.0
863 0 7232.0
864 0 7232.0
865 0 7232.0
866 0 7232.0
867 0 7232.0
868 0 7232.0
869 0 7232.0
870 0 7232.0
871 0 7232.0
872 0 7232.0
873 0 7232.0
874 0 7232.0
875 0 7232.0
876 0 7232.0
877 0 7232.0
878 0 7232.0
879 0 7232.0
880 0 7232.0
881 0 7232.0
882 0 7232.0
883 0 7232.0
884 0 7232.0
885 0 7232.0
886 0 7232.0
887 0 7232.0
888 0 7232.0
889 0 7232.0
890 0 7232.0
891 0 7232.0
892 0 7232.0
893 0 7232.0
894 0 7232.0
895 0 7232.0
896 0 7232.0
897 0 7232.0
898 0 7232.0
899 0 7232.0
900 0 7232.0
901 0 7232.0
902 0 7232.0
903 0 7232.0
904 0 7232.0
905 0 7232.0
906 0 7232.0
907 0 7232.0
908 0 7232.0
909 0 7232.0
910 0 7232.0
911 0 7232.0
912 0 7232.0
913 0 7232.0
914 0 7232.0
915 0 7232.0
916 0 7232.0
917 0 7232.0
918 0 7232.0
919 0 7232.0
920 0 7232.0
921 0 7232.0
922 0 7232.0
923 0 7232.0
924 0 7232.0
925 0 7232.0
926 0 7232.0
927 0 7232.0
928 0 7232.0
929 0 7232.0
930 0 7232.0
931 0 7232.0
932 0 7232.0
933 0 7232.0
934 0 7232.0
935 0 7232.0
936 0 7232.0
937 0 7232.0
938 0 7232.0
939 0 7232.0
940 0 7232.0
941 0 7232.0
942 0 7232.0
943 0 7232.0
944 0 7232.0
945 0 7232.0
946 0 7232.0
947 0 7232.0
948 0 7232.0
949 0 7232.0
950 0 7232.0
951 0 7232.0
952 0 7232.0
953 0 7232.0
954 0 7232.0
955 0 7232.0
956 0 7232.0
957 0 7232.0
958 0 7232.0
959 0 7232.0
960 0 7232.0
961 0 7232.0
962 0 7232.0
963 0 7232.0
964 0 7232.0
965 0 7232.0
966 0 7232.0
967 0 7232.0
968 0 7232.0
969 0 7232.0
970 0 7232.0
971 0 7232.0
972 0 7232.0
973 0 7232.0
974 0 7232.0
975 0 7232.0
976 0 7232.0
977 0 7232.0
978 0 7232.0
979 0 7232.0
980 0 7232.0
981 0 7232.0
982 0 7232.0
983 0 7232.0
984 0 7232.0
985 0 7232.0
986 0 7232.0
987 0 7232.0
988 0 7232.0
989 0 7232.0
990 0 7232.0
991 0 7232.0
992 0 7232.0
993 0 7232.0
994 0 7232.0
995 0 7232.0
996 0 7232.0
997 0 7232.0
998 0 7232.0
999 0 7232.0
1000 0 7232.0
