1 1 15196.0
2 1 20726.0
3 1 26227.0
4 2 31616.0
5 1 36878.0
6 1 42046.0
7 1 47002.0
8 2 52033.0
9 2 57185.0
10 2 62294.0
11 2 67461.0
12 4 72618.0
13 3 77401.0
14 6 82388.0
15 4 87412.0
16 5 92502.0
17 6 97277.0
18 5 102189.0
19 9 107176.0
20 9 112167.0
21 16 117080.0
22 15 122035.0
23 22 127211.0
24 21 132094.0
25 18 137195.0
26 18 141957.0
27 17 146857.0
28 22 151701.0
29 22 156576.0
30 33 161465.0
31 41 166525.0
32 52 171425.0
33 59 176276.0
34 65 181214.0
35 65 186284.0
36 77 191089.0
37 83 195889.0
38 88 201001.0
39 114 206051.0
40 130 211207.0
41 157 215949.0
42 166 220999.0
43 159 226000.0
44 183 230858.0
45 202 235808.0
46 251 240605.0
47 253 245511.0
48 310 250330.0
49 285 255130.0
50 287 260124.0
51 289 265057.0
52 304 270017.0
53 344 274797.0
54 353 279706.0
55 361 284635.0
56 374 289355.0
57 353 294118.0
58 369 299054.0
59 409 303838.0
60 450 308733.0
61 462 313652.0
62 529 318428.0
63 542 323260.0
64 546 327955.0
65 602 332704.0
66 599 337623.0
67 622 342360.0
68 651 347250.0
69 706 352255.0
70 721 356992.0
71 715 361644.0
72 713 366410.0
73 802 371015.0
74 820 375662.0
75 893 380528.0
76 919 385474.0
77 897 390196.0
78 912 394919.0
79 921 399586.0
80 960 404446.0
81 969 409166.0
82 1061 413774.0
83 1072 418447.0
84 1056 423269.0
85 1101 427976.0
86 1122 432711.0
87 1105 437357.0
88 1206 442120.0
89 1249 446658.0
90 1360 451371.0
91 1346 455957.0
92 1400 460608.0
93 1441 465126.0
94 1536 469726.0
95 1505 474205.0
96 1519 478784.0
97 1622 483454.0
98 1711 488046.0
99 1762 492769.0
100 1828 497159.0
101 1806 501750.0
102 1735 506189.0
103 1893 510983.0
104 2036 515321.0
105 2111 519712.0
106 2201 524160.0
107 2181 528696.0
108 2141 533155.0
109 2075 537604.0
110 2092 541958.0
111 2247 546248.0
112 2397 550575.0
113 2436 554988.0
114 2342 559513.0
115 2251 563798.0
116 2258 568168.0
117 2381 572370.0
118 2497 576631.0
119 2600 580730.0
120 2712 584800.0
121 2780 589229.0
122 2793 593426.0
123 2875 597624.0
124 2934 601996.0
125 2820 606421.0
126 2843 610406.0
127 2953 614427.0
128 3044 618523.0
129 3117 622738.0
130 3087 626971.0
131 3151 630959.0
132 3217 635129.0
133 3317 639231.0
134 3462 643222.0
135 3568 647387.0
136 3594 651421.0
137 3798 655620.0
138 3823 659524.0
139 3955 663698.0
140 3842 667630.0
141 3855 671544.0
142 4030 675460.0
143 3941 679263.0
144 3904 683258.0
145 4042 687012.0
146 4173 690899.0
147 4434 694656.0
148 4590 698387.0
149 4579 702173.0
150 4347 705985.0
151 4324 709732.0
152 4478 713385.0
153 4654 717034.0
154 4984 720547.0
155 5086 724292.0
156 5016 727718.0
157 5168 731371.0
158 5175 734671.0
159 5146 738427.0
160 5174 741887.0
161 5352 745413.0
162 5380 749028.0
163 5466 752614.0
164 5700 755862.0
165 5725 759336.0
166 5618 762917.0
167 5536 766656.0
168 5504 769830.0
169 5873 773395.0
170 5905 776700.0
171 6252 779904.0
172 6212 783075.0
173 6186 786656.0
174 6116 789888.0
175 6407 793223.0
176 6539 796418.0
177 6583 799575.0
178 6571 802582.0
179 6810 805860.0
180 6838 809005.0
181 6989 811877.0
182 7301 814824.0
183 7405 818038.0
184 7251 820898.0
185 7240 824082.0
186 7175 827143.0
187 7286 830317.0
188 7498 833148.0
189 7777 836057.0
190 7923 838529.0
191 8016 841404.0
192 7750 843990.0
193 7872 847293.0
194 7943 849793.0
195 8311 852423.0
196 8254 854945.0
197 8608 857752.0
198 8835 860183.0
199 8800 863148.0
200 8511 860547.0
201 8404 854094.0
202 7905 847708.0
203 7374 841624.0
204 7247 835456.0
205 7151 829462.0
206 6973 823552.0
207 6722 817643.0
208 6768 811747.0
209 6733 805799.0
210 6452 800036.0
211 6274 794254.0
212 6302 788440.0
213 6426 782484.0
214 6408 776753.0
215 6299 770980.0
216 6231 765129.0
217 6017 759230.0
218 5997 753103.0
219 6400 747436.0
220 6411 741541.0
221 6525 735964.0
222 6357 730104.0
223 5977 724430.0
224 5992 718792.0
225 6099 712797.0
226 6378 706947.0
227 6416 701045.0
228 6308 695466.0
229 6245 689592.0
230 6484 683846.0
231 6403 678086.0
232 6250 672691.0
233 6007 667137.0
234 5972 661556.0
235 6032 656063.0
236 6255 650049.0
237 6495 644474.0
238 6271 639023.0
239 5943 633500.0
240 5952 628139.0
241 5984 622488.0
242 6260 616966.0
243 6276 611252.0
244 6362 605641.0
245 6275 600227.0
246 6038 594636.0
247 6037 589266.0
248 6091 583603.0
249 6007 578159.0
250 5982 572438.0
251 6235 567177.0
252 6224 561625.0
253 6270 556348.0
254 5990 550856.0
255 5974 545660.0
256 5916 540441.0
257 5991 535203.0
258 6034 529849.0
259 6099 524836.0
260 5799 519475.0
261 5829 514247.0
262 6051 508918.0
263 6043 503627.0
264 5931 498374.0
265 5683 493338.0
266 5508 488354.0
267 5548 483369.0
268 5733 478279.0
269 5985 472748.0
270 5987 467682.0
271 5745 462459.0
272 5547 457719.0
273 5441 452746.0
274 5606 447782.0
275 5756 442413.0
276 5853 437555.0
277 5585 432490.0
278 5632 427566.0
279 5575 422772.0
280 5651 417924.0
281 5563 412875.0
282 5675 407897.0
283 5814 402922.0
284 5757 397881.0
285 5835 393284.0
286 5572 388250.0
287 5601 383545.0
288 5415 378631.0
289 5430 374101.0
290 5319 369381.0
291 5211 364578.0
292 5287 359935.0
293 5304 355183.0
294 5294 350450.0
295 5050 345892.0
296 5167 341368.0
297 5122 336666.0
298 5304 331880.0
299 5413 327280.0
300 5300 322690.0
301 5162 318175.0
302 4957 313640.0
303 4882 309340.0
304 4745 304820.0
305 4890 300425.0
306 4990 295937.0
307 4950 291627.0
308 4856 287259.0
309 4746 282941.0
310 4705 278758.0
311 4625 274372.0
312 4669 270101.0
313 4682 265883.0
314 4558 261797.0
315 4543 257748.0
316 4607 253802.0
317 4503 249996.0
318 4476 245924.0
319 4510 242048.0
320 4402 237834.0
321 4268 233921.0
322 4015 229946.0
323 4109 226148.0
324 4132 222109.0
325 4205 218464.0
326 4043 214669.0
327 4107 211191.0
328 3997 207353.0
329 3987 203705.0
330 4048 199819.0
331 4201 196038.0
332 4247 192249.0
333 4070 188503.0
334 3868 185102.0
335 3869 181580.0
336 3797 177961.0
337 3812 174353.0
338 3748 171063.0
339 3713 167516.0
340 3596 164301.0
341 3488 161043.0
342 3417 157847.0
343 3435 154514.0
344 3460 151423.0
345 3240 148520.0
346 3151 145555.0
347 3177 142595.0
348 3168 139497.0
349 3092 136632.0
350 2997 133636.0
351 3028 130644.0
352 3005 127878.0
353 3036 124999.0
354 2974 122387.0
355 2899 119407.0
356 2874 116799.0
357 2823 114220.0
358 2825 111649.0
359 2809 109028.0
360 2860 106313.0
361 2875 103960.0
362 2863 101252.0
363 2976 98751.0
364 2846 96390.0
365 2701 93944.0
366 2653 91528.0
367 2634 89196.0
368 2607 86946.0
369 2489 84652.0
370 2378 82542.0
371 2262 80429.0
372 2244 78516.0
373 2184 76433.0
374 2097 74485.0
375 2010 72371.0
376 1992 70504.0
377 1948 68752.0
378 1931 67024.0
379 1916 65345.0
380 1833 63615.0
381 1740 61955.0
382 1583 60292.0
383 1552 58714.0
384 1521 57122.0
385 1528 55802.0
386 1441 54352.0
387 1429 52921.0
388 1262 51477.0
389 1153 50172.0
390 1105 48890.0
391 1121 47540.0
392 1128 46203.0
393 1178 44907.0
394 1289 43573.0
395 1284 42206.0
396 1208 40956.0
397 1217 39916.0
398 1203 38680.0
399 1250 37494.0
400 1170 36363.0
401 1081 35449.0
402 1033 34390.0
403 1013 33461.0
404 968 32493.0
405 910 31488.0
406 842 30582.0
407 801 29766.0
408 836 28976.0
409 846 27958.0
410 798 27229.0
411 721 26511.0
412 671 25693.0
413 667 25076.0
414 636 24323.0
415 622 23667.0
416 553 23020.0
417 512 22344.0
418 479 21752.0
419 449 21196.0
420 459 20695.0
421 413 20323.0
422 421 19813.0
423 436 19262.0
424 413 18811.0
425 380 18292.0
426 350 17902.0
427 309 17505.0
428 268 17130.0
429 232 16769.0
430 202 16315.0
431 179 16150.0
432 166 15812.0
433 145 15490.0
434 147 15249.0
435 145 14966.0
436 139 14605.0
437 131 14221.0
438 116 13915.0
439 102 13754.0
440 100 13386.0
441 102 12996.0
442 90 12806.0
443 79 12668.0
444 67 12457.0
445 58 12276.0
446 56 12074.0
447 52 11883.0
448 43 11729.0
449 38 11488.0
450 35 11269.0
451 40 10941.0
452 38 10850.0
453 44 10842.0
454 35 10680.0
455 23 10479.0
456 24 10541.0
457 20 10320.0
458 19 10187.0
459 15 10033.0
460 17 9794.0
461 14 9832.0
462 18 9762.0
463 21 9684.0
464 16 9604.0
465 15 9413.0
466 9 9383.0
467 7 9399.0
468 5 9251.0
469 3 9146.0
470 2 9142.0
471 3 9045.0
472 2 8979.0
473 1 8820.0
474 1 8649.0
475 0 8478.0
476 0 8391.0
477 0 8326.0
478 0 8271.0
479 0 8245.0
480 0 8200.0
481 0 8120.0
482 0 8217.0
483 0 8116.0
484 0 8146.0
485 0 8096.0
486 0 7914.0
487 0 7950.0
488 0 7851.0
489 0 7837.0
490 0 7848.0
491 0 7753.0
492 0 7823.0
493 0 7710.0
494 0 7630.0
495 0 7683.0
496 0 7536.0
497 0 7515.0
498 0 7568.0
499 0 7439.0
500 0 7459.0
501 0 7462.0
502 0 7450.0
503 0 7356.0
504 0 7349.0
505 0 7303.0
506 0 7158.0
507 0 7202.0
508 0 7283.0
509 0 7278.0
510 0 7171.0
511 0 7298.0
512 0 7316.0
513 0 7356.0
514 0 7324.0
515 0 7362.0
516 0 7443.0
517 0 7402.0
518 0 7428.0
519 0 7496.0
520 0 7334.0
521 0 7268.0
522 0 7216.0
523 0 7278.0
524 0 7320.0
525 0 7259.0
526 0 7243.0
527 0 7046.0
528 0 7134.0
529 0 7058.0
530 0 7042.0
531 0 7098.0
532 0 7116.0
533 0 7121.0
534 0 7086.0
535 0 6998.0
536 0 7055.0
537 0 7080.0
538 0 7098.0
539 0 7168.0
540 0 7092.0
541 0 7148.0
542 0 7099.0
543 0 7128.0
544 0 7135.0
545 0 7038.0
546 0 7018.0
547 0 7004.0
548 0 7046.0
549 0 6992.0
550 0 6945.0
551 0 6885.0
552 0 6793.0
553 0 6823.0
554 0 6812.0
555 0 6813.0
556 0 7073.0
557 0 7056.0
558 0 7048.0
559 0 7169.0
560 0 7118.0
561 0 7185.0
562 0 7175.0
563 0 7169.0
564 0 7100.0
565 0 7217.0
566 0 7290.0
567 0 7232.0
568 0 7171.0
569 0 7204.0
570 0 7048.0
571 0 7066.0
572 0 7085.0
573 0 7095.0
574 0 6991.0
575 0 7041.0
576 0 6972.0
577 0 7005.0
578 0 7027.0
579 0 7028.0
580 0 7053.0
581 0 7134.0
582 0 7064.0
583 0 6990.0
584 0 6892.0
585 0 6968.0
586 0 6913.0
587 0 6894.0
588 0 7029.0
589 0 7007.0
590 0 7117.0
591 0 7089.0
592 0 7002.0
593 0 7012.0
594 0 7002.0
595 0 7089.0
596 0 7039.0
597 0 7046.0
598 0 7162.0
599 0 7030.0
600 0 7030.0
601 0 7030.0
602 0 7030.0
603 0 7030.0
604 0 7030.0
605 0 7030.0
606 0 7030.0
607 0 7030.0
608 0 7030.0
609 0 7030.0
610 0 7030.0
611 0 7030.0
612 0 7030.0
613 0 7030.0
614 0 7030.0
615 0 7030.0
616 0 7030.0
617 0 7030.0
618 0 7030.0
619 0 7030.0
620 0 7030.0
621 0 7030.0
622 0 7030.0
623 0 7030.0
624 0 7030.0
625 0 7030.0
626 0 7030.0
627 0 7030.0
628 0 7030.0
629 0 7030.0
630 0 7030.0
631 0 7030.0
632 0 7030.0
633 0 7030.0
634 0 7030.0
635 0 7030.0
636 0 7030.0
637 0 7030.0
638 0 7030.0
639 0 7030.0
640 0 7030.0
641 0 7030.0
642 0 7030.0
643 0 7030.0
644 0 7030.0
645 0 7030.0
646 0 7030.0
647 0 7030.0
648 0 7030.0
649 0 7030.0
650 0 7030.0
651 0 7030.0
652 0 7030.0
653 0 7030.0
654 0 7030.0
655 0 7030.0
656 0 7030.0
657 0 7030.0
658 0 7030.0
659 0 7030.0
660 0 7030.0
661 0 7030.0
662 0 7030.0
663 0 7030.0
664 0 7030.0
665 0 7030.0
666 0 7030.0
667 0 7030.0
668 0 7030.0
669 0 7030.0
670 0 7030.0
671 0 7030.0
672 0 7030.0
673 0 7030.0
674 0 7030.0
675 0 7030.0
676 0 7030.0
677 0 7030.0
678 0 7030.0
679 0 7030.0
680 0 7030.0
681 0 7030.0
682 0 7030.0
683 0 7030.0
684 0 7030.0
685 0 7030.0
686 0 7030.0
687 0 7030.0
688 0 7030.0
689 0 7030.0
690 0 7030.0
691 0 7030.0
692 0 7030.0
693 0 7030.0
694 0 7030.0
695 0 7030.0
696 0 7030.0
697 0 7030.0
698 0 7030.0
699 0 7030.0
700 0 7030.0
701 0 7030.0
702 0 7030.0
703 0 7030.0
704 0 7030.0
705 0 7030.0
706 0 7030.0
707 0 7030.0
708 0 7030.0
709 0 7030.0
710 0 7030.0
711 0 7030.0
712 0 7030.0
713 0 7030.0
714 0 7030.0
715 0 7030.0
716 0 7030.0
717 0 7030.0
718 0 7030.0
719 0 7030.0
720 0 7030.0
721 0 7030.0
722 0 7030.0
723 0 7030.0
724 0 7030.0
725 0 7030.0
726 0 7030.0
727 0 7030.0
728 0 7030.0
729 0 7030.0
730 0 7030.0
731 0 7030.0
732 0 7030.0
733 0 7030.0
734 0 7030.0
735 0 7030.0
736 0 7030.0
737 0 7030.0
738 0 7030.0
739 0 7030.0
740 0 7030.0
741 0 7030.0
742 0 7030.0
743 0 7030.0
744 0 7030.0
745 0 7030.0
746 0 7030.0
747 0 7030.0
748 0 7030.0
749 0 7030.0
750 0 7030.0
751 0 7030.0
752 0 7030.0
753 0 7030.0
754 0 7030.0
755 0 7030.0
756 0 7030.0
757 0 7030.0
758 0 7030.0
759 0 7030.0
760 0 7030.0
761 0 7030.0
762 0 7030.0
763 0 7030.0
764 0 7030.0
765 0 7030.0
766 0 7030.0
767 0 7030.0
768 0 7030.0
769 0 7030.0
770 0 7030.0
771 0 7030.0
772 0 7030.0
773 0 7030.0
774 0 7030.0
775 0 7030.0
776 0 7030.0
777 0 7030.0
778 0 7030.0
779 0 7030.0
780 0 7030.0
781 0 7030.0
782 0 7030.0
783 0 7030.0
784 0 7030.0
785 0 7030.0
786 0 7030.0
787 0 7030.0
788 0 7030.0
789 0 7030.0
790 0 7030.0
791 0 7030.0
792 0 7030.0
793 0 7030.0
794 0 7030.0
795 0 7030.0
796 0 7030.0
797 0 7030.0
798 0 7030.0
799 0 7030.0
800 0 7030.0
801 0 7030.0
802 0 7030.0
803 0 7030.0
804 0 7030.0
805 0 7030.0
806 0 7030.0
807 0 7030.0
808 0 7030.0
809 0 7030.0
810 0 7030.0
811 0 7030.0
812 0 7030.0
813 0 7030.0
814 0 7030.0
815 0 7030.0
816 0 7030.0
817 0 7030.0
818 0 7030.0
819 0 7030.0
820 0 7030.0
821 0 7030.0
822 0 7030.0
823 0 7030.0
824 0 7030.0
825 0 7030.0
826 0 7030.0
827 0 7030.0
828 0 7030.0
829 0 7030.0
830 0 7030.0
831 0 7030.0
832 0 7030.0
833 0 7030.0
834 0 7030.0
835 0 7030.0
836 0 7030.0
837 0 7030.0
838 0 7030.0
839 0 7030.0
840 0 7030.0
841 0 7030.0
842 0 7030.0
843 0 7030.0
844 0 7030.0
845 0 7030.0
846 0 7030.0
847 0 7030.0
848 0 7030.0
849 0 7030.0
850 0 7030.0
851 0 7030.0
852 0 7030.0
853 0 7030.0
854 0 7030.0
855 0 7030.0
856 0 7030.0
857 0 7030.0
858 0 7030.0
859 0 7030.0
860 0 7030.0
861 0 7030.0
862 0 7030.0
863 0 7030.0
864 0 7030.0
865 0 7030.0
866 0 7030.0
867 0 7030.0
868 0 7030.0
869 0 7030.0
870 0 7030.0
871 0 7030.0
872 0 7030.0
873 0 7030.0
874 0 7030.0
875 0 7030.0
876 0 7030.0
877 0 7030.0
878 0 7030.0
879 0 7030.0
880 0 7030.0
881 0 7030.0
882 0 7030.0
883 0 7030.0
884 0 7030.0
885 0 7030.0
886 0 7030.0
887 0 7030.0
888 0 7030.0
889 0 7030.0
890 0 7030.0
891 0 7030.0
892 0 7030.0
893 0 7030.0
894 0 7030.0
895 0 7030.0
896 0 7030.0
897 0 7030.0
898 0 7030.0
899 0 7030.0
900 0 7030.0
901 0 7030.0
902 0 7030.0
903 0 7030.0
904 0 7030.0
905 0 7030.0
906 0 7030.0
907 0 7030.0
908 0 7030.0
909 0 7030.0
910 0 7030.0
911 0 7030.0
912 0 7030.0
913 0 7030.0
914 0 7030.0
915 0 7030.0
916 0 7030.0
917 0 7030.0
918 0 7030.0
919 0 7030.0
920 0 7030.0
921 0 7030.0
922 0 7030.0
923 0 7030.0
924 0 7030.0
925 0 7030.0
926 0 7030.0
927 0 7030.0
928 0 7030.0
929 0 7030.0
930 0 7030.0
931 0 7030.0
932 0 7030.0
933 0 7030.0
934 0 7030.0
935 0 7030.0
936 0 7030.0
937 0 7030.0
938 0 7030.0
939 0 7030.0
940 0 7030.0
941 0 7030.0
942 0 7030.0
943 0 7030.0
944 0 7030.0
945 0 7030.0
946 0 7030.0
947 0 7030.0
948 0 7030.0
949 0 7030.0
950 0 7030.0
951 0 7030.0
952 0 7030.0
953 0 7030.0
954 0 7030.0
955 0 7030.0
956 0 7030.0
957 0 7030.0
958 0 7030.0
959 0 7030.0
960 0 7030.0
961 0 7030.0
962 0 7030.0
963 0 7030.0
964 0 7030.0
965 0 7030.0
966 0 7030.0
967 0 7030.0
968 0 7030.0
969 0 7030.0
970 0 7030.0
971 0 7030.0
972 0 7030.0
973 0 7030.0
974 0 7030.0
975 0 7030.0
976 0 7030.0
977 0 7030.0
978 0 7030.0
979 0 7030.0
980 0 7030.0
981 0 7030.0
982 0 7030.0
983 0 7030.0
984 0 7030.0
985 0 7030.0
986 0 7030.0
987 0 7030.0
988 0 7030.0
989 0 7030.0
990 0 7030.0
991 0 7030.0
992 0 7030.0
993 0 7030.0
994 0 7030.0
995 0 7030.0
996 0 7030.0
997 0 7030.0
998 0 7030.0
999 0 7030.0
1000 0 7030.0
