1 1 15162.0
2 1 20718.0
3 1 26077.0
4 2 31491.0
5 2 36687.0
6 2 41955.0
7 2 47364.0
8 4 52470.0
9 4 57768.0
10 8 62957.0
11 6 67906.0
12 5 72884.0
13 6 77975.0
14 10 83076.0
15 11 88137.0
16 18 93018.0
17 16 98026.0
18 18 103119.0
19 23 108103.0
20 32 113124.0
21 40 118195.0
22 36 123161.0
23 38 128028.0
24 35 132985.0
25 45 137863.0
26 42 142985.0
27 46 147829.0
28 57 152970.0
29 66 157750.0
30 76 162649.0
31 81 167600.0
32 80 172566.0
33 106 177397.0
34 113 182465.0
35 133 187576.0
36 153 192599.0
37 183 197346.0
38 170 202131.0
39 194 206972.0
40 206 211673.0
41 217 216546.0
42 224 221605.0
43 230 226554.0
44 279 231733.0
45 284 236737.0
46 355 241739.0
47 350 246446.0
48 374 251482.0
49 375 256399.0
50 420 261031.0
51 452 265841.0
52 461 270639.0
53 466 275571.0
54 430 280439.0
55 466 285258.0
56 521 290038.0
57 552 294898.0
58 573 299828.0
59 604 304841.0
60 600 309623.0
61 606 314651.0
62 656 319422.0
63 664 323969.0
64 676 328739.0
65 683 333813.0
66 706 338536.0
67 744 343426.0
68 794 348343.0
69 784 353032.0
70 882 357741.0
71 960 362294.0
72 964 367117.0
73 937 371882.0
74 1033 376569.0
75 1002 381179.0
76 1044 386060.0
77 1063 390634.0
78 1117 395260.0
79 1115 399961.0
80 1132 404594.0
81 1203 409371.0
82 1223 413883.0
83 1283 418654.0
84 1321 423319.0
85 1354 428052.0
86 1397 432723.0
87 1454 437366.0
88 1462 441828.0
89 1386 446457.0
90 1387 450990.0
91 1552 455371.0
92 1690 459770.0
93 1850 464256.0
94 1829 468588.0
95 1793 473190.0
96 1707 477792.0
97 1702 482328.0
98 1780 486790.0
99 1921 491228.0
100 2068 495702.0
101 2045 500065.0
102 2013 504739.0
103 1974 509033.0
104 2189 513247.0
105 2309 517781.0
106 2341 522204.0
107 2440 526729.0
108 2280 530945.0
109 2303 535489.0
110 2415 539889.0
111 2571 544160.0
112 2665 548387.0
113 2708 552563.0
114 2656 557038.0
115 2652 561293.0
116 2762 565563.0
117 2808 569777.0
118 2963 573918.0
119 2948 578258.0
120 2778 582548.0
121 2857 586794.0
122 3045 590850.0
123 3278 594773.0
124 3417 598691.0
125 3333 602919.0
126 3151 606966.0
127 3172 611073.0
128 3323 615209.0
129 3565 619188.0
130 3673 623533.0
131 3679 627515.0
132 3703 631467.0
133 3725 635432.0
134 3805 639265.0
135 3891 643382.0
136 3848 647386.0
137 3912 651204.0
138 3982 655166.0
139 4124 658982.0
140 4251 663060.0
141 4248 666882.0
142 4334 670947.0
143 4373 674857.0
144 4414 678816.0
145 4414 682520.0
146 4754 685999.0
147 4941 689787.0
148 4885 693473.0
149 4831 697074.0
150 4896 700702.0
151 5043 704383.0
152 5070 707919.0
153 5085 711459.0
154 5276 715131.0
155 5340 718723.0
156 5205 722283.0
157 5284 726020.0
158 5299 729505.0
159 5461 733184.0
160 5526 736691.0
161 5528 740085.0
162 5851 743562.0
163 6010 746857.0
164 6295 750143.0
165 6344 753505.0
166 6204 756859.0
167 6187 760170.0
168 6266 763293.0
169 6497 766431.0
170 6773 769793.0
171 6689 772939.0
172 6463 776221.0
173 6461 779582.0
174 6641 782683.0
175 6991 785986.0
176 7078 789067.0
177 7063 792224.0
178 7018 795322.0
179 7162 798412.0
180 7302 801477.0
181 7730 804536.0
182 7825 807419.0
183 7725 810582.0
184 7398 813625.0
185 7389 816367.0
186 7711 819142.0
187 8074 821835.0
188 8261 824715.0
189 8037 827435.0
190 8239 829970.0
191 8395 832856.0
192 8330 835512.0
193 8550 838099.0
194 8504 840790.0
195 8588 843590.0
196 8756 846265.0
197 8869 848794.0
198 9070 851248.0
199 9282 853634.0
200 9489 850802.0
201 9112 844412.0
202 8391 837847.0
203 8174 831779.0
204 7777 825747.0
205 7473 819989.0
206 7143 813850.0
207 7217 807870.0
208 7252 801726.0
209 7183 795652.0
210 7112 789397.0
211 6979 783530.0
212 6702 777765.0
213 6380 772207.0
214 6149 766567.0
215 6365 760681.0
216 6560 754648.0
217 6673 748775.0
218 6587 743243.0
219 6197 737470.0
220 6410 731699.0
221 6407 725765.0
222 6511 720211.0
223 6300 714406.0
224 6333 708532.0
225 6580 702573.0
226 6731 696565.0
227 6651 690749.0
228 6476 684952.0
229 6391 679277.0
230 6206 673515.0
231 6220 668030.0
232 6307 662387.0
233 6317 656683.0
234 6433 651015.0
235 6473 645333.0
236 6505 639711.0
237 6578 634012.0
238 6602 628383.0
239 6594 622611.0
240 6487 617208.0
241 6321 611762.0
242 6437 605864.0
243 6626 600373.0
244 6451 594960.0
245 6383 589353.0
246 6344 583664.0
247 6751 577950.0
248 6930 572521.0
249 6838 567130.0
250 6549 561849.0
251 6213 556435.0
252 6186 551100.0
253 6305 545511.0
254 6358 540231.0
255 6358 534958.0
256 6334 529743.0
257 6270 524549.0
258 6197 519212.0
259 6232 513933.0
260 6130 508964.0
261 5967 503744.0
262 5939 498606.0
263 6271 493023.0
264 6342 487814.0
265 6359 482567.0
266 6164 477550.0
267 5954 472289.0
268 6037 467266.0
269 5962 461998.0
270 6229 456953.0
271 6140 451939.0
272 5922 446788.0
273 5869 441861.0
274 5802 436751.0
275 5873 431862.0
276 5855 426790.0
277 5899 422004.0
278 5815 417124.0
279 5786 412098.0
280 5777 407120.0
281 5743 402148.0
282 5855 397094.0
283 6039 392265.0
284 6013 387282.0
285 5948 382575.0
286 5777 377602.0
287 5842 372891.0
288 5707 368187.0
289 5725 363387.0
290 5709 358767.0
291 5692 354108.0
292 5542 349428.0
293 5356 344922.0
294 5451 340129.0
295 5607 335577.0
296 5511 330880.0
297 5264 326314.0
298 5305 321729.0
299 5494 317274.0
300 5377 312764.0
301 5107 308303.0
302 5068 303882.0
303 5179 299323.0
304 5361 295011.0
305 5331 290381.0
306 5437 286006.0
307 5255 281814.0
308 5057 277600.0
309 4949 273471.0
310 4869 269410.0
311 4907 265083.0
312 5018 260910.0
313 5146 256737.0
314 5093 252677.0
315 4947 248640.0
316 4812 244506.0
317 4759 240460.0
318 4652 236325.0
319 4677 232386.0
320 4432 228449.0
321 4314 224560.0
322 4253 220800.0
323 4222 217162.0
324 4178 213453.0
325 4354 209866.0
326 4469 205874.0
327 4460 202122.0
328 4394 198355.0
329 4344 194677.0
330 4104 191235.0
331 3910 187837.0
332 3841 184288.0
333 3836 181037.0
334 3788 177596.0
335 3843 174271.0
336 3816 170680.0
337 3951 167384.0
338 3914 163964.0
339 3813 160711.0
340 3668 157533.0
341 3713 154307.0
342 3831 150993.0
343 3877 147774.0
344 3847 144622.0
345 3715 141479.0
346 3620 138579.0
347 3399 135681.0
348 3279 132775.0
349 3223 129919.0
350 3167 127016.0
351 3224 124270.0
352 3246 121448.0
353 3323 118637.0
354 3225 115936.0
355 3268 113096.0
356 3115 110604.0
357 3089 107889.0
358 3035 105190.0
359 3130 102826.0
360 2991 100361.0
361 2787 97876.0
362 2658 95458.0
363 2582 93184.0
364 2558 90909.0
365 2571 88551.0
366 2566 86206.0
367 2468 84064.0
368 2375 82154.0
369 2283 80244.0
370 2232 78232.0
371 2140 76128.0
372 2257 74114.0
373 2299 72295.0
374 2166 70471.0
375 2070 68712.0
376 1958 66943.0
377 1875 65265.0
378 1788 63674.0
379 1699 61843.0
380 1611 60243.0
381 1516 58719.0
382 1466 57299.0
383 1456 55762.0
384 1399 54314.0
385 1430 52868.0
386 1401 51434.0
387 1369 50198.0
388 1248 48871.0
389 1177 47441.0
390 1097 46194.0
391 1003 44948.0
392 957 43749.0
393 987 42436.0
394 1012 41321.0
395 1005 40421.0
396 940 39405.0
397 910 38244.0
398 859 37221.0
399 797 36249.0
400 757 35305.0
401 751 34592.0
402 691 33605.0
403 703 32778.0
404 633 31910.0
405 648 31114.0
406 643 30263.0
407 630 29480.0
408 583 28696.0
409 580 27860.0
410 576 27109.0
411 624 26425.0
412 613 25720.0
413 613 25119.0
414 595 24573.0
415 533 23905.0
416 477 23304.0
417 427 22686.0
418 358 22082.0
419 336 21603.0
420 324 21148.0
421 332 20701.0
422 305 20060.0
423 263 19598.0
424 246 19103.0
425 251 18759.0
426 266 18248.0
427 265 17820.0
428 231 17408.0
429 219 17261.0
430 187 16863.0
431 161 16534.0
432 151 16112.0
433 149 15943.0
434 154 15596.0
435 161 15344.0
436 138 14973.0
437 124 14563.0
438 110 14229.0
439 90 13969.0
440 81 13805.0
441 72 13465.0
442 62 13144.0
443 55 13010.0
444 58 12774.0
445 72 12545.0
446 77 12387.0
447 68 12244.0
448 48 12018.0
449 37 11887.0
450 34 11808.0
451 34 11697.0
452 39 11466.0
453 36 11304.0
454 32 11209.0
455 28 11054.0
456 25 10879.0
457 26 10693.0
458 30 10627.0
459 32 10455.0
460 25 10377.0
461 22 10409.0
462 18 10212.0
463 16 10064.0
464 12 9947.0
465 14 9808.0
466 15 9739.0
467 21 9637.0
468 19 9285.0
469 13 9217.0
470 6 9160.0
471 4 9123.0
472 2 9056.0
473 1 9057.0
474 1 8819.0
475 2 8713.0
476 1 8605.0
477 1 8641.0
478 2 8430.0
479 1 8458.0
480 0 8326.0
481 0 8361.0
482 0 8303.0
483 0 8269.0
484 0 8119.0
485 0 8188.0
486 0 8116.0
487 0 8158.0
488 0 8157.0
489 0 8017.0
490 0 7866.0
491 0 7928.0
492 0 7862.0
493 0 7765.0
494 0 7812.0
495 0 7596.0
496 0 7658.0
497 0 7600.0
498 0 7579.0
499 0 7535.0
500 0 7498.0
501 0 7541.0
502 0 7428.0
503 0 7470.0
504 0 7388.0
505 0 7428.0
506 0 7378.0
507 0 7202.0
508 0 7173.0
509 0 7222.0
510 0 7211.0
511 0 7167.0
512 0 7208.0
513 0 7082.0
514 0 7125.0
515 0 7278.0
516 0 7260.0
517 0 7220.0
518 0 7352.0
519 0 7318.0
520 0 7365.0
521 0 7337.0
522 0 7368.0
523 0 7186.0
524 0 7278.0
525 0 7218.0
526 0 7188.0
527 0 7247.0
528 0 7163.0
529 0 7115.0
530 0 7096.0
531 0 7195.0
532 0 7212.0
533 0 7166.0
534 0 7015.0
535 0 7151.0
536 0 7218.0
537 0 7207.0
538 0 7204.0
539 0 7008.0
540 0 7125.0
541 0 7166.0
542 0 7143.0
543 0 7069.0
544 0 7094.0
545 0 7052.0
546 0 7099.0
547 0 6980.0
548 0 6864.0
549 0 6856.0
550 0 6803.0
551 0 6869.0
552 0 7101.0
553 0 7071.0
554 0 7167.0
555 0 7122.0
556 0 7060.0
557 0 6990.0
558 0 6878.0
559 0 6862.0
560 0 6931.0
561 0 7032.0
562 0 7033.0
563 0 7172.0
564 0 7245.0
565 0 7094.0
566 0 7118.0
567 0 7137.0
568 0 7004.0
569 0 7009.0
570 0 7037.0
571 0 7120.0
572 0 7146.0
573 0 7116.0
574 0 7127.0
575 0 7033.0
576 0 7083.0
577 0 7239.0
578 0 7120.0
579 0 7177.0
580 0 7105.0
581 0 7053.0
582 0 7038.0
583 0 6898.0
584 0 6905.0
585 0 6995.0
586 0 6915.0
587 0 7026.0
588 0 7011.0
589 0 7011.0
590 0 7122.0
591 0 7007.0
592 0 6981.0
593 0 7052.0
594 0 6941.0
595 0 6986.0
596 0 6988.0
597 0 7061.0
598 0 6997.0
599 0 6881.0
600 0 6881.0
601 0 6881.0
602 0 6881.0
603 0 6881.0
604 0 6881.0
605 0 6881.0
606 0 6881.0
607 0 6881.0
608 0 6881.0
609 0 6881.0
610 0 6881.0
611 0 6881.0
612 0 6881.0
613 0 6881.0
614 0 6881.0
615 0 6881.0
616 0 6881.0
617 0 6881.0
618 0 6881.0
619 0 6881.0
620 0 6881.0
621 0 6881.0
622 0 6881.0
623 0 6881.0
624 0 6881.0
625 0 6881.0
626 0 6881.0
627 0 6881.0
628 0 6881.0
629 0 6881.0
630 0 6881.0
631 0 6881.0
632 0 6881.0
633 0 6881.0
634 0 6881.0
635 0 6881.0
636 0 6881.0
637 0 6881.0
638 0 6881.0
639 0 6881.0
640 0 6881.0
641 0 6881.0
642 0 6881.0
643 0 6881.0
644 0 6881.0
645 0 6881.0
646 0 6881.0
647 0 6881.0
648 0 6881.0
649 0 6881.0
650 0 6881.0
651 0 6881.0
652 0 6881.0
653 0 6881.0
654 0 6881.0
655 0 6881.0
656 0 6881.0
657 0 6881.0
658 0 6881.0
659 0 6881.0
660 0 6881.0
661 0 6881.0
662 0 6881.0
663 0 6881.0
664 0 6881.0
665 0 6881.0
666 0 6881.0
667 0 6881.0
668 0 6881.0
669 0 6881.0
670 0 6881.0
671 0 6881.0
672 0 6881.0
673 0 6881.0
674 0 6881.0
675 0 6881.0
676 0 6881.0
677 0 6881.0
678 0 6881.0
679 0 6881.0
680 0 6881.0
681 0 6881.0
682 0 6881.0
683 0 6881.0
684 0 6881.0
685 0 6881.0
686 0 6881.0
687 0 6881.0
688 0 6881.0
689 0 6881.0
690 0 6881.0
691 0 6881.0
692 0 6881.0
693 0 6881.0
694 0 6881.0
695 0 6881.0
696 0 6881.0
697 0 6881.0
698 0 6881.0
699 0 6881.0
700 0 6881.0
701 0 6881.0
702 0 6881.0
703 0 6881.0
704 0 6881.0
705 0 6881.0
706 0 6881.0
707 0 6881.0
708 0 6881.0
709 0 6881.0
710 0 6881.0
711 0 6881.0
712 0 6881.0
713 0 6881.0
714 0 6881.0
715 0 6881.0
716 0 6881.0
717 0 6881.0
718 0 6881.0
719 0 6881.0
720 0 6881.0
721 0 6881.0
722 0 6881.0
723 0 6881.0
724 0 6881.0
725 0 6881.0
726 0 6881.0
727 0 6881.0
728 0 6881.0
729 0 6881.0
730 0 6881.0
731 0 6881.0
732 0 6881.0
733 0 6881.0
734 0 6881.0
735 0 6881.0
736 0 6881.0
737 0 6881.0
738 0 6881.0
739 0 6881.0
740 0 6881.0
741 0 6881.0
742 0 6881.0
743 0 6881.0
744 0 6881.0
745 0 6881.0
746 0 6881.0
747 0 6881.0
748 0 6881.0
749 0 6881.0
750 0 6881.0
751 0 6881.0
752 0 6881.0
753 0 6881.0
754 0 6881.0
755 0 6881.0
756 0 6881.0
757 0 6881.0
758 0 6881.0
759 0 6881.0
760 0 6881.0
761 0 6881.0
762 0 6881.0
763 0 6881.0
764 0 6881.0
765 0 6881.0
766 0 6881.0
767 0 6881.0
768 0 6881.0
769 0 6881.0
770 0 6881.0
771 0 6881.0
772 0 6881.0
773 0 6881.0
774 0 6881.0
775 0 6881.0
776 0 6881.0
777 0 6881.0
778 0 6881.0
779 0 6881.0
780 0 6881.0
781 0 6881.0
782 0 6881.0
783 0 6881.0
784 0 6881.0
785 0 6881.0
786 0 6881.0
787 0 6881.0
788 0 6881.0
789 0 6881.0
790 0 6881.0
791 0 6881.0
792 0 6881.0
793 0 6881.0
794 0 6881.0
795 0 6881.0
796 0 6881.0
797 0 6881.0
798 0 6881.0
799 0 6881.0
800 0 6881.0
801 0 6881.0
802 0 6881.0
803 0 6881.0
804 0 6881.0
805 0 6881.0
806 0 6881.0
807 0 6881.0
808 0 6881.0
809 0 6881.0
810 0 6881.0
811 0 6881.0
812 0 6881.0
813 0 6881.0
814 0 6881.0
815 0 6881.0
816 0 6881.0
817 0 6881.0
818 0 6881.0
819 0 6881.0
820 0 6881.0
821 0 6881.0
822 0 6881.0
823 0 6881.0
824 0 6881.0
825 0 6881.0
826 0 6881.0
827 0 6881.0
828 0 6881.0
829 0 6881.0
830 0 6881.0
831 0 6881.0
832 0 6881.0
833 0 6881.0
834 0 6881.0
835 0 6881.0
836 0 6881.0
837 0 6881.0
838 0 6881.0
839 0 6881.0
840 0 6881.0
841 0 6881.0
842 0 6881.0
843 0 6881.0
844 0 6881.0
845 0 6881.0
846 0 6881.0
847 0 6881.0
848 0 6881.0
849 0 6881.0
850 0 6881.0
851 0 6881.0
852 0 6881.0
853 0 6881.0
854 0 6881.0
855 0 6881.0
856 0 6881.0
857 0 6881.0
858 0 6881.0
859 0 6881.0
860 0 6881.0
861 0 6881.0
862 0 6881.0
863 0 6881.0
864 0 6881.0
865 0 6881.0
866 0 6881.0
867 0 6881.0
868 0 6881.0
869 0 6881.0
870 0 6881.0
871 0 6881.0
872 0 6881.0
873 0 6881.0
874 0 6881.0
875 0 6881.0
876 0 6881.0
877 0 6881.0
878 0 6881.0
879 0 6881.0
880 0 6881.0
881 0 6881.0
882 0 6881.0
883 0 6881.0
884 0 6881.0
885 0 6881.0
886 0 6881.0
887 0 6881.0
888 0 6881.0
889 0 6881.0
890 0 6881.0
891 0 6881.0
892 0 6881.0
893 0 6881.0
894 0 6881.0
895 0 6881.0
896 0 6881.0
897 0 6881.0
898 0 6881.0
899 0 6881.0
900 0 6881.0
901 0 6881.0
902 0 6881.0
903 0 6881.0
904 0 6881.0
905 0 6881.0
906 0 6881.0
907 0 6881.0
908 0 6881.0
909 0 6881.0
910 0 6881.0
911 0 6881.0
912 0 6881.0
913 0 6881.0
914 0 6881.0
915 0 6881.0
916 0 6881.0
917 0 6881.0
918 0 6881.0
919 0 6881.0
920 0 6881.0
921 0 6881.0
922 0 6881.0
923 0 6881.0
924 0 6881.0
925 0 6881.0
926 0 6881.0
927 0 6881.0
928 0 6881.0
929 0 6881.0
930 0 6881.0
931 0 6881.0
932 0 6881.0
933 0 6881.0
934 0 6881.0
935 0 6881.0
936 0 6881.0
937 0 6881.0
938 0 6881.0
939 0 6881.0
940 0 6881.0
941 0 6881.0
942 0 6881.0
943 0 6881.0
944 0 6881.0
945 0 6881.0
946 0 6881.0
947 0 6881.0
948 0 6881.0
949 0 6881.0
950 0 6881.0
951 0 6881.0
952 0 6881.0
953 0 6881.0
954 0 6881.0
955 0 6881.0
956 0 6881.0
957 0 6881.0
958 0 6881.0
959 0 6881.0
960 0 6881.0
961 0 6881.0
962 0 6881.0
963 0 6881.0
964 0 6881.0
965 0 6881.0
966 0 6881.0
967 0 6881.0
968 0 6881.0
969 0 6881.0
970 0 6881.0
971 0 6881.0
972 0 6881.0
973 0 6881.0
974 0 6881.0
975 0 6881.0
976 0 6881.0
977 0 6881.0
978 0 6881.0
979 0 6881.0
980 0 6881.0
981 0 6881.0
982 0 6881.0
983 0 6881.0
984 0 6881.0
985 0 6881.0
986 0 6881.0
987 0 6881.0
988 0 6881.0
989 0 6881.0
990 0 6881.0
991 0 6881.0
992 0 6881.0
993 0 6881.0
994 0 6881.0
995 0 6881.0
996 0 6881.0
997 0 6881.0
998 0 6881.0
999 0 6881.0
1000 0 6881.0
