1 1 14930.0
2 1 20779.0
3 1 26269.0
4 2 31780.0
5 1 37167.0
6 2 42412.0
7 2 47590.0
8 2 52751.0
9 2 57953.0
10 4 63107.0
11 4 68103.0
12 8 73230.0
13 6 78484.0
14 11 83670.0
15 8 88802.0
16 8 93895.0
17 13 98747.0
18 12 103556.0
19 13 108702.0
20 13 113594.0
21 23 118624.0
22 22 123630.0
23 22 128678.0
24 23 133803.0
25 31 138766.0
26 27 143874.0
27 26 148710.0
28 32 153685.0
29 33 158667.0
30 43 163631.0
31 47 168539.0
32 73 173467.0
33 72 178326.0
34 74 183249.0
35 81 188185.0
36 94 193096.0
37 99 198234.0
38 91 203314.0
39 91 208162.0
40 117 212983.0
41 131 217893.0
42 162 222884.0
43 173 227868.0
44 185 232830.0
45 228 237820.0
46 244 242914.0
47 246 247702.0
48 250 252529.0
49 290 257382.0
50 307 262132.0
51 359 267194.0
52 418 272149.0
53 440 277021.0
54 406 281990.0
55 403 286896.0
56 448 291842.0
57 493 296613.0
58 507 301340.0
59 571 306286.0
60 558 310879.0
61 562 315867.0
62 579 320726.0
63 635 325536.0
64 641 330416.0
65 698 335076.0
66 667 339861.0
67 728 344964.0
68 714 349766.0
69 740 354343.0
70 806 358985.0
71 822 363891.0
72 769 368671.0
73 760 373451.0
74 853 378060.0
75 968 382790.0
76 996 387552.0
77 979 392478.0
78 973 397067.0
79 968 401932.0
80 1036 406754.0
81 1114 411305.0
82 1194 416096.0
83 1237 420656.0
84 1249 425365.0
85 1255 429986.0
86 1399 434711.0
87 1404 439278.0
88 1424 443937.0
89 1449 448390.0
90 1340 452961.0
91 1316 457619.0
92 1433 462197.0
93 1522 466872.0
94 1590 471335.0
95 1603 475868.0
96 1680 480413.0
97 1659 484917.0
98 1793 489423.0
99 1840 493842.0
100 1896 498136.0
101 1922 502700.0
102 1898 506898.0
103 2069 511188.0
104 2139 515668.0
105 2194 520005.0
106 2215 524370.0
107 2288 528665.0
108 2382 533103.0
109 2335 537484.0
110 2304 541875.0
111 2392 546159.0
112 2539 550607.0
113 2519 554941.0
114 2481 559014.0
115 2660 563283.0
116 2785 567599.0
117 2824 572017.0
118 2807 576066.0
119 2999 580419.0
120 2973 584611.0
121 2974 588940.0
122 3026 592874.0
123 3138 596997.0
124 3074 600993.0
125 3069 605162.0
126 3090 609207.0
127 3238 613494.0
128 3375 617320.0
129 3574 621546.0
130 3412 625451.0
131 3370 629767.0
132 3294 633821.0
133 3507 637772.0
134 3685 641659.0
135 3967 645649.0
136 4042 649422.0
137 4027 653528.0
138 3966 657494.0
139 4089 661485.0
140 4042 665381.0
141 4122 669297.0
142 4120 673085.0
143 4208 677106.0
144 4283 680930.0
145 4394 684744.0
146 4550 688730.0
147 4495 692506.0
148 4488 696423.0
149 4464 700370.0
150 4722 703762.0
151 5083 707300.0
152 5136 710936.0
153 5143 714600.0
154 4943 718307.0
155 4921 722003.0
156 5085 725550.0
157 5293 729284.0
158 5451 732726.0
159 5568 736386.0
160 5447 739973.0
161 5440 743233.0
162 5555 746834.0
163 5673 750114.0
164 5926 753679.0
165 5875 756972.0
166 6135 760214.0
167 6078 763532.0
168 6068 766950.0
169 6188 770337.0
170 6174 773748.0
171 6292 777051.0
172 6301 780308.0
173 6352 783707.0
174 6431 786915.0
175 6767 790062.0
176 6846 793050.0
177 6884 796225.0
178 6925 799313.0
179 7107 802486.0
180 7128 805370.0
181 7410 808156.0
182 7609 810967.0
183 7702 813745.0
184 7763 816751.0
185 7679 819680.0
186 7699 822474.0
187 7795 825511.0
188 7763 828422.0
189 7729 831503.0
190 7790 834001.0
191 8351 836968.0
192 8569 839548.0
193 8661 842026.0
194 8753 844639.0
195 8685 847423.0
196 8568 850188.0
197 8417 853158.0
198 8520 855871.0
199 8703 858531.0
200 8886 855813.0
201 8792 849191.0
202 8428 843007.0
203 7822 836993.0
204 7240 831261.0
205 6960 825280.0
206 6848 819384.0
207 7020 813474.0
208 6885 807525.0
209 6756 801602.0
210 6645 795839.0
211 6339 790097.0
212 6318 784309.0
213 6421 778327.0
214 6701 772374.0
215 6893 766544.0
216 6764 760639.0
217 6580 754718.0
218 6287 748958.0
219 6309 743269.0
220 6395 737429.0
221 6467 731531.0
222 6519 725948.0
223 6273 720112.0
224 6357 714209.0
225 6529 708262.0
226 6695 702342.0
227 6559 696617.0
228 6460 691084.0
229 6227 685488.0
230 6138 679976.0
231 6151 674282.0
232 6472 668529.0
233 6625 662554.0
234 6744 656803.0
235 6563 650939.0
236 6243 645549.0
237 6058 640023.0
238 6123 634427.0
239 6225 628529.0
240 6651 622723.0
241 6776 617130.0
242 6629 611585.0
243 6181 605988.0
244 6125 600319.0
245 6394 594938.0
246 6463 589093.0
247 6604 583552.0
248 6553 577806.0
249 6724 572271.0
250 6555 566798.0
251 6298 561308.0
252 6164 555968.0
253 6073 550577.0
254 6381 545073.0
255 6661 539604.0
256 6751 533920.0
257 6472 528629.0
258 6374 523297.0
259 6241 518304.0
260 5950 513354.0
261 6012 508138.0
262 6186 502498.0
263 6371 497326.0
264 6252 492099.0
265 6257 486769.0
266 6254 481435.0
267 6054 476249.0
268 6024 471115.0
269 6019 465877.0
270 6026 460801.0
271 5951 455684.0
272 5882 450543.0
273 5919 445414.0
274 5896 440349.0
275 5799 435222.0
276 5727 430297.0
277 5670 425170.0
278 5775 420246.0
279 5759 415326.0
280 5609 410556.0
281 5473 405671.0
282 5476 400798.0
283 5530 395816.0
284 5422 391006.0
285 5373 386388.0
286 5305 381594.0
287 5453 376643.0
288 5534 371886.0
289 5499 366860.0
290 5568 362169.0
291 5469 357556.0
292 5254 353037.0
293 5504 348214.0
294 5641 343518.0
295 5509 338691.0
296 5487 334149.0
297 5204 329595.0
298 5009 325247.0
299 4969 320844.0
300 4961 316297.0
301 5038 311911.0
302 4960 307477.0
303 4930 303342.0
304 4886 298829.0
305 4800 294702.0
306 4886 290255.0
307 5108 285884.0
308 5069 281649.0
309 5020 277385.0
310 4973 272977.0
311 5115 268627.0
312 5227 264123.0
313 5189 260096.0
314 4923 255930.0
315 4870 251854.0
316 4804 247556.0
317 4808 243585.0
318 4770 239390.0
319 4716 235349.0
320 4549 231456.0
321 4451 227589.0
322 4530 223629.0
323 4455 219701.0
324 4415 215997.0
325 4333 211901.0
326 4266 208302.0
327 3970 204601.0
328 3970 201040.0
329 3903 197382.0
330 3859 193604.0
331 3891 190109.0
332 3861 186465.0
333 3762 183154.0
334 3644 179791.0
335 3639 176375.0
336 3550 173031.0
337 3493 169854.0
338 3472 166510.0
339 3663 163105.0
340 3706 159723.0
341 3686 156436.0
342 3527 153420.0
343 3320 150354.0
344 3288 147380.0
345 3362 144367.0
346 3348 141331.0
347 3335 138288.0
348 3267 135352.0
349 3199 132401.0
350 3162 129706.0
351 3147 126794.0
352 3214 123998.0
353 3115 121221.0
354 2928 118700.0
355 2807 115935.0
356 2848 113367.0
357 2749 110750.0
358 2739 108187.0
359 2738 105553.0
360 2714 103113.0
361 2602 100778.0
362 2586 98298.0
363 2503 95940.0
364 2494 93681.0
365 2371 91405.0
366 2326 89011.0
367 2427 86712.0
368 2438 84547.0
369 2444 82369.0
370 2369 80168.0
371 2252 78145.0
372 2193 76204.0
373 2116 74280.0
374 2082 72428.0
375 2012 70553.0
376 2015 68787.0
377 2044 66883.0
378 1919 65051.0
379 1819 63444.0
380 1762 61705.0
381 1747 60062.0
382 1634 58488.0
383 1625 57066.0
384 1567 55471.0
385 1500 54063.0
386 1482 52682.0
387 1401 51249.0
388 1357 49893.0
389 1360 48506.0
390 1364 47203.0
391 1372 45951.0
392 1348 44683.0
393 1263 43484.0
394 1240 42270.0
395 1205 41115.0
396 1162 39959.0
397 1154 38869.0
398 1124 37557.0
399 1097 36522.0
400 1066 35428.0
401 1033 34509.0
402 991 33561.0
403 900 32794.0
404 802 31992.0
405 772 31231.0
406 803 30545.0
407 807 29738.0
408 799 28961.0
409 794 28157.0
410 789 27270.0
411 763 26611.0
412 663 25858.0
413 593 25039.0
414 526 24515.0
415 497 24011.0
416 497 23379.0
417 527 22791.0
418 495 22166.0
419 484 21688.0
420 443 21174.0
421 451 20615.0
422 426 20112.0
423 359 19693.0
424 329 19110.0
425 307 18753.0
426 305 18262.0
427 302 17899.0
428 321 17614.0
429 314 17166.0
430 297 16808.0
431 289 16473.0
432 282 16141.0
433 279 15717.0
434 240 15278.0
435 247 14991.0
436 217 14630.0
437 202 14450.0
438 198 14179.0
439 168 13879.0
440 139 13615.0
441 124 13403.0
442 102 13113.0
443 86 13022.0
444 83 12853.0
445 75 12794.0
446 66 12536.0
447 75 12328.0
448 95 11971.0
449 81 11870.0
450 61 11693.0
451 51 11527.0
452 43 11305.0
453 35 11164.0
454 31 11050.0
455 28 11003.0
456 29 10736.0
457 24 10588.0
458 20 10365.0
459 17 10225.0
460 17 10177.0
461 15 10060.0
462 17 10014.0
463 24 9967.0
464 23 9737.0
465 19 9752.0
466 10 9519.0
467 6 9540.0
468 4 9504.0
469 3 9439.0
470 1 9374.0
471 0 9222.0
472 0 9075.0
473 0 8900.0
474 0 8647.0
475 0 8683.0
476 0 8625.0
477 0 8539.0
478 0 8360.0
479 0 8340.0
480 0 8188.0
481 0 8087.0
482 0 8077.0
483 0 8142.0
484 0 7950.0
485 0 7986.0
486 0 7986.0
487 0 7946.0
488 0 7930.0
489 0 7926.0
490 0 7939.0
491 0 7832.0
492 0 7887.0
493 0 7722.0
494 0 7682.0
495 0 7627.0
496 0 7633.0
497 0 7584.0
498 0 7527.0
499 0 7579.0
500 0 7547.0
501 0 7642.0
502 0 7520.0
503 0 7486.0
504 0 7470.0
505 0 7421.0
506 0 7456.0
507 0 7412.0
508 0 7531.0
509 0 7583.0
510 0 7402.0
511 0 7350.0
512 0 7415.0
513 0 7419.0
514 0 7412.0
515 0 7409.0
516 0 7299.0
517 0 7250.0
518 0 7261.0
519 0 7260.0
520 0 7356.0
521 0 7333.0
522 0 7163.0
523 0 7291.0
524 0 7364.0
525 0 7336.0
526 0 7372.0
527 0 7238.0
528 0 7099.0
529 0 7271.0
530 0 7153.0
531 0 7231.0
532 0 7163.0
533 0 7237.0
534 0 7115.0
535 0 7138.0
536 0 7204.0
537 0 7188.0
538 0 7043.0
539 0 7160.0
540 0 7121.0
541 0 7005.0
542 0 7041.0
543 0 6989.0
544 0 6954.0
545 0 6962.0
546 0 6907.0
547 0 6940.0
548 0 6967.0
549 0 6982.0
550 0 7014.0
551 0 6956.0
552 0 6909.0
553 0 7019.0
554 0 6977.0
555 0 6988.0
556 0 7030.0
557 0 6934.0
558 0 6905.0
559 0 6859.0
560 0 6904.0
561 0 6906.0
562 0 6906.0
563 0 6919.0
564 0 6969.0
565 0 7121.0
566 0 7142.0
567 0 7090.0
568 0 7127.0
569 0 7069.0
570 0 7167.0
571 0 7145.0
572 0 6961.0
573 0 6804.0
574 0 6866.0
575 0 6914.0
576 0 6889.0
577 0 6909.0
578 0 6879.0
579 0 6870.0
580 0 6935.0
581 0 6920.0
582 0 6889.0
583 0 6973.0
584 0 7100.0
585 0 6932.0
586 0 7061.0
587 0 7020.0
588 0 7041.0
589 0 7113.0
590 0 7148.0
591 0 7123.0
592 0 7134.0
593 0 7061.0
594 0 6977.0
595 0 7078.0
596 0 7018.0
597 0 6962.0
598 0 6968.0
599 0 6929.0
600 0 6929.0
601 0 6929.0
602 0 6929.0
603 0 6929.0
604 0 6929.0
605 0 6929.0
606 0 6929.0
607 0 6929.0
608 0 6929.0
609 0 6929.0
610 0 6929.0
611 0 6929.0
612 0 6929.0
613 0 6929.0
614 0 6929.0
615 0 6929.0
616 0 6929.0
617 0 6929.0
618 0 6929.0
619 0 6929.0
620 0 6929.0
621 0 6929.0
622 0 6929.0
623 0 6929.0
624 0 6929.0
625 0 6929.0
626 0 6929.0
627 0 6929.0
628 0 6929.0
629 0 6929.0
630 0 6929.0
631 0 6929.0
632 0 6929.0
633 0 6929.0
634 0 6929.0
635 0 6929.0
636 0 6929.0
637 0 6929.0
638 0 6929.0
639 0 6929.0
640 0 6929.0
641 0 6929.0
642 0 6929.0
643 0 6929.0
644 0 6929.0
645 0 6929.0
646 0 6929.0
647 0 6929.0
648 0 6929.0
649 0 6929.0
650 0 6929.0
651 0 6929.0
652 0 6929.0
653 0 6929.0
654 0 6929.0
655 0 6929.0
656 0 6929.0
657 0 6929.0
658 0 6929.0
659 0 6929.0
660 0 6929.0
661 0 6929.0
662 0 6929.0
663 0 6929.0
664 0 6929.0
665 0 6929.0
666 0 6929.0
667 0 6929.0
668 0 6929.0
669 0 6929.0
670 0 6929.0
671 0 6929.0
672 0 6929.0
673 0 6929.0
674 0 6929.0
675 0 6929.0
676 0 6929.0
677 0 6929.0
678 0 6929.0
679 0 6929.0
680 0 6929.0
681 0 6929.0
682 0 6929.0
683 0 6929.0
684 0 6929.0
685 0 6929.0
686 0 6929.0
687 0 6929.0
688 0 6929.0
689 0 6929.0
690 0 6929.0
691 0 6929.0
692 0 6929.0
693 0 6929.0
694 0 6929.0
695 0 6929.0
696 0 6929.0
697 0 6929.0
698 0 6929.0
699 0 6929.0
700 0 6929.0
701 0 6929.0
702 0 6929.0
703 0 6929.0
704 0 6929.0
705 0 6929.0
706 0 6929.0
707 0 6929.0
708 0 6929.0
709 0 6929.0
710 0 6929.0
711 0 6929.0
712 0 6929.0
713 0 6929.0
714 0 6929.0
715 0 6929.0
716 0 6929.0
717 0 6929.0
718 0 6929.0
719 0 6929.0
720 0 6929.0
721 0 6929.0
722 0 6929.0
723 0 6929.0
724 0 6929.0
725 0 6929.0
726 0 6929.0
727 0 6929.0
728 0 6929.0
729 0 6929.0
730 0 6929.0
731 0 6929.0
732 0 6929.0
733 0 6929.0
734 0 6929.0
735 0 6929.0
736 0 6929.0
737 0 6929.0
738 0 6929.0
739 0 6929.0
740 0 6929.0
741 0 6929.0
742 0 6929.0
743 0 6929.0
744 0 6929.0
745 0 6929.0
746 0 6929.0
747 0 6929.0
748 0 6929.0
749 0 6929.0
750 0 6929.0
751 0 6929.0
752 0 6929.0
753 0 6929.0
754 0 6929.0
755 0 6929.0
756 0 6929.0
757 0 6929.0
758 0 6929.0
759 0 6929.0
760 0 6929.0
761 0 6929.0
762 0 6929.0
763 0 6929.0
764 0 6929.0
765 0 6929.0
766 0 6929.0
767 0 6929.0
768 0 6929.0
769 0 6929.0
770 0 6929.0
771 0 6929.0
772 0 6929.0
773 0 6929.0
774 0 6929.0
775 0 6929.0
776 0 6929.0
777 0 6929.0
778 0 6929.0
779 0 6929.0
780 0 6929.0
781 0 6929.0
782 0 6929.0
783 0 6929.0
784 0 6929.0
785 0 6929.0
786 0 6929.0
787 0 6929.0
788 0 6929.0
789 0 6929.0
790 0 6929.0
791 0 6929.0
792 0 6929.0
793 0 6929.0
794 0 6929.0
795 0 6929.0
796 0 6929.0
797 0 6929.0
798 0 6929.0
799 0 6929.0
800 0 6929.0
801 0 6929.0
802 0 6929.0
803 0 6929.0
804 0 6929.0
805 0 6929.0
806 0 6929.0
807 0 6929.0
808 0 6929.0
809 0 6929.0
810 0 6929.0
811 0 6929.0
812 0 6929.0
813 0 6929.0
814 0 6929.0
815 0 6929.0
816 0 6929.0
817 0 6929.0
818 0 6929.0
819 0 6929.0
820 0 6929.0
821 0 6929.0
822 0 6929.0
823 0 6929.0
824 0 6929.0
825 0 6929.0
826 0 6929.0
827 0 6929.0
828 0 6929.0
829 0 6929.0
830 0 6929.0
831 0 6929.0
832 0 6929.0
833 0 6929.0
834 0 6929.0
835 0 6929.0
836 0 6929.0
837 0 6929.0
838 0 6929.0
839 0 6929.0
840 0 6929.0
841 0 6929.0
842 0 6929.0
843 0 6929.0
844 0 6929.0
845 0 6929.0
846 0 6929.0
847 0 6929.0
848 0 6929.0
849 0 6929.0
850 0 6929.0
851 0 6929.0
852 0 6929.0
853 0 6929.0
854 0 6929.0
855 0 6929.0
856 0 6929.0
857 0 6929.0
858 0 6929.0
859 0 6929.0
860 0 6929.0
861 0 6929.0
862 0 6929.0
863 0 6929.0
864 0 6929.0
865 0 6929.0
866 0 6929.0
867 0 6929.0
868 0 6929.0
869 0 6929.0
870 0 6929.0
871 0 6929.0
872 0 6929.0
873 0 6929.0
874 0 6929.0
875 0 6929.0
876 0 6929.0
877 0 6929.0
878 0 6929.0
879 0 6929.0
880 0 6929.0
881 0 6929.0
882 0 6929.0
883 0 6929.0
884 0 6929.0
885 0 6929.0
886 0 6929.0
887 0 6929.0
888 0 6929.0
889 0 6929.0
890 0 6929.0
891 0 6929.0
892 0 6929.0
893 0 6929.0
894 0 6929.0
895 0 6929.0
896 0 6929.0
897 0 6929.0
898 0 6929.0
899 0 6929.0
900 0 6929.0
901 0 6929.0
902 0 6929.0
903 0 6929.0
904 0 6929.0
905 0 6929.0
906 0 6929.0
907 0 6929.0
908 0 6929.0
909 0 6929.0
910 0 6929.0
911 0 6929.0
912 0 6929.0
913 0 6929.0
914 0 6929.0
915 0 6929.0
916 0 6929.0
917 0 6929.0
918 0 6929.0
919 0 6929.0
920 0 6929.0
921 0 6929.0
922 0 6929.0
923 0 6929.0
924 0 6929.0
925 0 6929.0
926 0 6929.0
927 0 6929.0
928 0 6929.0
929 0 6929.0
930 0 6929.0
931 0 6929.0
932 0 6929.0
933 0 6929.0
934 0 6929.0
935 0 6929.0
936 0 6929.0
937 0 6929.0
938 0 6929.0
939 0 6929.0
940 0 6929.0
941 0 6929.0
942 0 6929.0
943 0 6929.0
944 0 6929.0
945 0 6929.0
946 0 6929.0
947 0 6929.0
948 0 6929.0
949 0 6929.0
950 0 6929.0
951 0 6929.0
952 0 6929.0
953 0 6929.0
954 0 6929.0
955 0 6929.0
956 0 6929.0
957 0 6929.0
958 0 6929.0
959 0 6929.0
960 0 6929.0
961 0 6929.0
962 0 6929.0
963 0 6929.0
964 0 6929.0
965 0 6929.0
966 0 6929.0
967 0 6929.0
968 0 6929.0
969 0 6929.0
970 0 6929.0
971 0 6929.0
972 0 6929.0
973 0 6929.0
974 0 6929.0
975 0 6929.0
976 0 6929.0
977 0 6929.0
978 0 6929.0
979 0 6929.0
980 0 6929.0
981 0 6929.0
982 0 6929.0
983 0 6929.0
984 0 6929.0
985 0 6929.0
986 0 6929.0
987 0 6929.0
988 0 6929.0
989 0 6929.0
990 0 6929.0
991 0 6929.0
992 0 6929.0
993 0 6929.0
994 0 6929.0
995 0 6929.0
996 0 6929.0
997 0 6929.0
998 0 6929.0
999 0 6929.0
1000 0 6929.0
