1 1 14804.0
2 2 20328.0
3 2 25759.0
4 2 31117.0
5 2 36236.0
6 4 41542.0
7 4 46664.0
8 8 51959.0
9 6 57019.0
10 4 61967.0
11 4 67164.0
12 7 72273.0
13 7 77207.0
14 11 82180.0
15 9 87298.0
16 12 92314.0
17 12 97475.0
18 12 102625.0
19 12 107626.0
20 21 112740.0
21 24 117687.0
22 39 122691.0
23 33 127693.0
24 48 132724.0
25 53 137878.0
26 49 142768.0
27 50 147824.0
28 50 152963.0
29 68 158036.0
30 80 162973.0
31 89 168227.0
32 97 173301.0
33 116 178361.0
34 130 183382.0
35 155 188359.0
36 162 193436.0
37 172 198361.0
38 200 203100.0
39 203 208230.0
40 224 213195.0
41 208 217988.0
42 239 223039.0
43 249 227940.0
44 263 232709.0
45 273 237485.0
46 307 242289.0
47 289 247172.0
48 348 251819.0
49 373 256586.0
50 366 261655.0
51 420 266581.0
52 393 271473.0
53 393 276540.0
54 395 281365.0
55 446 286080.0
56 532 290910.0
57 562 295663.0
58 627 300537.0
59 573 305255.0
60 591 309944.0
61 616 314982.0
62 662 319587.0
63 725 324400.0
64 703 329158.0
65 761 334105.0
66 761 338890.0
67 768 343827.0
68 789 348639.0
69 819 353430.0
70 852 358085.0
71 894 362847.0
72 937 367663.0
73 999 372310.0
74 958 377010.0
75 987 381864.0
76 1039 386551.0
77 1082 391386.0
78 1129 396341.0
79 1124 401086.0
80 1157 405994.0
81 1153 410659.0
82 1201 415623.0
83 1249 420257.0
84 1332 424847.0
85 1305 429309.0
86 1328 434064.0
87 1330 438592.0
88 1351 443284.0
89 1425 447767.0
90 1510 452124.0
91 1657 456584.0
92 1643 460920.0
93 1703 465659.0
94 1689 470144.0
95 1758 474621.0
96 1831 479061.0
97 1894 483580.0
98 1868 488016.0
99 1823 492571.0
100 1769 497227.0
101 1860 501753.0
102 1983 506279.0
103 2142 510707.0
104 2204 515062.0
105 2258 519378.0
106 2209 523832.0
107 2290 528388.0
108 2360 532679.0
109 2435 537189.0
110 2449 541453.0
111 2486 545947.0
112 2524 550454.0
113 2540 554885.0
114 2599 559289.0
115 2736 563489.0
116 2708 567790.0
117 2699 572146.0
118 2688 576504.0
119 2798 580559.0
120 3029 584761.0
121 3175 588778.0
122 3229 592894.0
123 3239 596856.0
124 3202 600753.0
125 3302 604767.0
126 3404 608698.0
127 3391 612565.0
128 3451 616621.0
129 3575 620538.0
130 3620 624604.0
131 3595 628674.0
132 3674 632715.0
133 3768 636749.0
134 3642 640575.0
135 3751 644435.0
136 3909 648219.0
137 4082 652076.0
138 4347 656003.0
139 4329 659692.0
140 4327 663621.0
141 4301 667125.0
142 4515 671008.0
143 4405 674859.0
144 4563 678630.0
145 4769 682243.0
146 5067 685934.0
147 4985 689875.0
148 4776 693490.0
149 4911 697315.0
150 4892 700965.0
151 5050 704648.0
152 5174 708133.0
153 5185 711749.0
154 5027 715439.0
155 5196 718918.0
156 5523 722366.0
157 5617 725983.0
158 5462 729591.0
159 5358 733243.0
160 5519 736957.0
161 5768 740287.0
162 5977 743645.0
163 6030 747180.0
164 6044 750694.0
165 5868 754238.0
166 5941 757706.0
167 6144 760853.0
168 6463 764283.0
169 6527 767494.0
170 6587 770489.0
171 6795 773560.0
172 6790 776649.0
173 6903 779912.0
174 6850 782858.0
175 7042 785725.0
176 7052 788889.0
177 7040 791912.0
178 7214 794864.0
179 7477 797626.0
180 7805 800516.0
181 7868 803314.0
182 7625 806352.0
183 7461 809286.0
184 7526 812346.0
185 7822 815020.0
186 8297 817837.0
187 8352 820876.0
188 8171 823633.0
189 8116 826332.0
190 8313 828960.0
191 8507 831680.0
192 8535 834475.0
193 8721 837250.0
194 8824 839969.0
195 8911 842577.0
196 9044 844882.0
197 9151 847408.0
198 9124 849908.0
199 9322 852412.0
200 9612 849522.0
201 9335 842957.0
202 8786 836410.0
203 8202 830511.0
204 7463 824424.0
205 7485 818402.0
206 7159 812455.0
207 6906 806702.0
208 6919 800755.0
209 6933 794756.0
210 6736 788862.0
211 6645 783011.0
212 6697 777124.0
213 6819 771128.0
214 6795 765316.0
215 6514 759511.0
216 6388 753878.0
217 6359 747925.0
218 6630 742317.0
219 6539 736510.0
220 6533 730582.0
221 6611 724691.0
222 6495 719092.0
223 6634 713095.0
224 6847 707281.0
225 6823 701405.0
226 6858 695811.0
227 6610 689778.0
228 6500 684574.0
229 5993 678911.0
230 6177 673388.0
231 6521 667214.0
232 6908 661597.0
233 6924 655488.0
234 6898 650009.0
235 6561 644276.0
236 6547 638726.0
237 6353 633241.0
238 6460 627627.0
239 6692 622162.0
240 6838 616369.0
241 6759 611018.0
242 6399 605508.0
243 6297 600025.0
244 6304 594446.0
245 6312 588937.0
246 6499 583566.0
247 6601 577712.0
248 6810 572075.0
249 6772 566584.0
250 6547 561162.0
251 6572 555875.0
252 6334 550632.0
253 6113 545234.0
254 6248 539988.0
255 6213 534553.0
256 6316 529318.0
257 6465 524015.0
258 6420 518944.0
259 6231 513481.0
260 6405 508214.0
261 6356 503049.0
262 6165 497914.0
263 6131 492718.0
264 6230 487301.0
265 6660 482057.0
266 6520 476748.0
267 6274 471596.0
268 6212 466431.0
269 6162 461319.0
270 6034 456339.0
271 5864 451230.0
272 5796 446105.0
273 6057 440952.0
274 6001 435961.0
275 5792 431102.0
276 5809 426030.0
277 6064 420982.0
278 6151 415973.0
279 6063 410774.0
280 6162 405800.0
281 6245 400894.0
282 6003 395810.0
283 5755 390992.0
284 5544 386509.0
285 5463 381698.0
286 5578 377087.0
287 5702 372186.0
288 5545 367658.0
289 5614 362772.0
290 5797 358189.0
291 5400 353415.0
292 5466 348751.0
293 5587 343926.0
294 5641 339259.0
295 5451 334841.0
296 5356 330394.0
297 5425 325724.0
298 5373 321317.0
299 5215 316840.0
300 5205 312444.0
301 5292 307897.0
302 5489 303276.0
303 5460 298784.0
304 5277 294449.0
305 5230 290085.0
306 5425 285518.0
307 5389 281065.0
308 5162 276859.0
309 5221 272579.0
310 5232 268378.0
311 5035 264085.0
312 4867 260107.0
313 4692 256110.0
314 4591 252213.0
315 4496 248258.0
316 4555 244025.0
317 4706 240013.0
318 4706 236052.0
319 4671 232335.0
320 4412 228484.0
321 4371 224677.0
322 4434 220620.0
323 4500 216687.0
324 4410 212825.0
325 4431 209002.0
326 4392 205389.0
327 4328 201531.0
328 4239 197938.0
329 4227 194249.0
330 4115 190575.0
331 3904 187351.0
332 3721 183871.0
333 3677 180335.0
334 3760 176928.0
335 3679 173686.0
336 3633 170453.0
337 3641 167225.0
338 3725 163949.0
339 3626 161015.0
340 3463 157687.0
341 3529 154483.0
342 3464 151245.0
343 3500 147998.0
344 3582 144977.0
345 3585 141773.0
346 3561 138775.0
347 3387 135835.0
348 3434 133058.0
349 3378 130239.0
350 3316 127383.0
351 3342 124532.0
352 3325 121677.0
353 3411 118916.0
354 3402 116288.0
355 3262 113770.0
356 2975 111272.0
357 2902 108695.0
358 2875 106239.0
359 2865 103696.0
360 2898 101278.0
361 2938 98824.0
362 2903 96366.0
363 2823 93908.0
364 2772 91517.0
365 2674 89233.0
366 2680 87095.0
367 2630 84727.0
368 2606 82527.0
369 2568 80236.0
370 2682 78020.0
371 2535 75978.0
372 2359 73968.0
373 2108 72051.0
374 1936 70365.0
375 1926 68534.0
376 1990 66791.0
377 1899 65010.0
378 1827 63458.0
379 1747 61841.0
380 1770 60054.0
381 1807 58451.0
382 1761 56956.0
383 1650 55380.0
384 1620 53890.0
385 1706 52536.0
386 1737 51073.0
387 1705 49609.0
388 1613 48206.0
389 1466 46881.0
390 1443 45615.0
391 1406 44362.0
392 1323 43051.0
393 1245 41846.0
394 1226 40586.0
395 1281 39389.0
396 1327 38298.0
397 1240 37299.0
398 1166 36390.0
399 1088 35480.0
400 1102 34489.0
401 1063 33607.0
402 1030 32662.0
403 985 31712.0
404 949 30875.0
405 874 29979.0
406 858 29193.0
407 826 28430.0
408 804 27807.0
409 735 26969.0
410 726 26303.0
411 693 25647.0
412 627 24786.0
413 624 23983.0
414 604 23364.0
415 535 22687.0
416 524 22180.0
417 480 21483.0
418 470 21010.0
419 445 20496.0
420 446 19991.0
421 405 19626.0
422 382 19111.0
423 338 18660.0
424 319 18327.0
425 294 17859.0
426 306 17498.0
427 302 17046.0
428 250 16658.0
429 225 16304.0
430 212 16072.0
431 184 15705.0
432 153 15475.0
433 135 15212.0
434 131 14973.0
435 125 14633.0
436 111 14264.0
437 120 14105.0
438 128 13690.0
439 125 13426.0
440 113 13165.0
441 101 12754.0
442 112 12587.0
443 112 12405.0
444 105 12264.0
445 93 12028.0
446 76 11937.0
447 65 11794.0
448 60 11607.0
449 52 11409.0
450 36 11253.0
451 35 11171.0
452 35 11071.0
453 29 10755.0
454 22 10649.0
455 19 10666.0
456 16 10353.0
457 10 10255.0
458 10 10155.0
459 6 9963.0
460 5 9856.0
461 5 9777.0
462 7 9753.0
463 9 9792.0
464 10 9629.0
465 7 9561.0
466 6 9339.0
467 5 9218.0
468 5 9278.0
469 3 9182.0
470 2 9136.0
471 1 8887.0
472 1 8690.0
473 1 8718.0
474 1 8743.0
475 0 8661.0
476 0 8589.0
477 0 8466.0
478 0 8364.0
479 0 8334.0
480 0 8211.0
481 0 8249.0
482 0 8114.0
483 0 8167.0
484 0 8110.0
485 0 8069.0
486 0 8059.0
487 0 7976.0
488 0 7964.0
489 0 8001.0
490 0 7926.0
491 0 7928.0
492 0 7887.0
493 0 7784.0
494 0 7623.0
495 0 7735.0
496 0 7667.0
497 0 7619.0
498 0 7498.0
499 0 7538.0
500 0 7578.0
501 0 7441.0
502 0 7509.0
503 0 7450.0
504 0 7533.0
505 0 7541.0
506 0 7411.0
507 0 7444.0
508 0 7506.0
509 0 7553.0
510 0 7435.0
511 0 7422.0
512 0 7440.0
513 0 7312.0
514 0 7296.0
515 0 7315.0
516 0 7345.0
517 0 7249.0
518 0 7262.0
519 0 7226.0
520 0 7232.0
521 0 7220.0
522 0 7223.0
523 0 7229.0
524 0 7262.0
525 0 7282.0
526 0 7329.0
527 0 7246.0
528 0 7155.0
529 0 7280.0
530 0 7223.0
531 0 7230.0
532 0 7213.0
533 0 7032.0
534 0 7106.0
535 0 7099.0
536 0 7135.0
537 0 7098.0
538 0 7203.0
539 0 7035.0
540 0 7157.0
541 0 7147.0
542 0 7095.0
543 0 7083.0
544 0 7122.0
545 0 7088.0
546 0 7156.0
547 0 7201.0
548 0 7197.0
549 0 7239.0
550 0 7172.0
551 0 7260.0
552 0 7194.0
553 0 7189.0
554 0 7165.0
555 0 7263.0
556 0 7218.0
557 0 7201.0
558 0 7161.0
559 0 7155.0
560 0 7203.0
561 0 7319.0
562 0 7248.0
563 0 7096.0
564 0 7079.0
565 0 7174.0
566 0 7196.0
567 0 7158.0
568 0 7217.0
569 0 7107.0
570 0 7124.0
571 0 7174.0
572 0 7038.0
573 0 7077.0
574 0 7127.0
575 0 7226.0
576 0 7183.0
577 0 7062.0
578 0 7004.0
579 0 7081.0
580 0 7016.0
581 0 6952.0
582 0 6973.0
583 0 7007.0
584 0 7018.0
585 0 7181.0
586 0 7123.0
587 0 7185.0
588 0 7093.0
589 0 6978.0
590 0 6978.0
591 0 7156.0
592 0 7136.0
593 0 7137.0
594 0 7142.0
595 0 7036.0
596 0 6989.0
597 0 7012.0
598 0 6950.0
599 0 6875.0
600 0 6875.0
601 0 6875.0
602 0 6875.0
603 0 6875.0
604 0 6875.0
605 0 6875.0
606 0 6875.0
607 0 6875.0
608 0 6875.0
609 0 6875.0
610 0 6875.0
611 0 6875.0
612 0 6875.0
613 0 6875.0
614 0 6875.0
615 0 6875.0
616 0 6875.0
617 0 6875.0
618 0 6875.0
619 0 6875.0
620 0 6875.0
621 0 6875.0
622 0 6875.0
623 0 6875.0
624 0 6875.0
625 0 6875.0
626 0 6875.0
627 0 6875.0
628 0 6875.0
629 0 6875.0
630 0 6875.0
631 0 6875.0
632 0 6875.0
633 0 6875.0
634 0 6875.0
635 0 6875.0
636 0 6875.0
637 0 6875.0
638 0 6875.0
639 0 6875.0
640 0 6875.0
641 0 6875.0
642 0 6875.0
643 0 6875.0
644 0 6875.0
645 0 6875.0
646 0 6875.0
647 0 6875.0
648 0 6875.0
649 0 6875.0
650 0 6875.0
651 0 6875.0
652 0 6875.0
653 0 6875.0
654 0 6875.0
655 0 6875.0
656 0 6875.0
657 0 6875.0
658 0 6875.0
659 0 6875.0
660 0 6875.0
661 0 6875.0
662 0 6875.0
663 0 6875.0
664 0 6875.0
665 0 6875.0
666 0 6875.0
667 0 6875.0
668 0 6875.0
669 0 6875.0
670 0 6875.0
671 0 6875.0
672 0 6875.0
673 0 6875.0
674 0 6875.0
675 0 6875.0
676 0 6875.0
677 0 6875.0
678 0 6875.0
679 0 6875.0
680 0 6875.0
681 0 6875.0
682 0 6875.0
683 0 6875.0
684 0 6875.0
685 0 6875.0
686 0 6875.0
687 0 6875.0
688 0 6875.0
689 0 6875.0
690 0 6875.0
691 0 6875.0
692 0 6875.0
693 0 6875.0
694 0 6875.0
695 0 6875.0
696 0 6875.0
697 0 6875.0
698 0 6875.0
699 0 6875.0
700 0 6875.0
701 0 6875.0
702 0 6875.0
703 0 6875.0
704 0 6875.0
705 0 6875.0
706 0 6875.0
707 0 6875.0
708 0 6875.0
709 0 6875.0
710 0 6875.0
711 0 6875.0
712 0 6875.0
713 0 6875.0
714 0 6875.0
715 0 6875.0
716 0 6875.0
717 0 6875.0
718 0 6875.0
719 0 6875.0
720 0 6875.0
721 0 6875.0
722 0 6875.0
723 0 6875.0
724 0 6875.0
725 0 6875.0
726 0 6875.0
727 0 6875.0
728 0 6875.0
729 0 6875.0
730 0 6875.0
731 0 6875.0
732 0 6875.0
733 0 6875.0
734 0 6875.0
735 0 6875.0
736 0 6875.0
737 0 6875.0
738 0 6875.0
739 0 6875.0
740 0 6875.0
741 0 6875.0
742 0 6875.0
743 0 6875.0
744 0 6875.0
745 0 6875.0
746 0 6875.0
747 0 6875.0
748 0 6875.0
749 0 6875.0
750 0 6875.0
751 0 6875.0
752 0 6875.0
753 0 6875.0
754 0 6875.0
755 0 6875.0
756 0 6875.0
757 0 6875.0
758 0 6875.0
759 0 6875.0
760 0 6875.0
761 0 6875.0
762 0 6875.0
763 0 6875.0
764 0 6875.0
765 0 6875.0
766 0 6875.0
767 0 6875.0
768 0 6875.0
769 0 6875.0
770 0 6875.0
771 0 6875.0
772 0 6875.0
773 0 6875.0
774 0 6875.0
775 0 6875.0
776 0 6875.0
777 0 6875.0
778 0 6875.0
779 0 6875.0
780 0 6875.0
781 0 6875.0
782 0 6875.0
783 0 6875.0
784 0 6875.0
785 0 6875.0
786 0 6875.0
787 0 6875.0
788 0 6875.0
789 0 6875.0
790 0 6875.0
791 0 6875.0
792 0 6875.0
793 0 6875.0
794 0 6875.0
795 0 6875.0
796 0 6875.0
797 0 6875.0
798 0 6875.0
799 0 6875.0
800 0 6875.0
801 0 6875.0
802 0 6875.0
803 0 6875.0
804 0 6875.0
805 0 6875.0
806 0 6875.0
807 0 6875.0
808 0 6875.0
809 0 6875.0
810 0 6875.0
811 0 6875.0
812 0 6875.0
813 0 6875.0
814 0 6875.0
815 0 6875.0
816 0 6875.0
817 0 6875.0
818 0 6875.0
819 0 6875.0
820 0 6875.0
821 0 6875.0
822 0 6875.0
823 0 6875.0
824 0 6875.0
825 0 6875.0
826 0 6875.0
827 0 6875.0
828 0 6875.0
829 0 6875.0
830 0 6875.0
831 0 6875.0
832 0 6875.0
833 0 6875.0
834 0 6875.0
835 0 6875.0
836 0 6875.0
837 0 6875.0
838 0 6875.0
839 0 6875.0
840 0 6875.0
841 0 6875.0
842 0 6875.0
843 0 6875.0
844 0 6875.0
845 0 6875.0
846 0 6875.0
847 0 6875.0
848 0 6875.0
849 0 6875.0
850 0 6875.0
851 0 6875.0
852 0 6875.0
853 0 6875.0
854 0 6875.0
855 0 6875.0
856 0 6875.0
857 0 6875.0
858 0 6875.0
859 0 6875.0
860 0 6875.0
861 0 6875.0
862 0 6875.0
863 0 6875.0
864 0 6875.0
865 0 6875.0
866 0 6875.0
867 0 6875.0
868 0 6875.0
869 0 6875.0
870 0 6875.0
871 0 6875.0
872 0 6875.0
873 0 6875.0
874 0 6875.0
875 0 6875.0
876 0 6875.0
877 0 6875.0
878 0 6875.0
879 0 6875.0
880 0 6875.0
881 0 6875.0
882 0 6875.0
883 0 6875.0
884 0 6875.0
885 0 6875.0
886 0 6875.0
887 0 6875.0
888 0 6875.0
889 0 6875.0
890 0 6875.0
891 0 6875.0
892 0 6875.0
893 0 6875.0
894 0 6875.0
895 0 6875.0
896 0 6875.0
897 0 6875.0
898 0 6875.0
899 0 6875.0
900 0 6875.0
901 0 6875.0
902 0 6875.0
903 0 6875.0
904 0 6875.0
905 0 6875.0
906 0 6875.0
907 0 6875.0
908 0 6875.0
909 0 6875.0
910 0 6875.0
911 0 6875.0
912 0 6875.0
913 0 6875.0
914 0 6875.0
915 0 6875.0
916 0 6875.0
917 0 6875.0
918 0 6875.0
919 0 6875.0
920 0 6875.0
921 0 6875.0
922 0 6875.0
923 0 6875.0
924 0 6875.0
925 0 6875.0
926 0 6875.0
927 0 6875.0
928 0 6875.0
929 0 6875.0
930 0 6875.0
931 0 6875.0
932 0 6875.0
933 0 6875.0
934 0 6875.0
935 0 6875.0
936 0 6875.0
937 0 6875.0
938 0 6875.0
939 0 6875.0
940 0 6875.0
941 0 6875.0
942 0 6875.0
943 0 6875.0
944 0 6875.0
945 0 6875.0
946 0 6875.0
947 0 6875.0
948 0 6875.0
949 0 6875.0
950 0 6875.0
951 0 6875.0
952 0 6875.0
953 0 6875.0
954 0 6875.0
955 0 6875.0
956 0 6875.0
957 0 6875.0
958 0 6875.0
959 0 6875.0
960 0 6875.0
961 0 6875.0
962 0 6875.0
963 0 6875.0
964 0 6875.0
965 0 6875.0
966 0 6875.0
967 0 6875.0
968 0 6875.0
969 0 6875.0
970 0 6875.0
971 0 6875.0
972 0 6875.0
973 0 6875.0
974 0 6875.0
975 0 6875.0
976 0 6875.0
977 0 6875.0
978 0 6875.0
979 0 6875.0
980 0 6875.0
981 0 6875.0
982 0 6875.0
983 0 6875.0
984 0 6875.0
985 0 6875.0
986 0 6875.0
987 0 6875.0
988 0 6875.0
989 0 6875.0
990 0 6875.0
991 0 6875.0
992 0 6875.0
993 0 6875.0
994 0 6875.0
995 0 6875.0
996 0 6875.0
997 0 6875.0
998 0 6875.0
999 0 6875.0
1000 0 6875.0
