1 1 15015.0
2 2 20622.0
3 1 26045.0
4 1 31388.0
5 1 36624.0
6 2 41651.0
7 2 46779.0
8 4 52096.0
9 4 57169.0
10 8 62287.0
11 6 67394.0
12 7 72507.0
13 8 77571.0
14 8 82504.0
15 7 87463.0
16 8 92605.0
17 11 97518.0
18 16 102490.0
19 22 107729.0
20 27 112902.0
21 27 117962.0
22 34 122942.0
23 40 128059.0
24 46 133025.0
25 51 137980.0
26 53 142633.0
27 58 147767.0
28 58 152732.0
29 63 157811.0
30 63 162741.0
31 72 167744.0
32 86 172740.0
33 107 177783.0
34 114 182779.0
35 128 187637.0
36 127 192698.0
37 156 197615.0
38 181 202500.0
39 208 207508.0
40 184 212329.0
41 190 217175.0
42 188 222169.0
43 229 227193.0
44 249 232206.0
45 293 237129.0
46 334 241994.0
47 330 246870.0
48 320 251929.0
49 328 256633.0
50 365 261473.0
51 382 266428.0
52 390 271281.0
53 399 276248.0
54 407 281167.0
55 450 286036.0
56 519 290853.0
57 543 295696.0
58 552 300451.0
59 547 305182.0
60 592 310034.0
61 658 314728.0
62 665 319540.0
63 706 324139.0
64 704 328821.0
65 701 333741.0
66 746 338302.0
67 773 343028.0
68 809 347579.0
69 837 352471.0
70 837 357339.0
71 844 362205.0
72 901 366886.0
73 934 371496.0
74 917 376337.0
75 904 380967.0
76 926 385991.0
77 945 390767.0
78 1064 395414.0
79 1176 400066.0
80 1256 404759.0
81 1277 409397.0
82 1273 414122.0
83 1232 418927.0
84 1245 423502.0
85 1323 428362.0
86 1374 432965.0
87 1380 437525.0
88 1403 442119.0
89 1448 446745.0
90 1494 451401.0
91 1479 455991.0
92 1581 460639.0
93 1607 465062.0
94 1601 469628.0
95 1689 474123.0
96 1689 478751.0
97 1720 483188.0
98 1774 487564.0
99 1732 491720.0
100 1758 496363.0
101 1772 501003.0
102 1959 505635.0
103 2033 510099.0
104 2181 514602.0
105 2318 518811.0
106 2393 523166.0
107 2202 527538.0
108 2208 532124.0
109 2377 536374.0
110 2597 540585.0
111 2577 544776.0
112 2732 548967.0
113 2743 553448.0
114 2644 557657.0
115 2732 562171.0
116 2760 566428.0
117 2830 570752.0
118 2815 574765.0
119 2960 578910.0
120 3156 582988.0
121 3186 587026.0
122 3374 591223.0
123 3283 595348.0
124 3230 599585.0
125 3231 603745.0
126 3181 607846.0
127 3264 611929.0
128 3379 616141.0
129 3566 619920.0
130 3836 623731.0
131 3762 627342.0
132 3550 631370.0
133 3425 635637.0
134 3475 639570.0
135 3620 643594.0
136 3827 647465.0
137 4061 651490.0
138 4072 655292.0
139 4047 659049.0
140 4207 662845.0
141 4340 666618.0
142 4462 670416.0
143 4474 674308.0
144 4365 678093.0
145 4411 681798.0
146 4574 685365.0
147 4819 688974.0
148 4950 692496.0
149 4910 696077.0
150 4698 699919.0
151 4591 703617.0
152 4703 707165.0
153 5037 710735.0
154 5281 714238.0
155 5417 717741.0
156 5218 721368.0
157 5116 724978.0
158 5185 728502.0
159 5454 731916.0
160 5671 735405.0
161 5668 738681.0
162 5584 742438.0
163 5442 745873.0
164 5765 749307.0
165 5984 752574.0
166 6202 755768.0
167 6254 759217.0
168 6170 762664.0
169 6085 766219.0
170 6172 769558.0
171 6339 772722.0
172 6557 775937.0
173 6494 779289.0
174 6479 782415.0
175 6711 785288.0
176 6976 788540.0
177 6827 791760.0
178 6814 795000.0
179 7148 798044.0
180 7311 801205.0
181 7378 803805.0
182 7509 806462.0
183 7593 809509.0
184 7673 812276.0
185 7730 815269.0
186 7660 818252.0
187 8057 821009.0
188 8130 823625.0
189 8209 826406.0
190 8265 829181.0
191 8425 831921.0
192 8093 834622.0
193 8117 837375.0
194 8518 839724.0
195 8923 842185.0
196 8946 844706.0
197 8792 847265.0
198 8714 850128.0
199 8727 852803.0
200 8798 850292.0
201 8784 843533.0
202 8689 837420.0
203 8165 831242.0
204 7779 824892.0
205 7537 818718.0
206 7364 812812.0
207 7130 806922.0
208 6857 801006.0
209 6632 795186.0
210 6508 789342.0
211 6504 783336.0
212 6902 777441.0
213 7024 771468.0
214 6684 765496.0
215 6616 759833.0
216 6404 753764.0
217 6199 748208.0
218 6068 742393.0
219 6322 736536.0
220 6664 730749.0
221 6550 724848.0
222 6300 719129.0
223 6295 713636.0
224 6323 707777.0
225 6386 702026.0
226 6319 696162.0
227 6565 690410.0
228 6832 684791.0
229 6669 679035.0
230 6462 673390.0
231 6256 667897.0
232 6168 662375.0
233 6361 656403.0
234 6660 650897.0
235 6722 645259.0
236 6670 639593.0
237 6427 633957.0
238 6316 628376.0
239 6381 622940.0
240 6250 617513.0
241 6164 612059.0
242 6139 606449.0
243 6589 600616.0
244 6878 594995.0
245 6629 589287.0
246 6326 583994.0
247 6090 578503.0
248 6122 573081.0
249 6343 567519.0
250 6443 561944.0
251 6540 556457.0
252 6487 550883.0
253 6574 545652.0
254 6363 540348.0
255 6155 534910.0
256 6068 529539.0
257 6086 524041.0
258 6070 518656.0
259 6100 513114.0
260 6240 508012.0
261 6114 502718.0
262 5957 497562.0
263 6016 492452.0
264 6292 486969.0
265 6424 481781.0
266 6395 476547.0
267 6207 471467.0
268 6209 466048.0
269 6108 461060.0
270 6018 456073.0
271 6050 451032.0
272 5876 445994.0
273 5908 440723.0
274 6046 435819.0
275 5990 430693.0
276 5979 425816.0
277 5832 420802.0
278 5649 416238.0
279 5648 411226.0
280 5707 406419.0
281 5790 401658.0
282 5617 396708.0
283 5634 391859.0
284 5808 387025.0
285 5808 382394.0
286 5467 377523.0
287 5448 372800.0
288 5424 368164.0
289 5625 363343.0
290 5722 358536.0
291 5529 353534.0
292 5585 348993.0
293 5484 344277.0
294 5293 339675.0
295 5228 334984.0
296 5445 330535.0
297 5381 325878.0
298 5343 321250.0
299 5316 316588.0
300 5373 312174.0
301 5351 307578.0
302 5369 303117.0
303 5268 298764.0
304 5170 294374.0
305 5248 289867.0
306 5349 285542.0
307 5115 281235.0
308 4817 276846.0
309 4866 272752.0
310 4829 268643.0
311 4821 264381.0
312 4919 260301.0
313 4890 256151.0
314 4762 252269.0
315 4548 248304.0
316 4399 244499.0
317 4219 240536.0
318 4220 236541.0
319 4360 232597.0
320 4430 228729.0
321 4386 224978.0
322 4360 221211.0
323 4239 217555.0
324 4171 213973.0
325 4111 210470.0
326 4053 206639.0
327 4026 202902.0
328 3990 199318.0
329 3877 195650.0
330 3859 192199.0
331 3833 188642.0
332 4008 184984.0
333 4045 181640.0
334 3806 178013.0
335 3750 174735.0
336 3745 171455.0
337 3730 168037.0
338 3660 164750.0
339 3578 161484.0
340 3383 158201.0
341 3285 154998.0
342 3337 151989.0
343 3297 148980.0
344 3350 145968.0
345 3399 143024.0
346 3390 140137.0
347 3278 137269.0
348 3155 134212.0
349 3139 131440.0
350 2931 128681.0
351 2870 125917.0
352 2931 123053.0
353 3075 120134.0
354 3126 117383.0
355 2980 114583.0
356 2918 112003.0
357 2920 109517.0
358 2849 106879.0
359 2706 104271.0
360 2661 101961.0
361 2583 99438.0
362 2558 97015.0
363 2498 94685.0
364 2473 92436.0
365 2394 90464.0
366 2307 88125.0
367 2339 85783.0
368 2321 83676.0
369 2357 81611.0
370 2275 79605.0
371 2211 77588.0
372 2118 75526.0
373 2087 73614.0
374 2113 71793.0
375 2113 69795.0
376 2027 67977.0
377 1922 66229.0
378 1897 64501.0
379 1889 62692.0
380 1957 60911.0
381 1882 59157.0
382 1771 57625.0
383 1672 56130.0
384 1646 54796.0
385 1637 53148.0
386 1649 51673.0
387 1607 50372.0
388 1572 48894.0
389 1490 47552.0
390 1346 46208.0
391 1211 45135.0
392 1172 44098.0
393 1122 42896.0
394 1130 41659.0
395 1139 40550.0
396 1168 39445.0
397 1090 38373.0
398 1098 37411.0
399 1071 36145.0
400 1005 35089.0
401 943 34170.0
402 901 33253.0
403 847 32467.0
404 765 31661.0
405 733 30826.0
406 707 30000.0
407 689 29291.0
408 651 28505.0
409 620 27734.0
410 558 27134.0
411 549 26471.0
412 536 25730.0
413 540 25172.0
414 479 24583.0
415 467 23953.0
416 449 23421.0
417 441 22947.0
418 392 22482.0
419 363 21942.0
420 330 21485.0
421 289 21007.0
422 271 20522.0
423 261 20023.0
424 247 19649.0
425 224 19217.0
426 232 18960.0
427 206 18510.0
428 208 18113.0
429 180 17764.0
430 175 17342.0
431 165 17034.0
432 138 16709.0
433 117 16361.0
434 103 15913.0
435 132 15672.0
436 117 15394.0
437 140 15211.0
438 114 14918.0
439 104 14530.0
440 84 14269.0
441 83 14031.0
442 65 13907.0
443 54 13646.0
444 50 13466.0
445 46 13128.0
446 55 12970.0
447 42 12758.0
448 47 12581.0
449 40 12333.0
450 38 12101.0
451 41 11964.0
452 37 11799.0
453 34 11614.0
454 26 11315.0
455 19 11200.0
456 19 11023.0
457 13 10825.0
458 12 10711.0
459 11 10611.0
460 7 10499.0
461 8 10486.0
462 7 10442.0
463 8 10472.0
464 8 10217.0
465 7 10030.0
466 10 10009.0
467 12 9748.0
468 12 9658.0
469 9 9509.0
470 5 9387.0
471 3 9194.0
472 2 9272.0
473 1 9065.0
474 1 9118.0
475 2 9023.0
476 1 8890.0
477 2 8828.0
478 1 8821.0
479 0 8805.0
480 0 8521.0
481 0 8552.0
482 0 8429.0
483 0 8370.0
484 0 8271.0
485 0 8309.0
486 0 8387.0
487 0 8352.0
488 0 8382.0
489 0 8331.0
490 0 8186.0
491 0 8107.0
492 0 8124.0
493 0 8021.0
494 0 7921.0
495 0 7911.0
496 0 7632.0
497 0 7616.0
498 0 7649.0
499 0 7598.0
500 0 7580.0
501 0 7657.0
502 0 7708.0
503 0 7700.0
504 0 7699.0
505 0 7579.0
506 0 7687.0
507 0 7649.0
508 0 7648.0
509 0 7671.0
510 0 7599.0
511 0 7499.0
512 0 7600.0
513 0 7489.0
514 0 7493.0
515 0 7487.0
516 0 7406.0
517 0 7423.0
518 0 7431.0
519 0 7388.0
520 0 7282.0
521 0 7382.0
522 0 7385.0
523 0 7396.0
524 0 7298.0
525 0 7310.0
526 0 7209.0
527 0 7280.0
528 0 7198.0
529 0 7200.0
530 0 7250.0
531 0 7195.0
532 0 7273.0
533 0 7192.0
534 0 7234.0
535 0 7114.0
536 0 7108.0
537 0 7099.0
538 0 7048.0
539 0 7098.0
540 0 7089.0
541 0 7057.0
542 0 7075.0
543 0 7196.0
544 0 7210.0
545 0 7123.0
546 0 7214.0
547 0 7250.0
548 0 7203.0
549 0 7179.0
550 0 7247.0
551 0 7316.0
552 0 7332.0
553 0 7240.0
554 0 7186.0
555 0 7262.0
556 0 7233.0
557 0 7193.0
558 0 7161.0
559 0 7184.0
560 0 7096.0
561 0 6980.0
562 0 7014.0
563 0 6993.0
564 0 6986.0
565 0 6991.0
566 0 6986.0
567 0 7070.0
568 0 6956.0
569 0 6990.0
570 0 7079.0
571 0 7107.0
572 0 7147.0
573 0 7114.0
574 0 7099.0
575 0 7151.0
576 0 7258.0
577 0 7235.0
578 0 7200.0
579 0 7229.0
580 0 7158.0
581 0 7037.0
582 0 7009.0
583 0 6946.0
584 0 6954.0
585 0 6913.0
586 0 6924.0
587 0 6961.0
588 0 7103.0
589 0 7016.0
590 0 7016.0
591 0 6999.0
592 0 7055.0
593 0 7003.0
594 0 7032.0
595 0 7053.0
596 0 6998.0
597 0 6904.0
598 0 6818.0
599 0 6841.0
600 0 6841.0
601 0 6841.0
602 0 6841.0
603 0 6841.0
604 0 6841.0
605 0 6841.0
606 0 6841.0
607 0 6841.0
608 0 6841.0
609 0 6841.0
610 0 6841.0
611 0 6841.0
612 0 6841.0
613 0 6841.0
614 0 6841.0
615 0 6841.0
616 0 6841.0
617 0 6841.0
618 0 6841.0
619 0 6841.0
620 0 6841.0
621 0 6841.0
622 0 6841.0
623 0 6841.0
624 0 6841.0
625 0 6841.0
626 0 6841.0
627 0 6841.0
628 0 6841.0
629 0 6841.0
630 0 6841.0
631 0 6841.0
632 0 6841.0
633 0 6841.0
634 0 6841.0
635 0 6841.0
636 0 6841.0
637 0 6841.0
638 0 6841.0
639 0 6841.0
640 0 6841.0
641 0 6841.0
642 0 6841.0
643 0 6841.0
644 0 6841.0
645 0 6841.0
646 0 6841.0
647 0 6841.0
648 0 6841.0
649 0 6841.0
650 0 6841.0
651 0 6841.0
652 0 6841.0
653 0 6841.0
654 0 6841.0
655 0 6841.0
656 0 6841.0
657 0 6841.0
658 0 6841.0
659 0 6841.0
660 0 6841.0
661 0 6841.0
662 0 6841.0
663 0 6841.0
664 0 6841.0
665 0 6841.0
666 0 6841.0
667 0 6841.0
668 0 6841.0
669 0 6841.0
670 0 6841.0
671 0 6841.0
672 0 6841.0
673 0 6841.0
674 0 6841.0
675 0 6841.0
676 0 6841.0
677 0 6841.0
678 0 6841.0
679 0 6841.0
680 0 6841.0
681 0 6841.0
682 0 6841.0
683 0 6841.0
684 0 6841.0
685 0 6841.0
686 0 6841.0
687 0 6841.0
688 0 6841.0
689 0 6841.0
690 0 6841.0
691 0 6841.0
692 0 6841.0
693 0 6841.0
694 0 6841.0
695 0 6841.0
696 0 6841.0
697 0 6841.0
698 0 6841.0
699 0 6841.0
700 0 6841.0
701 0 6841.0
702 0 6841.0
703 0 6841.0
704 0 6841.0
705 0 6841.0
706 0 6841.0
707 0 6841.0
708 0 6841.0
709 0 6841.0
710 0 6841.0
711 0 6841.0
712 0 6841.0
713 0 6841.0
714 0 6841.0
715 0 6841.0
716 0 6841.0
717 0 6841.0
718 0 6841.0
719 0 6841.0
720 0 6841.0
721 0 6841.0
722 0 6841.0
723 0 6841.0
724 0 6841.0
725 0 6841.0
726 0 6841.0
727 0 6841.0
728 0 6841.0
729 0 6841.0
730 0 6841.0
731 0 6841.0
732 0 6841.0
733 0 6841.0
734 0 6841.0
735 0 6841.0
736 0 6841.0
737 0 6841.0
738 0 6841.0
739 0 6841.0
740 0 6841.0
741 0 6841.0
742 0 6841.0
743 0 6841.0
744 0 6841.0
745 0 6841.0
746 0 6841.0
747 0 6841.0
748 0 6841.0
749 0 6841.0
750 0 6841.0
751 0 6841.0
752 0 6841.0
753 0 6841.0
754 0 6841.0
755 0 6841.0
756 0 6841.0
757 0 6841.0
758 0 6841.0
759 0 6841.0
760 0 6841.0
761 0 6841.0
762 0 6841.0
763 0 6841.0
764 0 6841.0
765 0 6841.0
766 0 6841.0
767 0 6841.0
768 0 6841.0
769 0 6841.0
770 0 6841.0
771 0 6841.0
772 0 6841.0
773 0 6841.0
774 0 6841.0
775 0 6841.0
776 0 6841.0
777 0 6841.0
778 0 6841.0
779 0 6841.0
780 0 6841.0
781 0 6841.0
782 0 6841.0
783 0 6841.0
784 0 6841.0
785 0 6841.0
786 0 6841.0
787 0 6841.0
788 0 6841.0
789 0 6841.0
790 0 6841.0
791 0 6841.0
792 0 6841.0
793 0 6841.0
794 0 6841.0
795 0 6841.0
796 0 6841.0
797 0 6841.0
798 0 6841.0
799 0 6841.0
800 0 6841.0
801 0 6841.0
802 0 6841.0
803 0 6841.0
804 0 6841.0
805 0 6841.0
806 0 6841.0
807 0 6841.0
808 0 6841.0
809 0 6841.0
810 0 6841.0
811 0 6841.0
812 0 6841.0
813 0 6841.0
814 0 6841.0
815 0 6841.0
816 0 6841.0
817 0 6841.0
818 0 6841.0
819 0 6841.0
820 0 6841.0
821 0 6841.0
822 0 6841.0
823 0 6841.0
824 0 6841.0
825 0 6841.0
826 0 6841.0
827 0 6841.0
828 0 6841.0
829 0 6841.0
830 0 6841.0
831 0 6841.0
832 0 6841.0
833 0 6841.0
834 0 6841.0
835 0 6841.0
836 0 6841.0
837 0 6841.0
838 0 6841.0
839 0 6841.0
840 0 6841.0
841 0 6841.0
842 0 6841.0
843 0 6841.0
844 0 6841.0
845 0 6841.0
846 0 6841.0
847 0 6841.0
848 0 6841.0
849 0 6841.0
850 0 6841.0
851 0 6841.0
852 0 6841.0
853 0 6841.0
854 0 6841.0
855 0 6841.0
856 0 6841.0
857 0 6841.0
858 0 6841.0
859 0 6841.0
860 0 6841.0
861 0 6841.0
862 0 6841.0
863 0 6841.0
864 0 6841.0
865 0 6841.0
866 0 6841.0
867 0 6841.0
868 0 6841.0
869 0 6841.0
870 0 6841.0
871 0 6841.0
872 0 6841.0
873 0 6841.0
874 0 6841.0
875 0 6841.0
876 0 6841.0
877 0 6841.0
878 0 6841.0
879 0 6841.0
880 0 6841.0
881 0 6841.0
882 0 6841.0
883 0 6841.0
884 0 6841.0
885 0 6841.0
886 0 6841.0
887 0 6841.0
888 0 6841.0
889 0 6841.0
890 0 6841.0
891 0 6841.0
892 0 6841.0
893 0 6841.0
894 0 6841.0
895 0 6841.0
896 0 6841.0
897 0 6841.0
898 0 6841.0
899 0 6841.0
900 0 6841.0
901 0 6841.0
902 0 6841.0
903 0 6841.0
904 0 6841.0
905 0 6841.0
906 0 6841.0
907 0 6841.0
908 0 6841.0
909 0 6841.0
910 0 6841.0
911 0 6841.0
912 0 6841.0
913 0 6841.0
914 0 6841.0
915 0 6841.0
916 0 6841.0
917 0 6841.0
918 0 6841.0
919 0 6841.0
920 0 6841.0
921 0 6841.0
922 0 6841.0
923 0 6841.0
924 0 6841.0
925 0 6841.0
926 0 6841.0
927 0 6841.0
928 0 6841.0
929 0 6841.0
930 0 6841.0
931 0 6841.0
932 0 6841.0
933 0 6841.0
934 0 6841.0
935 0 6841.0
936 0 6841.0
937 0 6841.0
938 0 6841.0
939 0 6841.0
940 0 6841.0
941 0 6841.0
942 0 6841.0
943 0 6841.0
944 0 6841.0
945 0 6841.0
946 0 6841.0
947 0 6841.0
948 0 6841.0
949 0 6841.0
950 0 6841.0
951 0 6841.0
952 0 6841.0
953 0 6841.0
954 0 6841.0
955 0 6841.0
956 0 6841.0
957 0 6841.0
958 0 6841.0
959 0 6841.0
960 0 6841.0
961 0 6841.0
962 0 6841.0
963 0 6841.0
964 0 6841.0
965 0 6841.0
966 0 6841.0
967 0 6841.0
968 0 6841.0
969 0 6841.0
970 0 6841.0
971 0 6841.0
972 0 6841.0
973 0 6841.0
974 0 6841.0
975 0 6841.0
976 0 6841.0
977 0 6841.0
978 0 6841.0
979 0 6841.0
980 0 6841.0
981 0 6841.0
982 0 6841.0
983 0 6841.0
984 0 6841.0
985 0 6841.0
986 0 6841.0
987 0 6841.0
988 0 6841.0
989 0 6841.0
990 0 6841.0
991 0 6841.0
992 0 6841.0
993 0 6841.0
994 0 6841.0
995 0 6841.0
996 0 6841.0
997 0 6841.0
998 0 6841.0
999 0 6841.0
1000 0 6841.0
