1 1 15153.0
2 1 20862.0
3 1 26271.0
4 2 31657.0
5 2 36890.0
6 2 41965.0
7 1 47237.0
8 1 52081.0
9 2 57385.0
10 2 62453.0
11 4 67457.0
12 3 72479.0
13 5 77447.0
14 5 82407.0
15 4 87212.0
16 4 92327.0
17 8 97444.0
18 8 102518.0
19 16 107621.0
20 16 112431.0
21 28 117586.0
22 22 122473.0
23 36 127410.0
24 27 132280.0
25 28 137206.0
26 35 142265.0
27 35 147513.0
28 60 152492.0
29 59 157378.0
30 63 162314.0
31 81 167354.0
32 96 172408.0
33 108 177460.0
34 121 182421.0
35 149 187498.0
36 143 192527.0
37 151 197531.0
38 128 202368.0
39 157 207380.0
40 170 212326.0
41 190 217218.0
42 208 222188.0
43 216 227114.0
44 229 231961.0
45 219 236801.0
46 236 241734.0
47 236 246705.0
48 296 251711.0
49 311 256547.0
50 333 261225.0
51 345 266071.0
52 382 270912.0
53 382 275805.0
54 382 280734.0
55 391 285765.0
56 394 290602.0
57 451 295463.0
58 479 300362.0
59 507 305203.0
60 507 310277.0
61 520 315131.0
62 511 319922.0
63 531 324827.0
64 563 329541.0
65 616 334437.0
66 632 339221.0
67 596 344091.0
68 672 349005.0
69 698 353699.0
70 774 358709.0
71 777 363544.0
72 789 368194.0
73 795 372867.0
74 818 377741.0
75 853 382663.0
76 888 387340.0
77 903 392080.0
78 918 396885.0
79 1012 401665.0
80 1017 406686.0
81 1061 411538.0
82 1042 416353.0
83 1053 421025.0
84 1122 425898.0
85 1107 430411.0
86 1258 435025.0
87 1318 439617.0
88 1437 444085.0
89 1411 448895.0
90 1405 453374.0
91 1478 457974.0
92 1446 462525.0
93 1490 467369.0
94 1503 471902.0
95 1527 476433.0
96 1491 481050.0
97 1604 485470.0
98 1731 489911.0
99 1846 494837.0
100 1881 499445.0
101 1886 503992.0
102 1896 508516.0
103 1923 513202.0
104 1970 517677.0
105 1997 522124.0
106 1983 526553.0
107 2097 530890.0
108 2147 535255.0
109 2278 539468.0
110 2406 543706.0
111 2389 547967.0
112 2365 552562.0
113 2352 556797.0
114 2583 560971.0
115 2697 565280.0
116 2737 569507.0
117 2723 573699.0
118 2596 578122.0
119 2577 582448.0
120 2705 586604.0
121 2969 590645.0
122 3037 594855.0
123 2992 598941.0
124 2945 603210.0
125 2914 607144.0
126 3007 611132.0
127 3088 615248.0
128 3099 619442.0
129 3153 623692.0
130 3242 627929.0
131 3219 631841.0
132 3368 636079.0
133 3442 640136.0
134 3590 644385.0
135 3469 648357.0
136 3614 652499.0
137 3702 656519.0
138 3882 660517.0
139 4062 664085.0
140 4249 668083.0
141 4120 672035.0
142 4066 675914.0
143 4037 679961.0
144 4155 683690.0
145 4488 687216.0
146 4569 690931.0
147 4406 694877.0
148 4322 698665.0
149 4291 702493.0
150 4520 706261.0
151 4674 709963.0
152 4592 713695.0
153 4614 717434.0
154 4584 721092.0
155 4843 724631.0
156 5142 728294.0
157 5299 732067.0
158 5105 735586.0
159 5057 739355.0
160 5179 742902.0
161 5335 746553.0
162 5455 750221.0
163 5677 753596.0
164 5965 756769.0
165 5951 760254.0
166 5763 763671.0
167 5934 767064.0
168 5955 770307.0
169 6054 773670.0
170 6242 776810.0
171 6295 780127.0
172 6292 783139.0
173 6447 786452.0
174 6560 789599.0
175 6681 792669.0
176 6666 795872.0
177 6968 798967.0
178 7021 802231.0
179 6827 805449.0
180 6939 808642.0
181 7034 811704.0
182 6999 814578.0
183 7131 817714.0
184 7247 820700.0
185 7457 823499.0
186 7489 826410.0
187 7650 829310.0
188 7833 832042.0
189 7713 834953.0
190 7524 838074.0
191 7462 840913.0
192 7957 843857.0
193 8436 846255.0
194 8778 848980.0
195 8465 851689.0
196 8482 854174.0
197 8479 856903.0
198 8407 859620.0
199 8718 862384.0
200 8991 859798.0
201 8553 853284.0
202 8217 847157.0
203 7811 841002.0
204 7596 834873.0
205 7279 828744.0
206 6965 822866.0
207 6418 817099.0
208 6306 811116.0
209 6552 805032.0
210 6803 798921.0
211 6970 792985.0
212 6832 786898.0
213 6594 781163.0
214 6159 775563.0
215 6125 769729.0
216 6474 763826.0
217 6822 757517.0
218 6835 751899.0
219 6441 745757.0
220 6584 740135.0
221 6367 734145.0
222 6405 728503.0
223 6263 722554.0
224 6214 716920.0
225 6044 711206.0
226 6159 705330.0
227 6461 699449.0
228 6552 693565.0
229 6615 687814.0
230 6410 682110.0
231 6357 676331.0
232 6381 670877.0
233 6135 664981.0
234 6313 659479.0
235 6106 653959.0
236 6188 648229.0
237 6527 642428.0
238 6430 636526.0
239 6098 631114.0
240 5812 625887.0
241 5898 620294.0
242 6100 614606.0
243 6458 608782.0
244 6852 603119.0
245 6580 597528.0
246 6234 592050.0
247 5930 586668.0
248 5892 581308.0
249 5838 576104.0
250 6113 570504.0
251 6473 564933.0
252 6295 559662.0
253 6105 554220.0
254 6256 548848.0
255 6097 543424.0
256 6075 538030.0
257 6023 532607.0
258 5943 527297.0
259 6187 521874.0
260 6382 516497.0
261 6266 511092.0
262 6008 505720.0
263 5922 500551.0
264 5905 495429.0
265 5975 490103.0
266 5998 485150.0
267 5755 479790.0
268 5839 474960.0
269 5841 469632.0
270 6200 464251.0
271 6172 459074.0
272 5952 454302.0
273 5650 449365.0
274 5619 444235.0
275 5787 439317.0
276 5733 434222.0
277 5609 429315.0
278 5619 424378.0
279 5541 419399.0
280 5655 414518.0
281 5629 409740.0
282 5553 404938.0
283 5519 400089.0
284 5443 395313.0
285 5540 390343.0
286 5598 385445.0
287 5562 380562.0
288 5527 376084.0
289 5332 371423.0
290 5317 366783.0
291 5303 361984.0
292 5449 357111.0
293 5382 352626.0
294 5076 348000.0
295 5197 343561.0
296 5098 339030.0
297 5065 334705.0
298 5115 330104.0
299 5357 325596.0
300 5393 321093.0
301 5223 316598.0
302 5264 312120.0
303 5219 307471.0
304 5227 303053.0
305 5183 298478.0
306 5131 294222.0
307 5069 289868.0
308 5034 285681.0
309 5058 281089.0
310 5185 276544.0
311 5120 272107.0
312 5252 267830.0
313 5156 263345.0
314 5119 259169.0
315 5062 254924.0
316 5047 250704.0
317 4858 246368.0
318 4765 242381.0
319 4701 238262.0
320 4770 234240.0
321 4770 230274.0
322 4614 226265.0
323 4474 222610.0
324 4295 218661.0
325 4206 214922.0
326 4176 211209.0
327 4157 207412.0
328 4181 203666.0
329 4052 199968.0
330 4019 196462.0
331 4041 193049.0
332 3956 189257.0
333 3865 185683.0
334 3817 182268.0
335 3917 178852.0
336 4037 175097.0
337 4158 171520.0
338 4152 168003.0
339 4066 164533.0
340 3924 161119.0
341 3758 157919.0
342 3617 154670.0
343 3666 151345.0
344 3543 148187.0
345 3450 145165.0
346 3462 141897.0
347 3459 138919.0
348 3285 136170.0
349 3032 133492.0
350 3085 130573.0
351 3333 127349.0
352 3525 124434.0
353 3494 121695.0
354 3322 118845.0
355 3267 116004.0
356 2994 113239.0
357 2788 110660.0
358 2735 108233.0
359 2753 105747.0
360 2660 103321.0
361 2646 100874.0
362 2571 98458.0
363 2383 96053.0
364 2246 93864.0
365 2243 91683.0
366 2265 89400.0
367 2319 87064.0
368 2314 84966.0
369 2179 82875.0
370 1984 80770.0
371 1980 78673.0
372 1994 76583.0
373 1936 74799.0
374 1878 72992.0
375 1833 71058.0
376 1794 69353.0
377 1744 67561.0
378 1820 65748.0
379 1901 63995.0
380 1809 62353.0
381 1722 60740.0
382 1695 59101.0
383 1689 57317.0
384 1705 55760.0
385 1724 54188.0
386 1653 52687.0
387 1590 51283.0
388 1505 49879.0
389 1557 48527.0
390 1448 47089.0
391 1426 45853.0
392 1385 44525.0
393 1385 43230.0
394 1358 42146.0
395 1279 40866.0
396 1274 39789.0
397 1276 38510.0
398 1279 37464.0
399 1328 36227.0
400 1298 35128.0
401 1178 34219.0
402 1067 33284.0
403 978 32351.0
404 874 31556.0
405 817 30624.0
406 736 29862.0
407 665 29094.0
408 668 28374.0
409 637 27731.0
410 613 26962.0
411 642 26330.0
412 641 25537.0
413 663 24793.0
414 604 24140.0
415 520 23512.0
416 510 22762.0
417 506 22221.0
418 488 21488.0
419 448 21105.0
420 402 20538.0
421 391 20054.0
422 357 19555.0
423 341 19069.0
424 330 18583.0
425 312 18226.0
426 257 17842.0
427 207 17438.0
428 179 17095.0
429 158 16723.0
430 157 16435.0
431 155 16062.0
432 162 15810.0
433 152 15450.0
434 119 15079.0
435 108 14854.0
436 108 14569.0
437 101 14451.0
438 95 14148.0
439 77 13655.0
440 69 13367.0
441 70 13106.0
442 61 12828.0
443 54 12645.0
444 44 12362.0
445 33 12363.0
446 26 12241.0
447 19 12011.0
448 15 11948.0
449 13 11696.0
450 9 11513.0
451 9 11392.0
452 10 11202.0
453 8 11204.0
454 9 11044.0
455 6 10777.0
456 4 10548.0
457 3 10325.0
458 2 10147.0
459 2 9881.0
460 1 9863.0
461 0 9761.0
462 0 9737.0
463 0 9648.0
464 0 9450.0
465 0 9466.0
466 0 9452.0
467 0 9388.0
468 0 9450.0
469 0 9317.0
470 0 9256.0
471 0 9199.0
472 0 9180.0
473 0 9034.0
474 0 8903.0
475 0 8823.0
476 0 8784.0
477 0 8664.0
478 0 8635.0
479 0 8404.0
480 0 8419.0
481 0 8362.0
482 0 8138.0
483 0 8178.0
484 0 8088.0
485 0 7948.0
486 0 7949.0
487 0 7966.0
488 0 7849.0
489 0 7854.0
490 0 7914.0
491 0 7750.0
492 0 7843.0
493 0 7808.0
494 0 7863.0
495 0 7868.0
496 0 7828.0
497 0 7830.0
498 0 7781.0
499 0 7743.0
500 0 7510.0
501 0 7474.0
502 0 7371.0
503 0 7526.0
504 0 7473.0
505 0 7364.0
506 0 7324.0
507 0 7251.0
508 0 7191.0
509 0 7294.0
510 0 7366.0
511 0 7285.0
512 0 7344.0
513 0 7327.0
514 0 7299.0
515 0 7206.0
516 0 7312.0
517 0 7244.0
518 0 7221.0
519 0 7315.0
520 0 7377.0
521 0 7411.0
522 0 7382.0
523 0 7281.0
524 0 7296.0
525 0 7174.0
526 0 7260.0
527 0 7328.0
528 0 7363.0
529 0 7294.0
530 0 7133.0
531 0 7235.0
532 0 7195.0
533 0 7275.0
534 0 7173.0
535 0 7102.0
536 0 7143.0
537 0 7090.0
538 0 7031.0
539 0 7120.0
540 0 7167.0
541 0 7189.0
542 0 7251.0
543 0 7213.0
544 0 7193.0
545 0 7243.0
546 0 7234.0
547 0 7242.0
548 0 7071.0
549 0 6968.0
550 0 6971.0
551 0 7009.0
552 0 6946.0
553 0 7015.0
554 0 7134.0
555 0 7130.0
556 0 7061.0
557 0 6969.0
558 0 6805.0
559 0 7074.0
560 0 7107.0
561 0 7047.0
562 0 7086.0
563 0 7031.0
564 0 7044.0
565 0 7089.0
566 0 7108.0
567 0 7087.0
568 0 7109.0
569 0 7136.0
570 0 7203.0
571 0 7168.0
572 0 7212.0
573 0 7088.0
574 0 7082.0
575 0 7033.0
576 0 7135.0
577 0 7143.0
578 0 7205.0
579 0 7225.0
580 0 7223.0
581 0 7186.0
582 0 7189.0
583 0 7188.0
584 0 7282.0
585 0 7336.0
586 0 7212.0
587 0 7209.0
588 0 7312.0
589 0 7222.0
590 0 7065.0
591 0 7133.0
592 0 7077.0
593 0 7172.0
594 0 7221.0
595 0 7169.0
596 0 7175.0
597 0 7177.0
598 0 7161.0
599 0 7218.0
600 0 7218.0
601 0 7218.0
602 0 7218.0
603 0 7218.0
604 0 7218.0
605 0 7218.0
606 0 7218.0
607 0 7218.0
608 0 7218.0
609 0 7218.0
610 0 7218.0
611 0 7218.0
612 0 7218.0
613 0 7218.0
614 0 7218.0
615 0 7218.0
616 0 7218.0
617 0 7218.0
618 0 7218.0
619 0 7218.0
620 0 7218.0
621 0 7218.0
622 0 7218.0
623 0 7218.0
624 0 7218.0
625 0 7218.0
626 0 7218.0
627 0 7218.0
628 0 7218.0
629 0 7218.0
630 0 7218.0
631 0 7218.0
632 0 7218.0
633 0 7218.0
634 0 7218.0
635 0 7218.0
636 0 7218.0
637 0 7218.0
638 0 7218.0
639 0 7218.0
640 0 7218.0
641 0 7218.0
642 0 7218.0
643 0 7218.0
644 0 7218.0
645 0 7218.0
646 0 7218.0
647 0 7218.0
648 0 7218.0
649 0 7218.0
650 0 7218.0
651 0 7218.0
652 0 7218.0
653 0 7218.0
654 0 7218.0
655 0 7218.0
656 0 7218.0
657 0 7218.0
658 0 7218.0
659 0 7218.0
660 0 7218.0
661 0 7218.0
662 0 7218.0
663 0 7218.0
664 0 7218.0
665 0 7218.0
666 0 7218.0
667 0 7218.0
668 0 7218.0
669 0 7218.0
670 0 7218.0
671 0 7218.0
672 0 7218.0
673 0 7218.0
674 0 7218.0
675 0 7218.0
676 0 7218.0
677 0 7218.0
678 0 7218.0
679 0 7218.0
680 0 7218.0
681 0 7218.0
682 0 7218.0
683 0 7218.0
684 0 7218.0
685 0 7218.0
686 0 7218.0
687 0 7218.0
688 0 7218.0
689 0 7218.0
690 0 7218.0
691 0 7218.0
692 0 7218.0
693 0 7218.0
694 0 7218.0
695 0 7218.0
696 0 7218.0
697 0 7218.0
698 0 7218.0
699 0 7218.0
700 0 7218.0
701 0 7218.0
702 0 7218.0
703 0 7218.0
704 0 7218.0
705 0 7218.0
706 0 7218.0
707 0 7218.0
708 0 7218.0
709 0 7218.0
710 0 7218.0
711 0 7218.0
712 0 7218.0
713 0 7218.0
714 0 7218.0
715 0 7218.0
716 0 7218.0
717 0 7218.0
718 0 7218.0
719 0 7218.0
720 0 7218.0
721 0 7218.0
722 0 7218.0
723 0 7218.0
724 0 7218.0
725 0 7218.0
726 0 7218.0
727 0 7218.0
728 0 7218.0
729 0 7218.0
730 0 7218.0
731 0 7218.0
732 0 7218.0
733 0 7218.0
734 0 7218.0
735 0 7218.0
736 0 7218.0
737 0 7218.0
738 0 7218.0
739 0 7218.0
740 0 7218.0
741 0 7218.0
742 0 7218.0
743 0 7218.0
744 0 7218.0
745 0 7218.0
746 0 7218.0
747 0 7218.0
748 0 7218.0
749 0 7218.0
750 0 7218.0
751 0 7218.0
752 0 7218.0
753 0 7218.0
754 0 7218.0
755 0 7218.0
756 0 7218.0
757 0 7218.0
758 0 7218.0
759 0 7218.0
760 0 7218.0
761 0 7218.0
762 0 7218.0
763 0 7218.0
764 0 7218.0
765 0 7218.0
766 0 7218.0
767 0 7218.0
768 0 7218.0
769 0 7218.0
770 0 7218.0
771 0 7218.0
772 0 7218.0
773 0 7218.0
774 0 7218.0
775 0 7218.0
776 0 7218.0
777 0 7218.0
778 0 7218.0
779 0 7218.0
780 0 7218.0
781 0 7218.0
782 0 7218.0
783 0 7218.0
784 0 7218.0
785 0 7218.0
786 0 7218.0
787 0 7218.0
788 0 7218.0
789 0 7218.0
790 0 7218.0
791 0 7218.0
792 0 7218.0
793 0 7218.0
794 0 7218.0
795 0 7218.0
796 0 7218.0
797 0 7218.0
798 0 7218.0
799 0 7218.0
800 0 7218.0
801 0 7218.0
802 0 7218.0
803 0 7218.0
804 0 7218.0
805 0 7218.0
806 0 7218.0
807 0 7218.0
808 0 7218.0
809 0 7218.0
810 0 7218.0
811 0 7218.0
812 0 7218.0
813 0 7218.0
814 0 7218.0
815 0 7218.0
816 0 7218.0
817 0 7218.0
818 0 7218.0
819 0 7218.0
820 0 7218.0
821 0 7218.0
822 0 7218.0
823 0 7218.0
824 0 7218.0
825 0 7218.0
826 0 7218.0
827 0 7218.0
828 0 7218.0
829 0 7218.0
830 0 7218.0
831 0 7218.0
832 0 7218.0
833 0 7218.0
834 0 7218.0
835 0 7218.0
836 0 7218.0
837 0 7218.0
838 0 7218.0
839 0 7218.0
840 0 7218.0
841 0 7218.0
842 0 7218.0
843 0 7218.0
844 0 7218.0
845 0 7218.0
846 0 7218.0
847 0 7218.0
848 0 7218.0
849 0 7218.0
850 0 7218.0
851 0 7218.0
852 0 7218.0
853 0 7218.0
854 0 7218.0
855 0 7218.0
856 0 7218.0
857 0 7218.0
858 0 7218.0
859 0 7218.0
860 0 7218.0
861 0 7218.0
862 0 7218.0
863 0 7218.0
864 0 7218.0
865 0 7218.0
866 0 7218.0
867 0 7218.0
868 0 7218.0
869 0 7218.0
870 0 7218.0
871 0 7218.0
872 0 7218.0
873 0 7218.0
874 0 7218.0
875 0 7218.0
876 0 7218.0
877 0 7218.0
878 0 7218.0
879 0 7218.0
880 0 7218.0
881 0 7218.0
882 0 7218.0
883 0 7218.0
884 0 7218.0
885 0 7218.0
886 0 7218.0
887 0 7218.0
888 0 7218.0
889 0 7218.0
890 0 7218.0
891 0 7218.0
892 0 7218.0
893 0 7218.0
894 0 7218.0
895 0 7218.0
896 0 7218.0
897 0 7218.0
898 0 7218.0
899 0 7218.0
900 0 7218.0
901 0 7218.0
902 0 7218.0
903 0 7218.0
904 0 7218.0
905 0 7218.0
906 0 7218.0
907 0 7218.0
908 0 7218.0
909 0 7218.0
910 0 7218.0
911 0 7218.0
912 0 7218.0
913 0 7218.0
914 0 7218.0
915 0 7218.0
916 0 7218.0
917 0 7218.0
918 0 7218.0
919 0 7218.0
920 0 7218.0
921 0 7218.0
922 0 7218.0
923 0 7218.0
924 0 7218.0
925 0 7218.0
926 0 7218.0
927 0 7218.0
928 0 7218.0
929 0 7218.0
930 0 7218.0
931 0 7218.0
932 0 7218.0
933 0 7218.0
934 0 7218.0
935 0 7218.0
936 0 7218.0
937 0 7218.0
938 0 7218.0
939 0 7218.0
940 0 7218.0
941 0 7218.0
942 0 7218.0
943 0 7218.0
944 0 7218.0
945 0 7218.0
946 0 7218.0
947 0 7218.0
948 0 7218.0
949 0 7218.0
950 0 7218.0
951 0 7218.0
952 0 7218.0
953 0 7218.0
954 0 7218.0
955 0 7218.0
956 0 7218.0
957 0 7218.0
958 0 7218.0
959 0 7218.0
960 0 7218.0
961 0 7218.0
962 0 7218.0
963 0 7218.0
964 0 7218.0
965 0 7218.0
966 0 7218.0
967 0 7218.0
968 0 7218.0
969 0 7218.0
970 0 7218.0
971 0 7218.0
972 0 7218.0
973 0 7218.0
974 0 7218.0
975 0 7218.0
976 0 7218.0
977 0 7218.0
978 0 7218.0
979 0 7218.0
980 0 7218.0
981 0 7218.0
982 0 7218.0
983 0 7218.0
984 0 7218.0
985 0 7218.0
986 0 7218.0
987 0 7218.0
988 0 7218.0
989 0 7218.0
990 0 7218.0
991 0 7218.0
992 0 7218.0
993 0 7218.0
994 0 7218.0
995 0 7218.0
996 0 7218.0
997 0 7218.0
998 0 7218.0
999 0 7218.0
1000 0 7218.0
