1 1 14961.0
2 2 20808.0
3 2 26130.0
4 2 31350.0
5 2 36777.0
6 4 42031.0
7 3 47134.0
8 5 52313.0
9 4 57458.0
10 6 62489.0
11 6 67346.0
12 8 72491.0
13 8 77386.0
14 12 82379.0
15 12 87511.0
16 16 92610.0
17 20 97644.0
18 22 102520.0
19 39 107260.0
20 38 112242.0
21 46 117425.0
22 45 122490.0
23 52 127615.0
24 63 132742.0
25 83 137640.0
26 84 142636.0
27 92 147535.0
28 89 152646.0
29 92 157645.0
30 84 162592.0
31 110 167443.0
32 111 172344.0
33 119 177310.0
34 123 182287.0
35 167 187210.0
36 169 192250.0
37 224 197249.0
38 213 202111.0
39 256 207124.0
40 283 212031.0
41 309 217016.0
42 286 221906.0
43 285 226870.0
44 329 231659.0
45 356 236532.0
46 394 241372.0
47 381 246227.0
48 426 250944.0
49 427 255885.0
50 469 260640.0
51 463 265490.0
52 506 270346.0
53 512 275141.0
54 520 279945.0
55 529 284783.0
56 596 289525.0
57 629 294342.0
58 627 299190.0
59 578 304076.0
60 629 309178.0
61 651 314042.0
62 698 318899.0
63 727 323837.0
64 761 328690.0
65 767 333498.0
66 744 338249.0
67 824 342968.0
68 889 347746.0
69 976 352555.0
70 1022 357332.0
71 950 362190.0
72 1011 366948.0
73 1012 371620.0
74 1109 376405.0
75 1177 380924.0
76 1292 385611.0
77 1329 390518.0
78 1323 395157.0
79 1308 399957.0
80 1347 404640.0
81 1408 409313.0
82 1501 413913.0
83 1508 418461.0
84 1483 423339.0
85 1457 427925.0
86 1488 432348.0
87 1567 436877.0
88 1665 441553.0
89 1722 446251.0
90 1780 450688.0
91 1730 455125.0
92 1712 459676.0
93 1768 464225.0
94 1838 468644.0
95 1945 472988.0
96 2047 477325.0
97 2106 481596.0
98 2175 486068.0
99 2188 490408.0
100 2222 494865.0
101 2189 499213.0
102 2166 503318.0
103 2233 507646.0
104 2242 511895.0
105 2426 516388.0
106 2612 520672.0
107 2606 524970.0
108 2549 529347.0
109 2398 533774.0
110 2457 538291.0
111 2578 542501.0
112 2672 546777.0
113 2739 551069.0
114 2777 555278.0
115 2797 559564.0
116 2963 563804.0
117 3018 568202.0
118 3025 572415.0
119 2991 576568.0
120 2978 580846.0
121 3212 584970.0
122 3488 589050.0
123 3525 593038.0
124 3416 597044.0
125 3346 601113.0
126 3357 605245.0
127 3433 609055.0
128 3706 613128.0
129 3852 617027.0
130 4042 621079.0
131 3941 624862.0
132 3962 628657.0
133 3962 632748.0
134 3880 636635.0
135 3859 640323.0
136 3968 644368.0
137 4084 648118.0
138 4319 651823.0
139 4658 655357.0
140 4729 658977.0
141 4698 662556.0
142 4701 666386.0
143 4659 670271.0
144 4706 673919.0
145 4784 677631.0
146 4890 681296.0
147 5006 684792.0
148 5176 688067.0
149 5317 691905.0
150 5141 695551.0
151 5200 699102.0
152 5251 702607.0
153 5443 705890.0
154 5602 709238.0
155 5700 712462.0
156 5818 716016.0
157 5854 719521.0
158 5776 722990.0
159 5715 726378.0
160 6008 729593.0
161 6239 733064.0
162 6292 736425.0
163 6490 739708.0
164 6530 742782.0
165 6482 746312.0
166 6293 749588.0
167 6476 752642.0
168 6767 755657.0
169 6932 758717.0
170 6946 761807.0
171 6875 764840.0
172 6945 767890.0
173 7051 771207.0
174 7028 774115.0
175 7182 777318.0
176 7065 780476.0
177 7175 783706.0
178 7148 786659.0
179 7477 789643.0
180 7700 792460.0
181 7836 795157.0
182 7806 798333.0
183 7616 801259.0
184 7885 803915.0
185 8182 806877.0
186 8327 809460.0
187 8593 812295.0
188 8661 814736.0
189 8713 817684.0
190 8532 820313.0
191 8661 823101.0
192 8702 825884.0
193 8727 828612.0
194 8880 831181.0
195 9040 833802.0
196 9095 836413.0
197 9166 839056.0
198 9412 841258.0
199 9604 844003.0
200 9437 841121.0
201 9126 834511.0
202 8639 828333.0
203 8183 822182.0
204 7877 816237.0
205 7631 810166.0
206 7293 804275.0
207 6979 798621.0
208 6760 792891.0
209 6857 787071.0
210 6984 780939.0
211 7173 774853.0
212 7225 768645.0
213 7062 762985.0
214 6761 757113.0
215 6738 751549.0
216 6558 745527.0
217 6674 739918.0
218 6537 734052.0
219 6559 728375.0
220 6604 722434.0
221 6988 716519.0
222 7047 710692.0
223 6738 705223.0
224 6552 699687.0
225 6482 693834.0
226 7012 687936.0
227 7035 681836.0
228 6911 676370.0
229 6530 670629.0
230 6531 664979.0
231 6560 659329.0
232 6557 653795.0
233 6525 648145.0
234 6302 642613.0
235 6384 636878.0
236 6827 631321.0
237 6876 625539.0
238 6871 620025.0
239 6746 614579.0
240 6603 609228.0
241 6392 603750.0
242 6372 598186.0
243 6506 592718.0
244 6524 587115.0
245 6620 581529.0
246 6705 576074.0
247 6758 570740.0
248 6583 565231.0
249 6508 559875.0
250 6473 554494.0
251 6310 549158.0
252 6463 543627.0
253 6474 538507.0
254 6201 533403.0
255 5901 528096.0
256 5986 522993.0
257 6134 517674.0
258 6418 512390.0
259 6508 507131.0
260 6450 501970.0
261 6395 496592.0
262 6316 491348.0
263 6162 485982.0
264 6311 480726.0
265 6443 475452.0
266 6573 470153.0
267 6424 465036.0
268 6440 459751.0
269 6516 454762.0
270 6340 449652.0
271 6127 444725.0
272 5929 439815.0
273 5922 434767.0
274 6004 429823.0
275 6035 424906.0
276 5913 419923.0
277 5876 414953.0
278 5947 410229.0
279 6048 405289.0
280 6141 400404.0
281 6319 395264.0
282 6372 390554.0
283 6252 385604.0
284 6139 380694.0
285 6102 375738.0
286 6111 370890.0
287 6057 366139.0
288 6104 361366.0
289 6013 356568.0
290 5953 351772.0
291 5850 346959.0
292 5732 342485.0
293 5596 338006.0
294 5481 333626.0
295 5407 329078.0
296 5518 324637.0
297 5475 320115.0
298 5560 315721.0
299 5420 311306.0
300 5301 306925.0
301 5368 302465.0
302 5551 298079.0
303 5358 293833.0
304 5238 289558.0
305 5211 285325.0
306 5304 280904.0
307 5440 276488.0
308 5372 272116.0
309 5141 267965.0
310 4885 263996.0
311 4811 259834.0
312 4856 255787.0
313 5063 251795.0
314 4945 247747.0
315 4833 243822.0
316 4716 239888.0
317 4771 235724.0
318 4775 231705.0
319 4733 227695.0
320 4566 224036.0
321 4423 220278.0
322 4520 216554.0
323 4427 212755.0
324 4341 209248.0
325 4321 205535.0
326 4554 201944.0
327 4576 198090.0
328 4550 194477.0
329 4460 190996.0
330 4333 187239.0
331 4357 183763.0
332 4207 180197.0
333 4184 176708.0
334 4069 173539.0
335 4111 170220.0
336 4049 166804.0
337 3953 163573.0
338 3701 160545.0
339 3572 157261.0
340 3530 154191.0
341 3527 151032.0
342 3671 147948.0
343 3557 144899.0
344 3442 141929.0
345 3294 138930.0
346 3359 135872.0
347 3444 132935.0
348 3423 130080.0
349 3463 127018.0
350 3427 124175.0
351 3256 121411.0
352 3096 118638.0
353 3214 116109.0
354 3182 113279.0
355 3043 110643.0
356 2913 108136.0
357 2852 105583.0
358 2815 103057.0
359 2843 100855.0
360 2887 98493.0
361 2916 96090.0
362 2850 93802.0
363 2738 91546.0
364 2614 89535.0
365 2387 87332.0
366 2252 85190.0
367 2190 83106.0
368 2284 81216.0
369 2290 79104.0
370 2230 76982.0
371 2195 74928.0
372 2118 73020.0
373 2046 71173.0
374 2151 69194.0
375 2131 67406.0
376 2077 65720.0
377 2005 63902.0
378 2043 61894.0
379 2039 60183.0
380 2017 58510.0
381 2013 56957.0
382 1928 55394.0
383 1778 53986.0
384 1631 52487.0
385 1566 51120.0
386 1494 49758.0
387 1544 48546.0
388 1620 47217.0
389 1674 45812.0
390 1643 44470.0
391 1549 43378.0
392 1466 42162.0
393 1423 40912.0
394 1437 39692.0
395 1387 38454.0
396 1357 37531.0
397 1280 36731.0
398 1124 35636.0
399 1141 34559.0
400 1107 33561.0
401 1098 32679.0
402 961 31710.0
403 851 31039.0
404 730 30358.0
405 661 29580.0
406 618 28737.0
407 618 28106.0
408 620 27360.0
409 611 26707.0
410 578 26010.0
411 528 25303.0
412 508 24744.0
413 473 24247.0
414 414 23624.0
415 401 23061.0
416 392 22699.0
417 350 22183.0
418 333 21729.0
419 339 21132.0
420 283 20708.0
421 240 20276.0
422 228 19882.0
423 241 19494.0
424 239 19124.0
425 263 18551.0
426 266 17988.0
427 237 17657.0
428 214 17229.0
429 208 16880.0
430 187 16517.0
431 153 16213.0
432 127 15967.0
433 116 15571.0
434 118 15225.0
435 120 14932.0
436 123 14620.0
437 113 14362.0
438 117 14107.0
439 122 13907.0
440 120 13611.0
441 116 13336.0
442 88 13023.0
443 81 12697.0
444 69 12456.0
445 53 12161.0
446 39 12110.0
447 39 12045.0
448 31 11907.0
449 33 11642.0
450 41 11595.0
451 46 11285.0
452 35 11189.0
453 27 11063.0
454 28 10912.0
455 23 10787.0
456 17 10842.0
457 13 10557.0
458 10 10400.0
459 6 10271.0
460 5 10062.0
461 3 10023.0
462 3 9875.0
463 2 9725.0
464 2 9651.0
465 1 9529.0
466 1 9328.0
467 2 9250.0
468 2 9074.0
469 2 8990.0
470 1 8922.0
471 1 8922.0
472 1 8927.0
473 0 8840.0
474 0 8647.0
475 0 8589.0
476 0 8739.0
477 0 8584.0
478 0 8544.0
479 0 8470.0
480 0 8424.0
481 0 8235.0
482 0 8080.0
483 0 8014.0
484 0 8061.0
485 0 8019.0
486 0 7966.0
487 0 7984.0
488 0 7992.0
489 0 7993.0
490 0 7960.0
491 0 7910.0
492 0 7825.0
493 0 7773.0
494 0 7741.0
495 0 7728.0
496 0 7597.0
497 0 7412.0
498 0 7382.0
499 0 7394.0
500 0 7359.0
501 0 7269.0
502 0 7300.0
503 0 7277.0
504 0 7260.0
505 0 7194.0
506 0 7328.0
507 0 7344.0
508 0 7284.0
509 0 7155.0
510 0 7194.0
511 0 7128.0
512 0 7213.0
513 0 7234.0
514 0 7205.0
515 0 7266.0
516 0 7293.0
517 0 7121.0
518 0 7171.0
519 0 7181.0
520 0 7177.0
521 0 7119.0
522 0 7053.0
523 0 7140.0
524 0 7176.0
525 0 7246.0
526 0 7080.0
527 0 7120.0
528 0 7210.0
529 0 7161.0
530 0 7120.0
531 0 7010.0
532 0 7131.0
533 0 7196.0
534 0 7164.0
535 0 7217.0
536 0 7214.0
537 0 7055.0
538 0 7037.0
539 0 6997.0
540 0 6926.0
541 0 6855.0
542 0 6961.0
543 0 6814.0
544 0 6874.0
545 0 6874.0
546 0 6859.0
547 0 6823.0
548 0 6957.0
549 0 6933.0
550 0 6829.0
551 0 6804.0
552 0 6800.0
553 0 6832.0
554 0 6963.0
555 0 6890.0
556 0 6881.0
557 0 6952.0
558 0 6853.0
559 0 6951.0
560 0 7016.0
561 0 7080.0
562 0 6998.0
563 0 6944.0
564 0 6934.0
565 0 6914.0
566 0 6836.0
567 0 6818.0
568 0 6921.0
569 0 6878.0
570 0 6831.0
571 0 6902.0
572 0 6914.0
573 0 7002.0
574 0 7007.0
575 0 7240.0
576 0 7197.0
577 0 7291.0
578 0 7259.0
579 0 7242.0
580 0 7192.0
581 0 7230.0
582 0 7211.0
583 0 7248.0
584 0 7220.0
585 0 7116.0
586 0 7215.0
587 0 7200.0
588 0 7125.0
589 0 7034.0
590 0 7150.0
591 0 7044.0
592 0 6942.0
593 0 6993.0
594 0 7126.0
595 0 7029.0
596 0 7090.0
597 0 7155.0
598 0 7051.0
599 0 7164.0
600 0 7164.0
601 0 7164.0
602 0 7164.0
603 0 7164.0
604 0 7164.0
605 0 7164.0
606 0 7164.0
607 0 7164.0
608 0 7164.0
609 0 7164.0
610 0 7164.0
611 0 7164.0
612 0 7164.0
613 0 7164.0
614 0 7164.0
615 0 7164.0
616 0 7164.0
617 0 7164.0
618 0 7164.0
619 0 7164.0
620 0 7164.0
621 0 7164.0
622 0 7164.0
623 0 7164.0
624 0 7164.0
625 0 7164.0
626 0 7164.0
627 0 7164.0
628 0 7164.0
629 0 7164.0
630 0 7164.0
631 0 7164.0
632 0 7164.0
633 0 7164.0
634 0 7164.0
635 0 7164.0
636 0 7164.0
637 0 7164.0
638 0 7164.0
639 0 7164.0
640 0 7164.0
641 0 7164.0
642 0 7164.0
643 0 7164.0
644 0 7164.0
645 0 7164.0
646 0 7164.0
647 0 7164.0
648 0 7164.0
649 0 7164.0
650 0 7164.0
651 0 7164.0
652 0 7164.0
653 0 7164.0
654 0 7164.0
655 0 7164.0
656 0 7164.0
657 0 7164.0
658 0 7164.0
659 0 7164.0
660 0 7164.0
661 0 7164.0
662 0 7164.0
663 0 7164.0
664 0 7164.0
665 0 7164.0
666 0 7164.0
667 0 7164.0
668 0 7164.0
669 0 7164.0
670 0 7164.0
671 0 7164.0
672 0 7164.0
673 0 7164.0
674 0 7164.0
675 0 7164.0
676 0 7164.0
677 0 7164.0
678 0 7164.0
679 0 7164.0
680 0 7164.0
681 0 7164.0
682 0 7164.0
683 0 7164.0
684 0 7164.0
685 0 7164.0
686 0 7164.0
687 0 7164.0
688 0 7164.0
689 0 7164.0
690 0 7164.0
691 0 7164.0
692 0 7164.0
693 0 7164.0
694 0 7164.0
695 0 7164.0
696 0 7164.0
697 0 7164.0
698 0 7164.0
699 0 7164.0
700 0 7164.0
701 0 7164.0
702 0 7164.0
703 0 7164.0
704 0 7164.0
705 0 7164.0
706 0 7164.0
707 0 7164.0
708 0 7164.0
709 0 7164.0
710 0 7164.0
711 0 7164.0
712 0 7164.0
713 0 7164.0
714 0 7164.0
715 0 7164.0
716 0 7164.0
717 0 7164.0
718 0 7164.0
719 0 7164.0
720 0 7164.0
721 0 7164.0
722 0 7164.0
723 0 7164.0
724 0 7164.0
725 0 7164.0
726 0 7164.0
727 0 7164.0
728 0 7164.0
729 0 7164.0
730 0 7164.0
731 0 7164.0
732 0 7164.0
733 0 7164.0
734 0 7164.0
735 0 7164.0
736 0 7164.0
737 0 7164.0
738 0 7164.0
739 0 7164.0
740 0 7164.0
741 0 7164.0
742 0 7164.0
743 0 7164.0
744 0 7164.0
745 0 7164.0
746 0 7164.0
747 0 7164.0
748 0 7164.0
749 0 7164.0
750 0 7164.0
751 0 7164.0
752 0 7164.0
753 0 7164.0
754 0 7164.0
755 0 7164.0
756 0 7164.0
757 0 7164.0
758 0 7164.0
759 0 7164.0
760 0 7164.0
761 0 7164.0
762 0 7164.0
763 0 7164.0
764 0 7164.0
765 0 7164.0
766 0 7164.0
767 0 7164.0
768 0 7164.0
769 0 7164.0
770 0 7164.0
771 0 7164.0
772 0 7164.0
773 0 7164.0
774 0 7164.0
775 0 7164.0
776 0 7164.0
777 0 7164.0
778 0 7164.0
779 0 7164.0
780 0 7164.0
781 0 7164.0
782 0 7164.0
783 0 7164.0
784 0 7164.0
785 0 7164.0
786 0 7164.0
787 0 7164.0
788 0 7164.0
789 0 7164.0
790 0 7164.0
791 0 7164.0
792 0 7164.0
793 0 7164.0
794 0 7164.0
795 0 7164.0
796 0 7164.0
797 0 7164.0
798 0 7164.0
799 0 7164.0
800 0 7164.0
801 0 7164.0
802 0 7164.0
803 0 7164.0
804 0 7164.0
805 0 7164.0
806 0 7164.0
807 0 7164.0
808 0 7164.0
809 0 7164.0
810 0 7164.0
811 0 7164.0
812 0 7164.0
813 0 7164.0
814 0 7164.0
815 0 7164.0
816 0 7164.0
817 0 7164.0
818 0 7164.0
819 0 7164.0
820 0 7164.0
821 0 7164.0
822 0 7164.0
823 0 7164.0
824 0 7164.0
825 0 7164.0
826 0 7164.0
827 0 7164.0
828 0 7164.0
829 0 7164.0
830 0 7164.0
831 0 7164.0
832 0 7164.0
833 0 7164.0
834 0 7164.0
835 0 7164.0
836 0 7164.0
837 0 7164.0
838 0 7164.0
839 0 7164.0
840 0 7164.0
841 0 7164.0
842 0 7164.0
843 0 7164.0
844 0 7164.0
845 0 7164.0
846 0 7164.0
847 0 7164.0
848 0 7164.0
849 0 7164.0
850 0 7164.0
851 0 7164.0
852 0 7164.0
853 0 7164.0
854 0 7164.0
855 0 7164.0
856 0 7164.0
857 0 7164.0
858 0 7164.0
859 0 7164.0
860 0 7164.0
861 0 7164.0
862 0 7164.0
863 0 7164.0
864 0 7164.0
865 0 7164.0
866 0 7164.0
867 0 7164.0
868 0 7164.0
869 0 7164.0
870 0 7164.0
871 0 7164.0
872 0 7164.0
873 0 7164.0
874 0 7164.0
875 0 7164.0
876 0 7164.0
877 0 7164.0
878 0 7164.0
879 0 7164.0
880 0 7164.0
881 0 7164.0
882 0 7164.0
883 0 7164.0
884 0 7164.0
885 0 7164.0
886 0 7164.0
887 0 7164.0
888 0 7164.0
889 0 7164.0
890 0 7164.0
891 0 7164.0
892 0 7164.0
893 0 7164.0
894 0 7164.0
895 0 7164.0
896 0 7164.0
897 0 7164.0
898 0 7164.0
899 0 7164.0
900 0 7164.0
901 0 7164.0
902 0 7164.0
903 0 7164.0
904 0 7164.0
905 0 7164.0
906 0 7164.0
907 0 7164.0
908 0 7164.0
909 0 7164.0
910 0 7164.0
911 0 7164.0
912 0 7164.0
913 0 7164.0
914 0 7164.0
915 0 7164.0
916 0 7164.0
917 0 7164.0
918 0 7164.0
919 0 7164.0
920 0 7164.0
921 0 7164.0
922 0 7164.0
923 0 7164.0
924 0 7164.0
925 0 7164.0
926 0 7164.0
927 0 7164.0
928 0 7164.0
929 0 7164.0
930 0 7164.0
931 0 7164.0
932 0 7164.0
933 0 7164.0
934 0 7164.0
935 0 7164.0
936 0 7164.0
937 0 7164.0
938 0 7164.0
939 0 7164.0
940 0 7164.0
941 0 7164.0
942 0 7164.0
943 0 7164.0
944 0 7164.0
945 0 7164.0
946 0 7164.0
947 0 7164.0
948 0 7164.0
949 0 7164.0
950 0 7164.0
951 0 7164.0
952 0 7164.0
953 0 7164.0
954 0 7164.0
955 0 7164.0
956 0 7164.0
957 0 7164.0
958 0 7164.0
959 0 7164.0
960 0 7164.0
961 0 7164.0
962 0 7164.0
963 0 7164.0
964 0 7164.0
965 0 7164.0
966 0 7164.0
967 0 7164.0
968 0 7164.0
969 0 7164.0
970 0 7164.0
971 0 7164.0
972 0 7164.0
973 0 7164.0
974 0 7164.0
975 0 7164.0
976 0 7164.0
977 0 7164.0
978 0 7164.0
979 0 7164.0
980 0 7164.0
981 0 7164.0
982 0 7164.0
983 0 7164.0
984 0 7164.0
985 0 7164.0
986 0 7164.0
987 0 7164.0
988 0 7164.0
989 0 7164.0
990 0 7164.0
991 0 7164.0
992 0 7164.0
993 0 7164.0
994 0 7164.0
995 0 7164.0
996 0 7164.0
997 0 7164.0
998 0 7164.0
999 0 7164.0
1000 0 7164.0
