1 1 15091.0
2 1 20988.0
3 1 26441.0
4 2 31847.0
5 2 37191.0
6 4 42261.0
7 4 47230.0
8 4 52344.0
9 3 57380.0
10 5 62523.0
11 6 67446.0
12 10 72611.0
13 12 77551.0
14 20 82715.0
15 20 87883.0
16 23 92876.0
17 19 97940.0
18 18 102973.0
19 31 107967.0
20 28 112864.0
21 45 117910.0
22 46 122764.0
23 73 127734.0
24 63 132933.0
25 63 137694.0
26 68 142794.0
27 75 147644.0
28 84 152808.0
29 92 157730.0
30 122 162539.0
31 132 167524.0
32 140 172506.0
33 144 177353.0
34 150 182211.0
35 160 187015.0
36 160 191812.0
37 173 196791.0
38 171 201818.0
39 197 206766.0
40 220 211716.0
41 254 216540.0
42 283 221238.0
43 287 226099.0
44 272 230950.0
45 295 235936.0
46 295 240806.0
47 328 245674.0
48 363 250480.0
49 399 255264.0
50 406 260203.0
51 419 264952.0
52 437 269915.0
53 462 274794.0
54 496 279792.0
55 525 284532.0
56 553 289276.0
57 568 294071.0
58 563 298988.0
59 597 303645.0
60 602 308327.0
61 619 313283.0
62 606 318055.0
63 604 322864.0
64 672 327589.0
65 724 332245.0
66 774 337043.0
67 773 341845.0
68 793 346495.0
69 844 351352.0
70 875 356029.0
71 908 360955.0
72 860 365882.0
73 900 370692.0
74 911 375430.0
75 983 380111.0
76 1110 384617.0
77 1164 389378.0
78 1073 394070.0
79 1137 398833.0
80 1161 403525.0
81 1243 408206.0
82 1278 412933.0
83 1298 417573.0
84 1391 422349.0
85 1358 426891.0
86 1374 431442.0
87 1452 436153.0
88 1579 440626.0
89 1707 445216.0
90 1727 449638.0
91 1786 454242.0
92 1781 458837.0
93 1771 463399.0
94 1802 467931.0
95 1740 472647.0
96 1761 476866.0
97 1833 481361.0
98 1824 485712.0
99 1865 490273.0
100 1927 494620.0
101 1984 498913.0
102 2152 503463.0
103 2141 507758.0
104 2190 512188.0
105 2171 516613.0
106 2236 520901.0
107 2262 525326.0
108 2418 529655.0
109 2477 533924.0
110 2581 538094.0
111 2594 542391.0
112 2589 546588.0
113 2626 550914.0
114 2663 555069.0
115 2826 559348.0
116 2787 563620.0
117 2830 568016.0
118 2877 572257.0
119 3067 576343.0
120 3320 580334.0
121 3243 584443.0
122 3195 588304.0
123 3291 592332.0
124 3306 596359.0
125 3448 600408.0
126 3612 604346.0
127 3607 608566.0
128 3572 612498.0
129 3632 616694.0
130 3686 620648.0
131 3740 624835.0
132 3689 628939.0
133 3857 632971.0
134 3889 637146.0
135 3875 641018.0
136 4009 644988.0
137 4103 649012.0
138 4022 653018.0
139 4073 656894.0
140 4155 660720.0
141 4314 664605.0
142 4590 668252.0
143 4591 671908.0
144 4642 675690.0
145 4683 679354.0
146 4652 683277.0
147 4573 687065.0
148 4678 690849.0
149 4801 694215.0
150 5167 697882.0
151 5222 701510.0
152 5025 705055.0
153 5107 708733.0
154 5275 712384.0
155 5358 716116.0
156 5374 719529.0
157 5512 723048.0
158 5580 726538.0
159 5669 729893.0
160 5977 733315.0
161 6044 736570.0
162 6103 740111.0
163 5862 743648.0
164 5907 747056.0
165 6010 750403.0
166 6387 753645.0
167 6498 756793.0
168 6630 759945.0
169 6648 763121.0
170 6544 766515.0
171 6209 769826.0
172 6376 773053.0
173 6634 776191.0
174 6966 779266.0
175 7447 782457.0
176 7517 785012.0
177 7542 788233.0
178 7298 791212.0
179 7420 794451.0
180 7503 797293.0
181 7577 800487.0
182 7483 803321.0
183 7809 806256.0
184 7967 808950.0
185 8266 811623.0
186 8187 814383.0
187 8020 817409.0
188 7635 820444.0
189 7698 823411.0
190 8131 825992.0
191 8574 828578.0
192 8877 831091.0
193 8671 833928.0
194 8590 836519.0
195 8588 839375.0
196 8678 842177.0
197 8929 844644.0
198 9076 847300.0
199 9032 850167.0
200 8975 847556.0
201 8726 841005.0
202 8307 834655.0
203 8029 828345.0
204 7527 822180.0
205 7410 816408.0
206 7299 810287.0
207 7281 804246.0
208 7181 798349.0
209 6912 792438.0
210 6593 786810.0
211 6327 781161.0
212 6247 775162.0
213 6395 769566.0
214 6566 763501.0
215 6783 757546.0
216 6604 751792.0
217 6318 746139.0
218 6252 740296.0
219 6582 734484.0
220 6810 728572.0
221 6724 722746.0
222 6572 717193.0
223 6228 711625.0
224 6355 706072.0
225 6507 700067.0
226 6785 694386.0
227 6746 688611.0
228 6374 683356.0
229 5987 677852.0
230 6291 672240.0
231 6774 666242.0
232 7143 660225.0
233 7135 654406.0
234 6605 649118.0
235 6205 643745.0
236 6372 638175.0
237 6600 632346.0
238 6773 626705.0
239 6551 621387.0
240 6218 616154.0
241 6244 610574.0
242 6433 604969.0
243 6553 599526.0
244 6650 593969.0
245 6500 588578.0
246 6152 583143.0
247 6250 577782.0
248 6510 572189.0
249 6710 566626.0
250 6736 561238.0
251 6305 556019.0
252 6076 550747.0
253 6145 545450.0
254 6260 540263.0
255 6324 534682.0
256 6419 529329.0
257 6214 524048.0
258 6037 518820.0
259 5819 513656.0
260 5804 508535.0
261 5972 503265.0
262 6072 498042.0
263 5883 492835.0
264 6142 487623.0
265 6260 482489.0
266 6317 477232.0
267 6305 472173.0
268 6123 467182.0
269 6079 462252.0
270 6067 456891.0
271 6245 451786.0
272 6435 446382.0
273 6400 441222.0
274 6215 436283.0
275 6032 431129.0
276 6092 426323.0
277 6102 421282.0
278 6172 416462.0
279 6079 411459.0
280 5973 406719.0
281 5747 401875.0
282 5985 396741.0
283 6067 391785.0
284 6074 386978.0
285 5898 381934.0
286 6001 377164.0
287 5826 372369.0
288 5673 367570.0
289 5534 362850.0
290 5589 358206.0
291 5700 353295.0
292 5753 348629.0
293 5542 344125.0
294 5566 339457.0
295 5552 334978.0
296 5540 330474.0
297 5361 326030.0
298 5189 321814.0
299 4868 317234.0
300 5114 312573.0
301 5334 308038.0
302 5316 303752.0
303 5121 299349.0
304 5113 295212.0
305 4861 290875.0
306 4807 286667.0
307 4990 282367.0
308 5025 278113.0
309 5009 273947.0
310 4971 269944.0
311 4957 265586.0
312 5015 261609.0
313 5012 257206.0
314 5042 253224.0
315 4791 249338.0
316 4833 245161.0
317 4957 241257.0
318 4786 237072.0
319 4779 232950.0
320 4715 229282.0
321 4688 225428.0
322 4612 221637.0
323 4552 217764.0
324 4509 213961.0
325 4481 210261.0
326 4415 206542.0
327 4480 202883.0
328 4424 199084.0
329 4459 195395.0
330 4405 191678.0
331 4467 188067.0
332 4230 184571.0
333 4044 181193.0
334 3940 177977.0
335 3811 174579.0
336 3798 171145.0
337 3675 168025.0
338 3525 164984.0
339 3353 161847.0
340 3508 158432.0
341 3665 155177.0
342 3618 152058.0
343 3544 148887.0
344 3446 145788.0
345 3359 142810.0
346 3301 139884.0
347 3337 136768.0
348 3264 133878.0
349 3287 131008.0
350 3211 127890.0
351 3196 125188.0
352 3032 122563.0
353 2924 119946.0
354 2873 117319.0
355 2857 114790.0
356 2789 112131.0
357 2744 109655.0
358 2746 107126.0
359 2752 104627.0
360 2801 102264.0
361 2816 99729.0
362 2798 97437.0
363 2632 95105.0
364 2576 92914.0
365 2471 90829.0
366 2406 88489.0
367 2492 86336.0
368 2464 84219.0
369 2419 82098.0
370 2365 79969.0
371 2339 77901.0
372 2232 75881.0
373 2246 73923.0
374 2139 72155.0
375 2053 70523.0
376 1928 68785.0
377 1883 66945.0
378 1871 65199.0
379 1910 63349.0
380 1963 61589.0
381 2000 60053.0
382 1970 58302.0
383 1881 56673.0
384 1826 55068.0
385 1763 53667.0
386 1699 52231.0
387 1674 50608.0
388 1584 49227.0
389 1585 47935.0
390 1563 46472.0
391 1648 45202.0
392 1577 43829.0
393 1478 42524.0
394 1431 41280.0
395 1360 40125.0
396 1312 38954.0
397 1356 37995.0
398 1318 36985.0
399 1279 35863.0
400 1152 34739.0
401 1099 33657.0
402 1027 32733.0
403 1037 31703.0
404 1021 30881.0
405 1014 30006.0
406 938 29169.0
407 896 28224.0
408 837 27418.0
409 833 26732.0
410 801 26071.0
411 756 25489.0
412 774 24746.0
413 770 24014.0
414 746 23297.0
415 718 22719.0
416 687 22184.0
417 692 21611.0
418 622 20928.0
419 616 20396.0
420 606 19850.0
421 529 19310.0
422 471 18841.0
423 464 18286.0
424 479 17695.0
425 473 17413.0
426 437 16942.0
427 391 16435.0
428 408 16210.0
429 402 15803.0
430 348 15381.0
431 277 15087.0
432 249 14704.0
433 237 14492.0
434 223 14074.0
435 222 13801.0
436 180 13453.0
437 183 13275.0
438 173 13046.0
439 139 12880.0
440 152 12686.0
441 139 12504.0
442 111 12294.0
443 93 12098.0
444 74 12018.0
445 55 11815.0
446 43 11641.0
447 41 11364.0
448 31 11151.0
449 31 10997.0
450 27 10884.0
451 37 10896.0
452 38 10742.0
453 36 10498.0
454 24 10426.0
455 20 10271.0
456 22 10068.0
457 25 10042.0
458 30 9870.0
459 27 9867.0
460 16 9822.0
461 10 9755.0
462 8 9557.0
463 7 9372.0
464 4 9247.0
465 3 9301.0
466 5 9102.0
467 4 9018.0
468 7 8936.0
469 5 8758.0
470 7 8729.0
471 9 8797.0
472 9 8700.0
473 6 8550.0
474 5 8508.0
475 4 8398.0
476 2 8299.0
477 1 8372.0
478 1 8365.0
479 0 8249.0
480 0 8173.0
481 0 8151.0
482 0 8068.0
483 0 7960.0
484 0 7892.0
485 0 7777.0
486 0 7840.0
487 0 7844.0
488 0 8033.0
489 0 7969.0
490 0 7899.0
491 0 7888.0
492 0 7827.0
493 0 7751.0
494 0 7734.0
495 0 7528.0
496 0 7646.0
497 0 7512.0
498 0 7528.0
499 0 7562.0
500 0 7546.0
501 0 7512.0
502 0 7428.0
503 0 7351.0
504 0 7409.0
505 0 7343.0
506 0 7457.0
507 0 7403.0
508 0 7392.0
509 0 7455.0
510 0 7380.0
511 0 7336.0
512 0 7359.0
513 0 7347.0
514 0 7335.0
515 0 7467.0
516 0 7515.0
517 0 7556.0
518 0 7503.0
519 0 7454.0
520 0 7294.0
521 0 7295.0
522 0 7229.0
523 0 7081.0
524 0 7089.0
525 0 7089.0
526 0 7097.0
527 0 7078.0
528 0 6971.0
529 0 7178.0
530 0 7124.0
531 0 7281.0
532 0 7125.0
533 0 7056.0
534 0 7145.0
535 0 7170.0
536 0 7046.0
537 0 6981.0
538 0 7051.0
539 0 7011.0
540 0 7054.0
541 0 6992.0
542 0 6937.0
543 0 6959.0
544 0 7109.0
545 0 6985.0
546 0 7019.0
547 0 6978.0
548 0 7041.0
549 0 7107.0
550 0 7086.0
551 0 7142.0
552 0 7018.0
553 0 7031.0
554 0 6936.0
555 0 6920.0
556 0 7098.0
557 0 7140.0
558 0 7233.0
559 0 7133.0
560 0 7200.0
561 0 7150.0
562 0 7093.0
563 0 7175.0
564 0 7112.0
565 0 7135.0
566 0 7046.0
567 0 7086.0
568 0 7164.0
569 0 7225.0
570 0 7117.0
571 0 7054.0
572 0 7166.0
573 0 7225.0
574 0 7206.0
575 0 7278.0
576 0 7221.0
577 0 7292.0
578 0 7251.0
579 0 7270.0
580 0 7212.0
581 0 7248.0
582 0 7073.0
583 0 7112.0
584 0 7028.0
585 0 6978.0
586 0 6874.0
587 0 6966.0
588 0 7024.0
589 0 6945.0
590 0 6991.0
591 0 6927.0
592 0 7004.0
593 0 6963.0
594 0 7013.0
595 0 7051.0
596 0 7048.0
597 0 7166.0
598 0 7032.0
599 0 6953.0
600 0 6953.0
601 0 6953.0
602 0 6953.0
603 0 6953.0
604 0 6953.0
605 0 6953.0
606 0 6953.0
607 0 6953.0
608 0 6953.0
609 0 6953.0
610 0 6953.0
611 0 6953.0
612 0 6953.0
613 0 6953.0
614 0 6953.0
615 0 6953.0
616 0 6953.0
617 0 6953.0
618 0 6953.0
619 0 6953.0
620 0 6953.0
621 0 6953.0
622 0 6953.0
623 0 6953.0
624 0 6953.0
625 0 6953.0
626 0 6953.0
627 0 6953.0
628 0 6953.0
629 0 6953.0
630 0 6953.0
631 0 6953.0
632 0 6953.0
633 0 6953.0
634 0 6953.0
635 0 6953.0
636 0 6953.0
637 0 6953.0
638 0 6953.0
639 0 6953.0
640 0 6953.0
641 0 6953.0
642 0 6953.0
643 0 6953.0
644 0 6953.0
645 0 6953.0
646 0 6953.0
647 0 6953.0
648 0 6953.0
649 0 6953.0
650 0 6953.0
651 0 6953.0
652 0 6953.0
653 0 6953.0
654 0 6953.0
655 0 6953.0
656 0 6953.0
657 0 6953.0
658 0 6953.0
659 0 6953.0
660 0 6953.0
661 0 6953.0
662 0 6953.0
663 0 6953.0
664 0 6953.0
665 0 6953.0
666 0 6953.0
667 0 6953.0
668 0 6953.0
669 0 6953.0
670 0 6953.0
671 0 6953.0
672 0 6953.0
673 0 6953.0
674 0 6953.0
675 0 6953.0
676 0 6953.0
677 0 6953.0
678 0 6953.0
679 0 6953.0
680 0 6953.0
681 0 6953.0
682 0 6953.0
683 0 6953.0
684 0 6953.0
685 0 6953.0
686 0 6953.0
687 0 6953.0
688 0 6953.0
689 0 6953.0
690 0 6953.0
691 0 6953.0
692 0 6953.0
693 0 6953.0
694 0 6953.0
695 0 6953.0
696 0 6953.0
697 0 6953.0
698 0 6953.0
699 0 6953.0
700 0 6953.0
701 0 6953.0
702 0 6953.0
703 0 6953.0
704 0 6953.0
705 0 6953.0
706 0 6953.0
707 0 6953.0
708 0 6953.0
709 0 6953.0
710 0 6953.0
711 0 6953.0
712 0 6953.0
713 0 6953.0
714 0 6953.0
715 0 6953.0
716 0 6953.0
717 0 6953.0
718 0 6953.0
719 0 6953.0
720 0 6953.0
721 0 6953.0
722 0 6953.0
723 0 6953.0
724 0 6953.0
725 0 6953.0
726 0 6953.0
727 0 6953.0
728 0 6953.0
729 0 6953.0
730 0 6953.0
731 0 6953.0
732 0 6953.0
733 0 6953.0
734 0 6953.0
735 0 6953.0
736 0 6953.0
737 0 6953.0
738 0 6953.0
739 0 6953.0
740 0 6953.0
741 0 6953.0
742 0 6953.0
743 0 6953.0
744 0 6953.0
745 0 6953.0
746 0 6953.0
747 0 6953.0
748 0 6953.0
749 0 6953.0
750 0 6953.0
751 0 6953.0
752 0 6953.0
753 0 6953.0
754 0 6953.0
755 0 6953.0
756 0 6953.0
757 0 6953.0
758 0 6953.0
759 0 6953.0
760 0 6953.0
761 0 6953.0
762 0 6953.0
763 0 6953.0
764 0 6953.0
765 0 6953.0
766 0 6953.0
767 0 6953.0
768 0 6953.0
769 0 6953.0
770 0 6953.0
771 0 6953.0
772 0 6953.0
773 0 6953.0
774 0 6953.0
775 0 6953.0
776 0 6953.0
777 0 6953.0
778 0 6953.0
779 0 6953.0
780 0 6953.0
781 0 6953.0
782 0 6953.0
783 0 6953.0
784 0 6953.0
785 0 6953.0
786 0 6953.0
787 0 6953.0
788 0 6953.0
789 0 6953.0
790 0 6953.0
791 0 6953.0
792 0 6953.0
793 0 6953.0
794 0 6953.0
795 0 6953.0
796 0 6953.0
797 0 6953.0
798 0 6953.0
799 0 6953.0
800 0 6953.0
801 0 6953.0
802 0 6953.0
803 0 6953.0
804 0 6953.0
805 0 6953.0
806 0 6953.0
807 0 6953.0
808 0 6953.0
809 0 6953.0
810 0 6953.0
811 0 6953.0
812 0 6953.0
813 0 6953.0
814 0 6953.0
815 0 6953.0
816 0 6953.0
817 0 6953.0
818 0 6953.0
819 0 6953.0
820 0 6953.0
821 0 6953.0
822 0 6953.0
823 0 6953.0
824 0 6953.0
825 0 6953.0
826 0 6953.0
827 0 6953.0
828 0 6953.0
829 0 6953.0
830 0 6953.0
831 0 6953.0
832 0 6953.0
833 0 6953.0
834 0 6953.0
835 0 6953.0
836 0 6953.0
837 0 6953.0
838 0 6953.0
839 0 6953.0
840 0 6953.0
841 0 6953.0
842 0 6953.0
843 0 6953.0
844 0 6953.0
845 0 6953.0
846 0 6953.0
847 0 6953.0
848 0 6953.0
849 0 6953.0
850 0 6953.0
851 0 6953.0
852 0 6953.0
853 0 6953.0
854 0 6953.0
855 0 6953.0
856 0 6953.0
857 0 6953.0
858 0 6953.0
859 0 6953.0
860 0 6953.0
861 0 6953.0
862 0 6953.0
863 0 6953.0
864 0 6953.0
865 0 6953.0
866 0 6953.0
867 0 6953.0
868 0 6953.0
869 0 6953.0
870 0 6953.0
871 0 6953.0
872 0 6953.0
873 0 6953.0
874 0 6953.0
875 0 6953.0
876 0 6953.0
877 0 6953.0
878 0 6953.0
879 0 6953.0
880 0 6953.0
881 0 6953.0
882 0 6953.0
883 0 6953.0
884 0 6953.0
885 0 6953.0
886 0 6953.0
887 0 6953.0
888 0 6953.0
889 0 6953.0
890 0 6953.0
891 0 6953.0
892 0 6953.0
893 0 6953.0
894 0 6953.0
895 0 6953.0
896 0 6953.0
897 0 6953.0
898 0 6953.0
899 0 6953.0
900 0 6953.0
901 0 6953.0
902 0 6953.0
903 0 6953.0
904 0 6953.0
905 0 6953.0
906 0 6953.0
907 0 6953.0
908 0 6953.0
909 0 6953.0
910 0 6953.0
911 0 6953.0
912 0 6953.0
913 0 6953.0
914 0 6953.0
915 0 6953.0
916 0 6953.0
917 0 6953.0
918 0 6953.0
919 0 6953.0
920 0 6953.0
921 0 6953.0
922 0 6953.0
923 0 6953.0
924 0 6953.0
925 0 6953.0
926 0 6953.0
927 0 6953.0
928 0 6953.0
929 0 6953.0
930 0 6953.0
931 0 6953.0
932 0 6953.0
933 0 6953.0
934 0 6953.0
935 0 6953.0
936 0 6953.0
937 0 6953.0
938 0 6953.0
939 0 6953.0
940 0 6953.0
941 0 6953.0
942 0 6953.0
943 0 6953.0
944 0 6953.0
945 0 6953.0
946 0 6953.0
947 0 6953.0
948 0 6953.0
949 0 6953.0
950 0 6953.0
951 0 6953.0
952 0 6953.0
953 0 6953.0
954 0 6953.0
955 0 6953.0
956 0 6953.0
957 0 6953.0
958 0 6953.0
959 0 6953.0
960 0 6953.0
961 0 6953.0
962 0 6953.0
963 0 6953.0
964 0 6953.0
965 0 6953.0
966 0 6953.0
967 0 6953.0
968 0 6953.0
969 0 6953.0
970 0 6953.0
971 0 6953.0
972 0 6953.0
973 0 6953.0
974 0 6953.0
975 0 6953.0
976 0 6953.0
977 0 6953.0
978 0 6953.0
979 0 6953.0
980 0 6953.0
981 0 6953.0
982 0 6953.0
983 0 6953.0
984 0 6953.0
985 0 6953.0
986 0 6953.0
987 0 6953.0
988 0 6953.0
989 0 6953.0
990 0 6953.0
991 0 6953.0
992 0 6953.0
993 0 6953.0
994 0 6953.0
995 0 6953.0
996 0 6953.0
997 0 6953.0
998 0 6953.0
999 0 6953.0
1000 0 6953.0
