1 1 14912.0
2 1 20574.0
3 1 26049.0
4 2 31492.0
5 1 36726.0
6 2 42209.0
7 2 47326.0
8 4 52545.0
9 3 57616.0
10 5 62490.0
11 4 67600.0
12 3 72663.0
13 5 77647.0
14 6 82751.0
15 10 87773.0
16 12 92839.0
17 20 97933.0
18 22 102953.0
19 27 108007.0
20 22 113047.0
21 27 118232.0
22 33 122965.0
23 49 128081.0
24 53 132914.0
25 60 138141.0
26 60 142994.0
27 55 148033.0
28 83 152910.0
29 82 157839.0
30 81 162939.0
31 79 167896.0
32 90 172844.0
33 84 177971.0
34 108 182885.0
35 124 187946.0
36 164 192921.0
37 178 197882.0
38 212 203000.0
39 199 207890.0
40 223 212852.0
41 226 217751.0
42 243 222743.0
43 270 227499.0
44 307 232554.0
45 316 237613.0
46 328 242707.0
47 342 247682.0
48 346 252589.0
49 333 257444.0
50 360 262349.0
51 399 267199.0
52 378 272218.0
53 378 277091.0
54 376 281943.0
55 409 286820.0
56 445 291774.0
57 448 296619.0
58 478 301473.0
59 507 306367.0
60 511 311505.0
61 597 316339.0
62 621 321272.0
63 661 326102.0
64 726 331008.0
65 736 335804.0
66 735 340536.0
67 779 345418.0
68 825 350168.0
69 839 354793.0
70 893 359416.0
71 881 364162.0
72 894 368783.0
73 918 373479.0
74 995 378228.0
75 1112 383179.0
76 1063 387962.0
77 1060 392352.0
78 1104 396905.0
79 1103 401596.0
80 1225 406135.0
81 1235 410716.0
82 1276 415439.0
83 1352 420238.0
84 1314 424786.0
85 1307 429528.0
86 1433 433893.0
87 1499 438550.0
88 1676 442994.0
89 1710 447457.0
90 1651 452021.0
91 1635 456507.0
92 1561 461007.0
93 1562 465557.0
94 1742 469940.0
95 1820 474121.0
96 1830 478761.0
97 1750 482968.0
98 1823 487594.0
99 1773 491942.0
100 1911 496551.0
101 1949 500982.0
102 2166 505515.0
103 2183 509826.0
104 2305 514439.0
105 2233 518773.0
106 2292 523153.0
107 2305 527347.0
108 2400 531711.0
109 2532 535834.0
110 2578 540060.0
111 2584 544352.0
112 2607 548550.0
113 2645 552598.0
114 2780 556854.0
115 2755 561323.0
116 2657 565687.0
117 2653 570051.0
118 2803 574525.0
119 2973 578643.0
120 3154 582655.0
121 3143 587018.0
122 3033 591047.0
123 3181 595137.0
124 3307 599415.0
125 3278 603592.0
126 3347 607843.0
127 3541 611647.0
128 3528 615792.0
129 3419 619648.0
130 3521 623586.0
131 3578 627584.0
132 3705 631491.0
133 3746 635528.0
134 3735 639280.0
135 3876 643235.0
136 3934 647111.0
137 3923 651122.0
138 3976 655006.0
139 4151 658830.0
140 4139 662764.0
141 4281 666569.0
142 4501 670290.0
143 4626 673697.0
144 4863 677437.0
145 4783 681320.0
146 4819 684881.0
147 4758 688831.0
148 4727 692533.0
149 4870 696080.0
150 5005 699803.0
151 5100 703335.0
152 5183 706956.0
153 5250 710460.0
154 5313 714058.0
155 5261 717868.0
156 5297 721278.0
157 5375 724955.0
158 5363 728445.0
159 5562 731924.0
160 5570 735089.0
161 5924 738843.0
162 5856 742069.0
163 5740 745597.0
164 5735 748776.0
165 5922 752152.0
166 6044 755408.0
167 6380 758625.0
168 6394 761885.0
169 6455 765157.0
170 6505 768488.0
171 6714 771573.0
172 6938 774764.0
173 6756 778070.0
174 6730 781358.0
175 6879 784435.0
176 7153 787469.0
177 7298 790400.0
178 7492 793210.0
179 7622 796060.0
180 7652 799123.0
181 7453 802197.0
182 7470 805202.0
183 7708 808003.0
184 7921 811125.0
185 7889 813951.0
186 8091 817068.0
187 7896 819915.0
188 8039 822890.0
189 7682 825904.0
190 7854 829040.0
191 8378 831317.0
192 8813 833857.0
193 8736 836480.0
194 8543 839133.0
195 8675 842096.0
196 8739 844739.0
197 9018 847433.0
198 9242 849572.0
199 9334 852192.0
200 9191 849522.0
201 8908 842839.0
202 8628 836487.0
203 8406 830526.0
204 7730 824524.0
205 7112 818514.0
206 6959 812788.0
207 6940 806768.0
208 7062 800676.0
209 7205 794496.0
210 7079 788422.0
211 6808 782649.0
212 6507 777162.0
213 6364 771331.0
214 6566 765475.0
215 6753 759370.0
216 6879 753547.0
217 6644 747551.0
218 6443 741882.0
219 6301 735874.0
220 6472 730180.0
221 6403 724330.0
222 6510 718780.0
223 6529 712771.0
224 6824 707228.0
225 6831 701201.0
226 6995 695701.0
227 6696 689902.0
228 6623 684449.0
229 6384 678455.0
230 6403 672952.0
231 6420 667011.0
232 6602 661429.0
233 6427 655687.0
234 6444 650131.0
235 6452 644343.0
236 6481 638794.0
237 6410 633251.0
238 6292 627729.0
239 6137 622285.0
240 6286 616622.0
241 6588 610919.0
242 6461 605367.0
243 6510 599587.0
244 6885 593927.0
245 6743 588419.0
246 6571 582873.0
247 6628 577570.0
248 6378 572341.0
249 6301 566863.0
250 6490 561396.0
251 6298 556151.0
252 6185 551051.0
253 6036 545635.0
254 6175 540355.0
255 6221 534941.0
256 6382 529385.0
257 6614 524023.0
258 6368 518844.0
259 6125 513895.0
260 5988 508721.0
261 5883 503609.0
262 5918 498376.0
263 6272 493003.0
264 6413 487514.0
265 6401 482332.0
266 6155 477378.0
267 5975 472308.0
268 5894 467140.0
269 6077 461954.0
270 6221 456483.0
271 6246 451410.0
272 6019 446508.0
273 6044 441476.0
274 6070 436440.0
275 6055 431407.0
276 5953 426412.0
277 5862 421584.0
278 5937 416696.0
279 6066 411753.0
280 5971 406865.0
281 5877 401886.0
282 5946 397267.0
283 5841 392257.0
284 5957 387551.0
285 5885 382401.0
286 5874 377640.0
287 5699 372856.0
288 5815 368027.0
289 5936 363145.0
290 5935 358459.0
291 5590 353687.0
292 5443 349206.0
293 5416 344458.0
294 5355 339860.0
295 5260 335345.0
296 5175 330782.0
297 5419 326052.0
298 5506 321436.0
299 5457 316913.0
300 5419 312602.0
301 5419 308074.0
302 5402 303676.0
303 5389 299236.0
304 5351 294680.0
305 5382 290278.0
306 5251 285814.0
307 5318 281374.0
308 5157 277141.0
309 5003 272914.0
310 5017 268444.0
311 5197 264289.0
312 5155 259956.0
313 5023 255883.0
314 4770 251642.0
315 4689 247753.0
316 4658 243695.0
317 4744 239684.0
318 4652 235643.0
319 4615 231948.0
320 4528 227840.0
321 4614 224146.0
322 4567 220381.0
323 4609 216536.0
324 4593 212664.0
325 4469 208949.0
326 4351 205232.0
327 4302 201444.0
328 4298 197775.0
329 4384 194168.0
330 4218 190577.0
331 4115 187219.0
332 3986 183753.0
333 3950 180404.0
334 4040 176797.0
335 4079 173404.0
336 4041 170039.0
337 4053 166694.0
338 3893 163321.0
339 3679 160305.0
340 3492 157076.0
341 3588 153886.0
342 3690 150612.0
343 3642 147513.0
344 3579 144240.0
345 3473 141538.0
346 3342 138530.0
347 3366 135571.0
348 3339 132479.0
349 3391 129513.0
350 3334 126648.0
351 3310 123726.0
352 3272 120713.0
353 3234 117883.0
354 3241 115226.0
355 3186 112528.0
356 3127 110007.0
357 3023 107444.0
358 2913 104740.0
359 2979 102193.0
360 2990 99655.0
361 2817 97404.0
362 2718 94953.0
363 2656 92565.0
364 2564 90369.0
365 2575 88161.0
366 2535 85982.0
367 2410 83805.0
368 2366 81730.0
369 2239 79631.0
370 2187 77459.0
371 2100 75470.0
372 2120 73504.0
373 2038 71714.0
374 1948 69783.0
375 1868 67962.0
376 1895 66188.0
377 1838 64335.0
378 1928 62609.0
379 1914 60889.0
380 1924 59199.0
381 1817 57712.0
382 1758 56274.0
383 1725 54608.0
384 1681 52975.0
385 1685 51325.0
386 1613 49928.0
387 1491 48550.0
388 1437 47106.0
389 1346 45847.0
390 1317 44448.0
391 1261 43249.0
392 1140 42215.0
393 1090 41226.0
394 1065 40100.0
395 1060 38987.0
396 1000 37842.0
397 1069 36755.0
398 1048 35740.0
399 996 34867.0
400 934 33990.0
401 887 32926.0
402 883 32041.0
403 818 31112.0
404 823 30283.0
405 771 29376.0
406 757 28666.0
407 691 27888.0
408 645 27225.0
409 592 26558.0
410 571 25910.0
411 533 25274.0
412 522 24585.0
413 511 24012.0
414 524 23568.0
415 468 23135.0
416 471 22427.0
417 467 21846.0
418 468 21281.0
419 459 20835.0
420 398 20437.0
421 400 19835.0
422 408 19354.0
423 399 18900.0
424 354 18451.0
425 296 18112.0
426 234 17821.0
427 195 17484.0
428 204 17171.0
429 200 16686.0
430 179 16419.0
431 168 16075.0
432 135 15772.0
433 123 15622.0
434 117 15201.0
435 112 14912.0
436 111 14506.0
437 91 14248.0
438 95 13867.0
439 79 13585.0
440 66 13386.0
441 61 13174.0
442 66 12977.0
443 56 12904.0
444 48 12662.0
445 46 12507.0
446 49 12297.0
447 42 12104.0
448 35 11859.0
449 27 11697.0
450 33 11588.0
451 29 11422.0
452 27 11187.0
453 28 10990.0
454 30 10981.0
455 36 10828.0
456 40 10680.0
457 33 10591.0
458 27 10389.0
459 25 10243.0
460 20 10059.0
461 24 9975.0
462 25 9786.0
463 20 9609.0
464 11 9521.0
465 7 9461.0
466 8 9356.0
467 6 9328.0
468 6 9136.0
469 5 8957.0
470 3 8854.0
471 1 8791.0
472 1 8754.0
473 2 8485.0
474 1 8371.0
475 0 8359.0
476 0 8259.0
477 0 8307.0
478 0 8288.0
479 0 8240.0
480 0 8129.0
481 0 8057.0
482 0 8153.0
483 0 8195.0
484 0 8023.0
485 0 8169.0
486 0 8045.0
487 0 8054.0
488 0 8058.0
489 0 7890.0
490 0 7768.0
491 0 7843.0
492 0 7857.0
493 0 7922.0
494 0 8033.0
495 0 7982.0
496 0 7757.0
497 0 7615.0
498 0 7628.0
499 0 7696.0
500 0 7592.0
501 0 7603.0
502 0 7509.0
503 0 7537.0
504 0 7449.0
505 0 7480.0
506 0 7547.0
507 0 7506.0
508 0 7373.0
509 0 7317.0
510 0 7376.0
511 0 7305.0
512 0 7201.0
513 0 7271.0
514 0 7242.0
515 0 7200.0
516 0 7344.0
517 0 7366.0
518 0 7296.0
519 0 7370.0
520 0 7323.0
521 0 7307.0
522 0 7246.0
523 0 7301.0
524 0 7200.0
525 0 7209.0
526 0 7234.0
527 0 7138.0
528 0 7085.0
529 0 7195.0
530 0 7284.0
531 0 7215.0
532 0 7212.0
533 0 7363.0
534 0 7401.0
535 0 7495.0
536 0 7378.0
537 0 7240.0
538 0 7239.0
539 0 7223.0
540 0 7180.0
541 0 7029.0
542 0 7001.0
543 0 6996.0
544 0 7078.0
545 0 7066.0
546 0 7109.0
547 0 7029.0
548 0 7191.0
549 0 7245.0
550 0 7204.0
551 0 7251.0
552 0 7269.0
553 0 7267.0
554 0 7318.0
555 0 7398.0
556 0 7448.0
557 0 7339.0
558 0 7316.0
559 0 7270.0
560 0 7217.0
561 0 7248.0
562 0 7190.0
563 0 7184.0
564 0 7184.0
565 0 7191.0
566 0 7198.0
567 0 7195.0
568 0 7063.0
569 0 6991.0
570 0 7084.0
571 0 7112.0
572 0 7191.0
573 0 7194.0
574 0 7019.0
575 0 7104.0
576 0 6994.0
577 0 7030.0
578 0 7036.0
579 0 7009.0
580 0 7028.0
581 0 6930.0
582 0 7013.0
583 0 7119.0
584 0 7250.0
585 0 7133.0
586 0 7161.0
587 0 7188.0
588 0 7087.0
589 0 7120.0
590 0 7041.0
591 0 7028.0
592 0 7074.0
593 0 7144.0
594 0 7078.0
595 0 7014.0
596 0 7047.0
597 0 6980.0
598 0 7083.0
599 0 7184.0
600 0 7184.0
601 0 7184.0
602 0 7184.0
603 0 7184.0
604 0 7184.0
605 0 7184.0
606 0 7184.0
607 0 7184.0
608 0 7184.0
609 0 7184.0
610 0 7184.0
611 0 7184.0
612 0 7184.0
613 0 7184.0
614 0 7184.0
615 0 7184.0
616 0 7184.0
617 0 7184.0
618 0 7184.0
619 0 7184.0
620 0 7184.0
621 0 7184.0
622 0 7184.0
623 0 7184.0
624 0 7184.0
625 0 7184.0
626 0 7184.0
627 0 7184.0
628 0 7184.0
629 0 7184.0
630 0 7184.0
631 0 7184.0
632 0 7184.0
633 0 7184.0
634 0 7184.0
635 0 7184.0
636 0 7184.0
637 0 7184.0
638 0 7184.0
639 0 7184.0
640 0 7184.0
641 0 7184.0
642 0 7184.0
643 0 7184.0
644 0 7184.0
645 0 7184.0
646 0 7184.0
647 0 7184.0
648 0 7184.0
649 0 7184.0
650 0 7184.0
651 0 7184.0
652 0 7184.0
653 0 7184.0
654 0 7184.0
655 0 7184.0
656 0 7184.0
657 0 7184.0
658 0 7184.0
659 0 7184.0
660 0 7184.0
661 0 7184.0
662 0 7184.0
663 0 7184.0
664 0 7184.0
665 0 7184.0
666 0 7184.0
667 0 7184.0
668 0 7184.0
669 0 7184.0
670 0 7184.0
671 0 7184.0
672 0 7184.0
673 0 7184.0
674 0 7184.0
675 0 7184.0
676 0 7184.0
677 0 7184.0
678 0 7184.0
679 0 7184.0
680 0 7184.0
681 0 7184.0
682 0 7184.0
683 0 7184.0
684 0 7184.0
685 0 7184.0
686 0 7184.0
687 0 7184.0
688 0 7184.0
689 0 7184.0
690 0 7184.0
691 0 7184.0
692 0 7184.0
693 0 7184.0
694 0 7184.0
695 0 7184.0
696 0 7184.0
697 0 7184.0
698 0 7184.0
699 0 7184.0
700 0 7184.0
701 0 7184.0
702 0 7184.0
703 0 7184.0
704 0 7184.0
705 0 7184.0
706 0 7184.0
707 0 7184.0
708 0 7184.0
709 0 7184.0
710 0 7184.0
711 0 7184.0
712 0 7184.0
713 0 7184.0
714 0 7184.0
715 0 7184.0
716 0 7184.0
717 0 7184.0
718 0 7184.0
719 0 7184.0
720 0 7184.0
721 0 7184.0
722 0 7184.0
723 0 7184.0
724 0 7184.0
725 0 7184.0
726 0 7184.0
727 0 7184.0
728 0 7184.0
729 0 7184.0
730 0 7184.0
731 0 7184.0
732 0 7184.0
733 0 7184.0
734 0 7184.0
735 0 7184.0
736 0 7184.0
737 0 7184.0
738 0 7184.0
739 0 7184.0
740 0 7184.0
741 0 7184.0
742 0 7184.0
743 0 7184.0
744 0 7184.0
745 0 7184.0
746 0 7184.0
747 0 7184.0
748 0 7184.0
749 0 7184.0
750 0 7184.0
751 0 7184.0
752 0 7184.0
753 0 7184.0
754 0 7184.0
755 0 7184.0
756 0 7184.0
757 0 7184.0
758 0 7184.0
759 0 7184.0
760 0 7184.0
761 0 7184.0
762 0 7184.0
763 0 7184.0
764 0 7184.0
765 0 7184.0
766 0 7184.0
767 0 7184.0
768 0 7184.0
769 0 7184.0
770 0 7184.0
771 0 7184.0
772 0 7184.0
773 0 7184.0
774 0 7184.0
775 0 7184.0
776 0 7184.0
777 0 7184.0
778 0 7184.0
779 0 7184.0
780 0 7184.0
781 0 7184.0
782 0 7184.0
783 0 7184.0
784 0 7184.0
785 0 7184.0
786 0 7184.0
787 0 7184.0
788 0 7184.0
789 0 7184.0
790 0 7184.0
791 0 7184.0
792 0 7184.0
793 0 7184.0
794 0 7184.0
795 0 7184.0
796 0 7184.0
797 0 7184.0
798 0 7184.0
799 0 7184.0
800 0 7184.0
801 0 7184.0
802 0 7184.0
803 0 7184.0
804 0 7184.0
805 0 7184.0
806 0 7184.0
807 0 7184.0
808 0 7184.0
809 0 7184.0
810 0 7184.0
811 0 7184.0
812 0 7184.0
813 0 7184.0
814 0 7184.0
815 0 7184.0
816 0 7184.0
817 0 7184.0
818 0 7184.0
819 0 7184.0
820 0 7184.0
821 0 7184.0
822 0 7184.0
823 0 7184.0
824 0 7184.0
825 0 7184.0
826 0 7184.0
827 0 7184.0
828 0 7184.0
829 0 7184.0
830 0 7184.0
831 0 7184.0
832 0 7184.0
833 0 7184.0
834 0 7184.0
835 0 7184.0
836 0 7184.0
837 0 7184.0
838 0 7184.0
839 0 7184.0
840 0 7184.0
841 0 7184.0
842 0 7184.0
843 0 7184.0
844 0 7184.0
845 0 7184.0
846 0 7184.0
847 0 7184.0
848 0 7184.0
849 0 7184.0
850 0 7184.0
851 0 7184.0
852 0 7184.0
853 0 7184.0
854 0 7184.0
855 0 7184.0
856 0 7184.0
857 0 7184.0
858 0 7184.0
859 0 7184.0
860 0 7184.0
861 0 7184.0
862 0 7184.0
863 0 7184.0
864 0 7184.0
865 0 7184.0
866 0 7184.0
867 0 7184.0
868 0 7184.0
869 0 7184.0
870 0 7184.0
871 0 7184.0
872 0 7184.0
873 0 7184.0
874 0 7184.0
875 0 7184.0
876 0 7184.0
877 0 7184.0
878 0 7184.0
879 0 7184.0
880 0 7184.0
881 0 7184.0
882 0 7184.0
883 0 7184.0
884 0 7184.0
885 0 7184.0
886 0 7184.0
887 0 7184.0
888 0 7184.0
889 0 7184.0
890 0 7184.0
891 0 7184.0
892 0 7184.0
893 0 7184.0
894 0 7184.0
895 0 7184.0
896 0 7184.0
897 0 7184.0
898 0 7184.0
899 0 7184.0
900 0 7184.0
901 0 7184.0
902 0 7184.0
903 0 7184.0
904 0 7184.0
905 0 7184.0
906 0 7184.0
907 0 7184.0
908 0 7184.0
909 0 7184.0
910 0 7184.0
911 0 7184.0
912 0 7184.0
913 0 7184.0
914 0 7184.0
915 0 7184.0
916 0 7184.0
917 0 7184.0
918 0 7184.0
919 0 7184.0
920 0 7184.0
921 0 7184.0
922 0 7184.0
923 0 7184.0
924 0 7184.0
925 0 7184.0
926 0 7184.0
927 0 7184.0
928 0 7184.0
929 0 7184.0
930 0 7184.0
931 0 7184.0
932 0 7184.0
933 0 7184.0
934 0 7184.0
935 0 7184.0
936 0 7184.0
937 0 7184.0
938 0 7184.0
939 0 7184.0
940 0 7184.0
941 0 7184.0
942 0 7184.0
943 0 7184.0
944 0 7184.0
945 0 7184.0
946 0 7184.0
947 0 7184.0
948 0 7184.0
949 0 7184.0
950 0 7184.0
951 0 7184.0
952 0 7184.0
953 0 7184.0
954 0 7184.0
955 0 7184.0
956 0 7184.0
957 0 7184.0
958 0 7184.0
959 0 7184.0
960 0 7184.0
961 0 7184.0
962 0 7184.0
963 0 7184.0
964 0 7184.0
965 0 7184.0
966 0 7184.0
967 0 7184.0
968 0 7184.0
969 0 7184.0
970 0 7184.0
971 0 7184.0
972 0 7184.0
973 0 7184.0
974 0 7184.0
975 0 7184.0
976 0 7184.0
977 0 7184.0
978 0 7184.0
979 0 7184.0
980 0 7184.0
981 0 7184.0
982 0 7184.0
983 0 7184.0
984 0 7184.0
985 0 7184.0
986 0 7184.0
987 0 7184.0
988 0 7184.0
989 0 7184.0
990 0 7184.0
991 0 7184.0
992 0 7184.0
993 0 7184.0
994 0 7184.0
995 0 7184.0
996 0 7184.0
997 0 7184.0
998 0 7184.0
999 0 7184.0
1000 0 7184.0
