1 1 14838.0
2 2 20462.0
3 2 26091.0
4 2 31429.0
5 2 36881.0
6 3 42139.0
7 3 47351.0
8 6 52451.0
9 5 57599.0
10 6 62836.0
11 7 68010.0
12 8 73217.0
13 10 78223.0
14 14 83125.0
15 12 88048.0
16 20 93245.0
17 23 98237.0
18 33 103087.0
19 32 108146.0
20 44 113034.0
21 43 118077.0
22 51 123162.0
23 48 128187.0
24 55 133098.0
25 71 137886.0
26 76 142929.0
27 102 147876.0
28 100 152954.0
29 135 157862.0
30 128 162915.0
31 123 167992.0
32 136 172865.0
33 145 177814.0
34 154 182639.0
35 163 187446.0
36 204 192354.0
37 214 197194.0
38 202 202122.0
39 211 206959.0
40 201 211767.0
41 222 216765.0
42 221 221815.0
43 263 226877.0
44 289 231857.0
45 303 236619.0
46 365 241644.0
47 400 246434.0
48 418 251253.0
49 397 256251.0
50 407 261189.0
51 442 266132.0
52 483 270963.0
53 503 275804.0
54 516 280561.0
55 549 285441.0
56 557 290329.0
57 582 295246.0
58 544 300073.0
59 577 304928.0
60 575 309761.0
61 624 314673.0
62 633 319705.0
63 701 324491.0
64 679 329367.0
65 714 334475.0
66 750 339041.0
67 732 343687.0
68 818 348346.0
69 861 353141.0
70 856 357875.0
71 920 362744.0
72 940 367386.0
73 959 372103.0
74 1001 376994.0
75 1009 381669.0
76 990 386607.0
77 972 391220.0
78 1061 395978.0
79 1172 400511.0
80 1211 405161.0
81 1232 409854.0
82 1280 414282.0
83 1365 419006.0
84 1421 423396.0
85 1486 428107.0
86 1607 432584.0
87 1687 436938.0
88 1657 441438.0
89 1585 445973.0
90 1586 450394.0
91 1656 454912.0
92 1631 459426.0
93 1680 464113.0
94 1691 468587.0
95 1879 473012.0
96 1884 477365.0
97 1985 481740.0
98 1953 485921.0
99 2050 490361.0
100 2003 494834.0
101 2052 499458.0
102 1952 503615.0
103 2102 507962.0
104 2196 512285.0
105 2396 516456.0
106 2373 520998.0
107 2330 525298.0
108 2462 529829.0
109 2578 534037.0
110 2596 538463.0
111 2645 542598.0
112 2702 547057.0
113 2648 551210.0
114 2688 555392.0
115 2766 559508.0
116 2843 563840.0
117 2809 568081.0
118 2874 572392.0
119 2911 576346.0
120 3015 580586.0
121 3029 584687.0
122 3141 588911.0
123 3215 593093.0
124 3294 596960.0
125 3388 601257.0
126 3394 605202.0
127 3486 609304.0
128 3637 613269.0
129 3654 617293.0
130 3706 621130.0
131 3860 625249.0
132 3770 629199.0
133 3763 633135.0
134 3829 637118.0
135 3930 641052.0
136 3971 644836.0
137 4231 648795.0
138 4314 652586.0
139 4334 656282.0
140 4498 659970.0
141 4530 663775.0
142 4494 667711.0
143 4501 671389.0
144 4632 675233.0
145 4718 678753.0
146 4948 682227.0
147 4928 685734.0
148 4881 689471.0
149 4926 693039.0
150 5011 696694.0
151 5077 700492.0
152 5226 704108.0
153 5378 707690.0
154 5538 710902.0
155 5650 714371.0
156 5672 718143.0
157 5509 721458.0
158 5551 725091.0
159 5594 728545.0
160 5821 731945.0
161 5943 734998.0
162 6344 738209.0
163 6409 741480.0
164 6259 744604.0
165 6164 747946.0
166 6203 751371.0
167 6294 754391.0
168 6443 757962.0
169 6571 761102.0
170 6793 764617.0
171 6624 767656.0
172 6861 771056.0
173 6892 774242.0
174 7018 777467.0
175 7028 780561.0
176 7047 783732.0
177 7163 786618.0
178 7536 789705.0
179 7678 792470.0
180 7774 795530.0
181 7858 798160.0
182 7999 801106.0
183 7855 803965.0
184 8006 806566.0
185 8168 809337.0
186 8032 812232.0
187 8030 815286.0
188 8212 818019.0
189 8504 820536.0
190 8612 823282.0
191 8465 825920.0
192 8369 828533.0
193 8485 831414.0
194 8761 833994.0
195 8892 836621.0
196 8998 839176.0
197 9046 841709.0
198 9120 844338.0
199 9286 846587.0
200 9555 843968.0
201 8969 837572.0
202 8365 831376.0
203 7926 825412.0
204 7396 819173.0
205 7434 813249.0
206 7387 807118.0
207 7366 801338.0
208 7053 795357.0
209 6994 789587.0
210 6863 783810.0
211 6927 777812.0
212 6933 772156.0
213 6756 766299.0
214 6648 760610.0
215 6481 754919.0
216 6656 748889.0
217 6719 742940.0
218 6754 737140.0
219 6878 731453.0
220 6962 725291.0
221 7018 719533.0
222 6523 713760.0
223 6502 707937.0
224 6584 702185.0
225 6521 696184.0
226 6596 690378.0
227 6624 684402.0
228 6648 678774.0
229 6412 672941.0
230 6738 667258.0
231 6701 661543.0
232 6581 655964.0
233 6695 650184.0
234 6708 644226.0
235 6780 638638.0
236 6591 632984.0
237 6519 627164.0
238 6738 621287.0
239 6980 615564.0
240 6834 609961.0
241 6615 604368.0
242 6515 599179.0
243 6040 593893.0
244 6075 588498.0
245 6182 583049.0
246 6401 577656.0
247 6516 572091.0
248 6522 566706.0
249 6619 561170.0
250 6487 555835.0
251 6289 550347.0
252 6455 544996.0
253 6575 539369.0
254 6686 534119.0
255 6601 528739.0
256 6573 523389.0
257 6388 518130.0
258 6260 512669.0
259 6341 507512.0
260 6222 502199.0
261 6306 496868.0
262 6405 491655.0
263 6300 486509.0
264 6301 481155.0
265 6324 475990.0
266 6157 471039.0
267 5852 466079.0
268 5781 460958.0
269 5867 456094.0
270 6137 450855.0
271 6425 445983.0
272 6133 440981.0
273 5853 436215.0
274 5608 431296.0
275 5813 426562.0
276 5725 421595.0
277 5941 416635.0
278 5956 411695.0
279 5942 406847.0
280 5873 401894.0
281 5983 397081.0
282 6187 392049.0
283 6044 387024.0
284 5793 382163.0
285 5695 377608.0
286 5541 373015.0
287 5718 368129.0
288 6078 363242.0
289 5693 358451.0
290 5353 354032.0
291 5216 349502.0
292 5381 344905.0
293 5457 340305.0
294 5335 335792.0
295 5084 331429.0
296 4884 326972.0
297 5084 322533.0
298 5234 317876.0
299 5608 313361.0
300 5739 308645.0
301 5614 304063.0
302 5276 299682.0
303 5093 295784.0
304 5042 291333.0
305 5195 286900.0
306 5073 282578.0
307 5062 278182.0
308 5133 273906.0
309 5105 269749.0
310 4931 265827.0
311 4846 261660.0
312 4938 257524.0
313 4857 253466.0
314 4679 249493.0
315 4741 245508.0
316 4827 241704.0
317 4834 237529.0
318 4924 233260.0
319 4871 229385.0
320 4665 225757.0
321 4349 221998.0
322 4334 218295.0
323 4385 214626.0
324 4460 210711.0
325 4483 206887.0
326 4517 203235.0
327 4349 199737.0
328 4127 196098.0
329 4117 192640.0
330 3990 189147.0
331 4070 185609.0
332 4002 182071.0
333 3943 178643.0
334 3871 175270.0
335 3757 172003.0
336 3848 168699.0
337 3802 165259.0
338 3816 162036.0
339 3807 159021.0
340 3684 155636.0
341 3799 152564.0
342 3832 149356.0
343 3759 146276.0
344 3633 143198.0
345 3489 140316.0
346 3573 137264.0
347 3575 134289.0
348 3613 131253.0
349 3632 128205.0
350 3529 125486.0
351 3330 122790.0
352 3096 120068.0
353 2942 117730.0
354 2869 114933.0
355 3059 112388.0
356 2963 109695.0
357 3122 107108.0
358 3123 104413.0
359 2979 101830.0
360 2871 99430.0
361 2885 97145.0
362 2910 94661.0
363 2821 92241.0
364 2806 89819.0
365 2840 87571.0
366 2754 85289.0
367 2645 82942.0
368 2703 80708.0
369 2758 78557.0
370 2671 76549.0
371 2619 74566.0
372 2518 72590.0
373 2404 70659.0
374 2454 68653.0
375 2303 66932.0
376 2121 65158.0
377 2062 63353.0
378 2001 61655.0
379 1881 60113.0
380 1834 58449.0
381 1856 56932.0
382 1862 55462.0
383 1811 53784.0
384 1766 52266.0
385 1802 50763.0
386 1880 49293.0
387 1878 47662.0
388 1821 46375.0
389 1649 44917.0
390 1515 43908.0
391 1342 42770.0
392 1291 41652.0
393 1229 40398.0
394 1234 39178.0
395 1193 38128.0
396 1089 37209.0
397 1009 36287.0
398 980 35275.0
399 961 34295.0
400 945 33354.0
401 931 32584.0
402 913 31622.0
403 861 30676.0
404 827 29901.0
405 834 29116.0
406 791 28214.0
407 764 27403.0
408 707 26777.0
409 644 26156.0
410 617 25566.0
411 598 24944.0
412 592 24241.0
413 558 23682.0
414 526 23230.0
415 442 22758.0
416 414 22236.0
417 419 21809.0
418 427 21297.0
419 398 20709.0
420 369 20134.0
421 331 19624.0
422 337 19227.0
423 333 18671.0
424 310 18329.0
425 265 17743.0
426 214 17315.0
427 191 16922.0
428 194 16587.0
429 205 16264.0
430 197 15981.0
431 212 15604.0
432 201 15225.0
433 177 15080.0
434 175 14768.0
435 174 14409.0
436 161 14056.0
437 151 13759.0
438 140 13526.0
439 138 13128.0
440 129 12953.0
441 114 12728.0
442 93 12382.0
443 80 12189.0
444 68 12058.0
445 60 11864.0
446 56 11763.0
447 60 11690.0
448 57 11440.0
449 51 11474.0
450 44 11352.0
451 46 11199.0
452 46 10940.0
453 44 10759.0
454 39 10668.0
455 35 10562.0
456 31 10212.0
457 37 10190.0
458 32 9974.0
459 28 9951.0
460 23 9824.0
461 21 9795.0
462 15 9665.0
463 12 9634.0
464 8 9529.0
465 7 9490.0
466 6 9413.0
467 5 9170.0
468 5 9144.0
469 3 9067.0
470 1 8920.0
471 0 8800.0
472 0 8863.0
473 0 8880.0
474 0 8786.0
475 0 8572.0
476 0 8529.0
477 0 8371.0
478 0 8427.0
479 0 8409.0
480 0 8318.0
481 0 8225.0
482 0 8183.0
483 0 8111.0
484 0 8078.0
485 0 8174.0
486 0 8008.0
487 0 7940.0
488 0 7975.0
489 0 7900.0
490 0 7872.0
491 0 7813.0
492 0 7802.0
493 0 7675.0
494 0 7583.0
495 0 7635.0
496 0 7655.0
497 0 7668.0
498 0 7603.0
499 0 7624.0
500 0 7630.0
501 0 7653.0
502 0 7696.0
503 0 7684.0
504 0 7687.0
505 0 7578.0
506 0 7422.0
507 0 7384.0
508 0 7391.0
509 0 7457.0
510 0 7519.0
511 0 7408.0
512 0 7431.0
513 0 7327.0
514 0 7258.0
515 0 7300.0
516 0 7325.0
517 0 7262.0
518 0 7193.0
519 0 7351.0
520 0 7301.0
521 0 7150.0
522 0 7146.0
523 0 7149.0
524 0 7181.0
525 0 7080.0
526 0 7123.0
527 0 7281.0
528 0 7219.0
529 0 7153.0
530 0 7146.0
531 0 7163.0
532 0 7189.0
533 0 7152.0
534 0 7245.0
535 0 7335.0
536 0 7248.0
537 0 7275.0
538 0 7215.0
539 0 7106.0
540 0 7119.0
541 0 7142.0
542 0 7036.0
543 0 7079.0
544 0 7087.0
545 0 7254.0
546 0 7235.0
547 0 7258.0
548 0 7106.0
549 0 7075.0
550 0 7114.0
551 0 7110.0
552 0 7077.0
553 0 7041.0
554 0 7140.0
555 0 7057.0
556 0 7168.0
557 0 7126.0
558 0 7167.0
559 0 7250.0
560 0 7230.0
561 0 7362.0
562 0 7303.0
563 0 7143.0
564 0 7075.0
565 0 6914.0
566 0 6865.0
567 0 6916.0
568 0 6794.0
569 0 6885.0
570 0 6910.0
571 0 6854.0
572 0 6955.0
573 0 6891.0
574 0 6924.0
575 0 6979.0
576 0 6904.0
577 0 6996.0
578 0 7067.0
579 0 7025.0
580 0 7107.0
581 0 7065.0
582 0 7052.0
583 0 7139.0
584 0 7060.0
585 0 7071.0
586 0 7092.0
587 0 7198.0
588 0 7103.0
589 0 6952.0
590 0 7093.0
591 0 7030.0
592 0 7134.0
593 0 7088.0
594 0 7090.0
595 0 7061.0
596 0 7068.0
597 0 7144.0
598 0 7102.0
599 0 7036.0
600 0 7036.0
601 0 7036.0
602 0 7036.0
603 0 7036.0
604 0 7036.0
605 0 7036.0
606 0 7036.0
607 0 7036.0
608 0 7036.0
609 0 7036.0
610 0 7036.0
611 0 7036.0
612 0 7036.0
613 0 7036.0
614 0 7036.0
615 0 7036.0
616 0 7036.0
617 0 7036.0
618 0 7036.0
619 0 7036.0
620 0 7036.0
621 0 7036.0
622 0 7036.0
623 0 7036.0
624 0 7036.0
625 0 7036.0
626 0 7036.0
627 0 7036.0
628 0 7036.0
629 0 7036.0
630 0 7036.0
631 0 7036.0
632 0 7036.0
633 0 7036.0
634 0 7036.0
635 0 7036.0
636 0 7036.0
637 0 7036.0
638 0 7036.0
639 0 7036.0
640 0 7036.0
641 0 7036.0
642 0 7036.0
643 0 7036.0
644 0 7036.0
645 0 7036.0
646 0 7036.0
647 0 7036.0
648 0 7036.0
649 0 7036.0
650 0 7036.0
651 0 7036.0
652 0 7036.0
653 0 7036.0
654 0 7036.0
655 0 7036.0
656 0 7036.0
657 0 7036.0
658 0 7036.0
659 0 7036.0
660 0 7036.0
661 0 7036.0
662 0 7036.0
663 0 7036.0
664 0 7036.0
665 0 7036.0
666 0 7036.0
667 0 7036.0
668 0 7036.0
669 0 7036.0
670 0 7036.0
671 0 7036.0
672 0 7036.0
673 0 7036.0
674 0 7036.0
675 0 7036.0
676 0 7036.0
677 0 7036.0
678 0 7036.0
679 0 7036.0
680 0 7036.0
681 0 7036.0
682 0 7036.0
683 0 7036.0
684 0 7036.0
685 0 7036.0
686 0 7036.0
687 0 7036.0
688 0 7036.0
689 0 7036.0
690 0 7036.0
691 0 7036.0
692 0 7036.0
693 0 7036.0
694 0 7036.0
695 0 7036.0
696 0 7036.0
697 0 7036.0
698 0 7036.0
699 0 7036.0
700 0 7036.0
701 0 7036.0
702 0 7036.0
703 0 7036.0
704 0 7036.0
705 0 7036.0
706 0 7036.0
707 0 7036.0
708 0 7036.0
709 0 7036.0
710 0 7036.0
711 0 7036.0
712 0 7036.0
713 0 7036.0
714 0 7036.0
715 0 7036.0
716 0 7036.0
717 0 7036.0
718 0 7036.0
719 0 7036.0
720 0 7036.0
721 0 7036.0
722 0 7036.0
723 0 7036.0
724 0 7036.0
725 0 7036.0
726 0 7036.0
727 0 7036.0
728 0 7036.0
729 0 7036.0
730 0 7036.0
731 0 7036.0
732 0 7036.0
733 0 7036.0
734 0 7036.0
735 0 7036.0
736 0 7036.0
737 0 7036.0
738 0 7036.0
739 0 7036.0
740 0 7036.0
741 0 7036.0
742 0 7036.0
743 0 7036.0
744 0 7036.0
745 0 7036.0
746 0 7036.0
747 0 7036.0
748 0 7036.0
749 0 7036.0
750 0 7036.0
751 0 7036.0
752 0 7036.0
753 0 7036.0
754 0 7036.0
755 0 7036.0
756 0 7036.0
757 0 7036.0
758 0 7036.0
759 0 7036.0
760 0 7036.0
761 0 7036.0
762 0 7036.0
763 0 7036.0
764 0 7036.0
765 0 7036.0
766 0 7036.0
767 0 7036.0
768 0 7036.0
769 0 7036.0
770 0 7036.0
771 0 7036.0
772 0 7036.0
773 0 7036.0
774 0 7036.0
775 0 7036.0
776 0 7036.0
777 0 7036.0
778 0 7036.0
779 0 7036.0
780 0 7036.0
781 0 7036.0
782 0 7036.0
783 0 7036.0
784 0 7036.0
785 0 7036.0
786 0 7036.0
787 0 7036.0
788 0 7036.0
789 0 7036.0
790 0 7036.0
791 0 7036.0
792 0 7036.0
793 0 7036.0
794 0 7036.0
795 0 7036.0
796 0 7036.0
797 0 7036.0
798 0 7036.0
799 0 7036.0
800 0 7036.0
801 0 7036.0
802 0 7036.0
803 0 7036.0
804 0 7036.0
805 0 7036.0
806 0 7036.0
807 0 7036.0
808 0 7036.0
809 0 7036.0
810 0 7036.0
811 0 7036.0
812 0 7036.0
813 0 7036.0
814 0 7036.0
815 0 7036.0
816 0 7036.0
817 0 7036.0
818 0 7036.0
819 0 7036.0
820 0 7036.0
821 0 7036.0
822 0 7036.0
823 0 7036.0
824 0 7036.0
825 0 7036.0
826 0 7036.0
827 0 7036.0
828 0 7036.0
829 0 7036.0
830 0 7036.0
831 0 7036.0
832 0 7036.0
833 0 7036.0
834 0 7036.0
835 0 7036.0
836 0 7036.0
837 0 7036.0
838 0 7036.0
839 0 7036.0
840 0 7036.0
841 0 7036.0
842 0 7036.0
843 0 7036.0
844 0 7036.0
845 0 7036.0
846 0 7036.0
847 0 7036.0
848 0 7036.0
849 0 7036.0
850 0 7036.0
851 0 7036.0
852 0 7036.0
853 0 7036.0
854 0 7036.0
855 0 7036.0
856 0 7036.0
857 0 7036.0
858 0 7036.0
859 0 7036.0
860 0 7036.0
861 0 7036.0
862 0 7036.0
863 0 7036.0
864 0 7036.0
865 0 7036.0
866 0 7036.0
867 0 7036.0
868 0 7036.0
869 0 7036.0
870 0 7036.0
871 0 7036.0
872 0 7036.0
873 0 7036.0
874 0 7036.0
875 0 7036.0
876 0 7036.0
877 0 7036.0
878 0 7036.0
879 0 7036.0
880 0 7036.0
881 0 7036.0
882 0 7036.0
883 0 7036.0
884 0 7036.0
885 0 7036.0
886 0 7036.0
887 0 7036.0
888 0 7036.0
889 0 7036.0
890 0 7036.0
891 0 7036.0
892 0 7036.0
893 0 7036.0
894 0 7036.0
895 0 7036.0
896 0 7036.0
897 0 7036.0
898 0 7036.0
899 0 7036.0
900 0 7036.0
901 0 7036.0
902 0 7036.0
903 0 7036.0
904 0 7036.0
905 0 7036.0
906 0 7036.0
907 0 7036.0
908 0 7036.0
909 0 7036.0
910 0 7036.0
911 0 7036.0
912 0 7036.0
913 0 7036.0
914 0 7036.0
915 0 7036.0
916 0 7036.0
917 0 7036.0
918 0 7036.0
919 0 7036.0
920 0 7036.0
921 0 7036.0
922 0 7036.0
923 0 7036.0
924 0 7036.0
925 0 7036.0
926 0 7036.0
927 0 7036.0
928 0 7036.0
929 0 7036.0
930 0 7036.0
931 0 7036.0
932 0 7036.0
933 0 7036.0
934 0 7036.0
935 0 7036.0
936 0 7036.0
937 0 7036.0
938 0 7036.0
939 0 7036.0
940 0 7036.0
941 0 7036.0
942 0 7036.0
943 0 7036.0
944 0 7036.0
945 0 7036.0
946 0 7036.0
947 0 7036.0
948 0 7036.0
949 0 7036.0
950 0 7036.0
951 0 7036.0
952 0 7036.0
953 0 7036.0
954 0 7036.0
955 0 7036.0
956 0 7036.0
957 0 7036.0
958 0 7036.0
959 0 7036.0
960 0 7036.0
961 0 7036.0
962 0 7036.0
963 0 7036.0
964 0 7036.0
965 0 7036.0
966 0 7036.0
967 0 7036.0
968 0 7036.0
969 0 7036.0
970 0 7036.0
971 0 7036.0
972 0 7036.0
973 0 7036.0
974 0 7036.0
975 0 7036.0
976 0 7036.0
977 0 7036.0
978 0 7036.0
979 0 7036.0
980 0 7036.0
981 0 7036.0
982 0 7036.0
983 0 7036.0
984 0 7036.0
985 0 7036.0
986 0 7036.0
987 0 7036.0
988 0 7036.0
989 0 7036.0
990 0 7036.0
991 0 7036.0
992 0 7036.0
993 0 7036.0
994 0 7036.0
995 0 7036.0
996 0 7036.0
997 0 7036.0
998 0 7036.0
999 0 7036.0
1000 0 7036.0
