1 1 14982.0
2 2 20526.0
3 1 26034.0
4 2 31541.0
5 1 36695.0
6 1 41926.0
7 1 47027.0
8 1 52074.0
9 1 57255.0
10 2 62390.0
11 2 67417.0
12 4 72445.0
13 4 77534.0
14 8 82510.0
15 6 87599.0
16 9 92519.0
17 8 97495.0
18 7 102446.0
19 11 107649.0
20 13 112541.0
21 14 117631.0
22 18 122439.0
23 26 127619.0
24 29 132798.0
25 37 137756.0
26 29 142779.0
27 34 147750.0
28 32 152810.0
29 41 157778.0
30 53 162699.0
31 56 167646.0
32 68 172854.0
33 76 177755.0
34 104 182687.0
35 119 187621.0
36 120 192512.0
37 128 197382.0
38 147 202422.0
39 146 207525.0
40 149 212677.0
41 180 217523.0
42 201 222667.0
43 220 227703.0
44 215 232488.0
45 200 237384.0
46 232 242140.0
47 260 246819.0
48 301 251685.0
49 294 256498.0
50 280 261549.0
51 311 266434.0
52 336 271304.0
53 361 275986.0
54 343 280936.0
55 357 285827.0
56 419 290631.0
57 479 295487.0
58 524 300231.0
59 518 305221.0
60 475 310264.0
61 452 315169.0
62 494 320012.0
63 556 324771.0
64 654 329511.0
65 667 334129.0
66 656 338952.0
67 681 343650.0
68 741 348289.0
69 816 353106.0
70 819 357929.0
71 808 362634.0
72 885 367479.0
73 886 372077.0
74 942 376777.0
75 1008 381509.0
76 1070 386301.0
77 979 390983.0
78 921 395692.0
79 950 400323.0
80 1039 405069.0
81 1106 409642.0
82 1211 414262.0
83 1207 418908.0
84 1282 423482.0
85 1332 428211.0
86 1348 432725.0
87 1350 437395.0
88 1388 442056.0
89 1475 446753.0
90 1448 451210.0
91 1539 455675.0
92 1606 460204.0
93 1674 464748.0
94 1657 469047.0
95 1686 473729.0
96 1631 478276.0
97 1696 482717.0
98 1790 487320.0
99 1964 491843.0
100 2052 496357.0
101 1976 500872.0
102 1874 505443.0
103 1892 510154.0
104 1823 514704.0
105 1888 519057.0
106 2015 523362.0
107 2101 527752.0
108 2137 532106.0
109 2205 536354.0
110 2307 540518.0
111 2344 544914.0
112 2360 549363.0
113 2500 553727.0
114 2486 557902.0
115 2585 562169.0
116 2714 566387.0
117 2817 570902.0
118 2908 575216.0
119 2990 579505.0
120 2836 583650.0
121 2803 587922.0
122 2924 592095.0
123 3090 596480.0
124 3047 600544.0
125 3201 604766.0
126 3183 608788.0
127 3224 613156.0
128 3168 617274.0
129 3270 621439.0
130 3315 625542.0
131 3384 629552.0
132 3429 633576.0
133 3595 637642.0
134 3860 641607.0
135 3900 645478.0
136 3770 649651.0
137 3575 653629.0
138 3664 657772.0
139 3890 661541.0
140 4206 665324.0
141 4359 669268.0
142 4253 673022.0
143 4171 676986.0
144 3994 680945.0
145 4076 684791.0
146 4440 688631.0
147 4742 692333.0
148 4735 696062.0
149 4732 699953.0
150 4729 703815.0
151 4713 707247.0
152 4837 710948.0
153 4705 714785.0
154 4802 718539.0
155 4953 721940.0
156 5123 725564.0
157 5232 728877.0
158 5573 732464.0
159 5534 736129.0
160 5440 739701.0
161 5301 743196.0
162 5457 747111.0
163 5565 750311.0
164 5836 753705.0
165 5856 756966.0
166 6165 760289.0
167 6289 763605.0
168 6201 766974.0
169 6065 770339.0
170 6259 773755.0
171 6210 777191.0
172 6237 780563.0
173 6390 783714.0
174 6681 786957.0
175 6918 790093.0
176 6876 793139.0
177 6975 796264.0
178 6991 799399.0
179 6944 802444.0
180 6832 805663.0
181 6933 808439.0
182 7034 811677.0
183 7005 814609.0
184 7347 817649.0
185 7661 820304.0
186 7817 823448.0
187 7730 826257.0
188 7786 829369.0
189 7709 832577.0
190 7878 835433.0
191 8310 838286.0
192 8612 840680.0
193 8542 843364.0
194 8228 846457.0
195 8163 849208.0
196 8316 851789.0
197 8875 854447.0
198 8989 856976.0
199 9115 859657.0
200 9149 857113.0
201 8551 850400.0
202 7978 844541.0
203 7525 838243.0
204 7351 832159.0
205 7116 826323.0
206 6747 820433.0
207 6663 814432.0
208 6739 808460.0
209 6800 802545.0
210 6795 796865.0
211 6444 791199.0
212 6221 785396.0
213 6185 779804.0
214 6222 773528.0
215 6750 767600.0
216 6959 761471.0
217 6742 755584.0
218 6439 750052.0
219 6046 744156.0
220 6185 738432.0
221 6483 732586.0
222 6441 726731.0
223 6449 720883.0
224 6557 715100.0
225 6625 709309.0
226 6511 703480.0
227 6350 697875.0
228 6298 692135.0
229 6279 686557.0
230 6156 680877.0
231 6272 674817.0
232 6715 669132.0
233 6707 663365.0
234 6526 658127.0
235 6046 652446.0
236 5988 647059.0
237 6032 641310.0
238 6451 635602.0
239 6681 629926.0
240 6575 624446.0
241 6306 618981.0
242 6139 613514.0
243 6042 608349.0
244 5899 602928.0
245 5994 597306.0
246 6168 591799.0
247 6465 586185.0
248 6650 580768.0
249 6471 575452.0
250 6182 570207.0
251 5905 564810.0
252 6011 559383.0
253 5988 554058.0
254 6040 548513.0
255 6106 543016.0
256 6325 537452.0
257 6412 532030.0
258 6299 526769.0
259 6233 521476.0
260 6421 515975.0
261 6399 510945.0
262 5937 505573.0
263 6225 500422.0
264 6320 494980.0
265 6342 489571.0
266 6357 484428.0
267 6215 479397.0
268 5895 474351.0
269 5652 469131.0
270 5697 463993.0
271 5937 458916.0
272 6069 453544.0
273 6094 448610.0
274 5729 443410.0
275 5932 438456.0
276 5867 433204.0
277 5913 428448.0
278 5740 423366.0
279 5818 418343.0
280 5991 413407.0
281 5826 408313.0
282 5876 403549.0
283 5659 398761.0
284 5334 394104.0
285 5422 389344.0
286 5513 384491.0
287 5754 379667.0
288 5686 374700.0
289 5604 370014.0
290 5674 365241.0
291 5687 360693.0
292 5601 356045.0
293 5460 351203.0
294 5430 346790.0
295 5241 342105.0
296 5229 337719.0
297 5258 333071.0
298 5329 328428.0
299 5391 323946.0
300 5445 319355.0
301 5301 314947.0
302 5071 310257.0
303 5049 305984.0
304 5032 301539.0
305 5068 297203.0
306 5097 292827.0
307 5129 288557.0
308 4848 284268.0
309 4823 279938.0
310 5077 275665.0
311 5034 271355.0
312 5015 267096.0
313 4995 263020.0
314 4834 258841.0
315 4822 254906.0
316 4650 250639.0
317 4804 246575.0
318 4721 242641.0
319 4510 238585.0
320 4414 234796.0
321 4366 230909.0
322 4364 227076.0
323 4345 223239.0
324 4262 219465.0
325 4199 215615.0
326 4185 211870.0
327 4114 208188.0
328 4140 204389.0
329 4253 200835.0
330 4271 197156.0
331 4132 193545.0
332 4122 190035.0
333 4013 186630.0
334 3857 183217.0
335 3860 179580.0
336 3859 176126.0
337 3834 172696.0
338 3825 169370.0
339 3799 166034.0
340 3659 162886.0
341 3573 159634.0
342 3642 156511.0
343 3634 153446.0
344 3569 150157.0
345 3512 147076.0
346 3437 144088.0
347 3417 140989.0
348 3489 137859.0
349 3490 134904.0
350 3347 131856.0
351 3306 129057.0
352 3195 126257.0
353 3129 123440.0
354 3130 120707.0
355 3169 117699.0
356 3134 115077.0
357 3049 112381.0
358 2980 109837.0
359 2872 107181.0
360 2803 104764.0
361 2677 102401.0
362 2656 99855.0
363 2644 97460.0
364 2533 95088.0
365 2531 92717.0
366 2553 90210.0
367 2464 88003.0
368 2404 85800.0
369 2267 83792.0
370 2117 81722.0
371 2054 79572.0
372 2092 77369.0
373 2128 75335.0
374 2179 73361.0
375 2178 71527.0
376 2047 69633.0
377 1962 67825.0
378 1901 66002.0
379 1952 64207.0
380 1890 62509.0
381 1846 60766.0
382 1742 58979.0
383 1746 57381.0
384 1763 55790.0
385 1694 54351.0
386 1604 52891.0
387 1552 51314.0
388 1526 49899.0
389 1428 48515.0
390 1283 47191.0
391 1190 46111.0
392 1157 44934.0
393 1187 43752.0
394 1216 42691.0
395 1187 41580.0
396 1175 40231.0
397 1118 39138.0
398 1057 38069.0
399 1030 37010.0
400 973 36100.0
401 888 35219.0
402 817 34348.0
403 767 33444.0
404 762 32621.0
405 764 31814.0
406 785 31035.0
407 809 30170.0
408 841 29380.0
409 795 28453.0
410 783 27682.0
411 797 26886.0
412 724 26045.0
413 712 25446.0
414 646 24756.0
415 609 24230.0
416 549 23491.0
417 542 22991.0
418 526 22416.0
419 530 21815.0
420 513 21143.0
421 454 20711.0
422 396 20127.0
423 366 19708.0
424 317 19354.0
425 288 18976.0
426 251 18429.0
427 238 18122.0
428 214 17778.0
429 198 17470.0
430 194 17211.0
431 169 16805.0
432 143 16576.0
433 122 16184.0
434 113 15828.0
435 106 15473.0
436 104 15273.0
437 96 15071.0
438 86 14889.0
439 83 14593.0
440 81 14173.0
441 63 13969.0
442 53 13636.0
443 48 13359.0
444 49 13087.0
445 50 12837.0
446 47 12680.0
447 44 12377.0
448 39 12246.0
449 40 12052.0
450 42 11921.0
451 48 11757.0
452 47 11507.0
453 34 11387.0
454 46 11277.0
455 44 11252.0
456 32 10869.0
457 20 10844.0
458 16 10615.0
459 19 10569.0
460 17 10577.0
461 14 10484.0
462 9 10410.0
463 6 10211.0
464 3 10016.0
465 3 9923.0
466 3 9830.0
467 5 9724.0
468 3 9597.0
469 2 9512.0
470 2 9445.0
471 2 9530.0
472 1 9431.0
473 1 9269.0
474 0 8982.0
475 0 8979.0
476 0 8961.0
477 0 8929.0
478 0 8797.0
479 0 8775.0
480 0 8614.0
481 0 8550.0
482 0 8549.0
483 0 8492.0
484 0 8558.0
485 0 8438.0
486 0 8382.0
487 0 8407.0
488 0 8190.0
489 0 8146.0
490 0 8148.0
491 0 8063.0
492 0 8069.0
493 0 8030.0
494 0 7907.0
495 0 7803.0
496 0 7803.0
497 0 7647.0
498 0 7756.0
499 0 7764.0
500 0 7676.0
501 0 7550.0
502 0 7431.0
503 0 7481.0
504 0 7517.0
505 0 7526.0
506 0 7579.0
507 0 7600.0
508 0 7607.0
509 0 7642.0
510 0 7558.0
511 0 7469.0
512 0 7319.0
513 0 7274.0
514 0 7311.0
515 0 7221.0
516 0 7459.0
517 0 7315.0
518 0 7363.0
519 0 7377.0
520 0 7341.0
521 0 7330.0
522 0 7345.0
523 0 7329.0
524 0 7348.0
525 0 7336.0
526 0 7208.0
527 0 7086.0
528 0 7032.0
529 0 7090.0
530 0 7064.0
531 0 7052.0
532 0 6901.0
533 0 6845.0
534 0 6777.0
535 0 6759.0
536 0 6958.0
537 0 7001.0
538 0 6983.0
539 0 6912.0
540 0 6909.0
541 0 6944.0
542 0 6819.0
543 0 6833.0
544 0 6932.0
545 0 7053.0
546 0 7217.0
547 0 7253.0
548 0 7283.0
549 0 7191.0
550 0 7070.0
551 0 7044.0
552 0 6933.0
553 0 7036.0
554 0 7039.0
555 0 7110.0
556 0 7084.0
557 0 7082.0
558 0 7111.0
559 0 7070.0
560 0 6998.0
561 0 6969.0
562 0 6958.0
563 0 6899.0
564 0 6927.0
565 0 6984.0
566 0 6987.0
567 0 6999.0
568 0 6974.0
569 0 7064.0
570 0 6986.0
571 0 6981.0
572 0 6939.0
573 0 6947.0
574 0 7054.0
575 0 7095.0
576 0 7234.0
577 0 7269.0
578 0 7253.0
579 0 7167.0
580 0 7094.0
581 0 7023.0
582 0 7033.0
583 0 7056.0
584 0 7114.0
585 0 7168.0
586 0 7106.0
587 0 7154.0
588 0 7071.0
589 0 7157.0
590 0 7072.0
591 0 7007.0
592 0 7002.0
593 0 6965.0
594 0 7036.0
595 0 7087.0
596 0 7113.0
597 0 7093.0
598 0 7213.0
599 0 7184.0
600 0 7184.0
601 0 7184.0
602 0 7184.0
603 0 7184.0
604 0 7184.0
605 0 7184.0
606 0 7184.0
607 0 7184.0
608 0 7184.0
609 0 7184.0
610 0 7184.0
611 0 7184.0
612 0 7184.0
613 0 7184.0
614 0 7184.0
615 0 7184.0
616 0 7184.0
617 0 7184.0
618 0 7184.0
619 0 7184.0
620 0 7184.0
621 0 7184.0
622 0 7184.0
623 0 7184.0
624 0 7184.0
625 0 7184.0
626 0 7184.0
627 0 7184.0
628 0 7184.0
629 0 7184.0
630 0 7184.0
631 0 7184.0
632 0 7184.0
633 0 7184.0
634 0 7184.0
635 0 7184.0
636 0 7184.0
637 0 7184.0
638 0 7184.0
639 0 7184.0
640 0 7184.0
641 0 7184.0
642 0 7184.0
643 0 7184.0
644 0 7184.0
645 0 7184.0
646 0 7184.0
647 0 7184.0
648 0 7184.0
649 0 7184.0
650 0 7184.0
651 0 7184.0
652 0 7184.0
653 0 7184.0
654 0 7184.0
655 0 7184.0
656 0 7184.0
657 0 7184.0
658 0 7184.0
659 0 7184.0
660 0 7184.0
661 0 7184.0
662 0 7184.0
663 0 7184.0
664 0 7184.0
665 0 7184.0
666 0 7184.0
667 0 7184.0
668 0 7184.0
669 0 7184.0
670 0 7184.0
671 0 7184.0
672 0 7184.0
673 0 7184.0
674 0 7184.0
675 0 7184.0
676 0 7184.0
677 0 7184.0
678 0 7184.0
679 0 7184.0
680 0 7184.0
681 0 7184.0
682 0 7184.0
683 0 7184.0
684 0 7184.0
685 0 7184.0
686 0 7184.0
687 0 7184.0
688 0 7184.0
689 0 7184.0
690 0 7184.0
691 0 7184.0
692 0 7184.0
693 0 7184.0
694 0 7184.0
695 0 7184.0
696 0 7184.0
697 0 7184.0
698 0 7184.0
699 0 7184.0
700 0 7184.0
701 0 7184.0
702 0 7184.0
703 0 7184.0
704 0 7184.0
705 0 7184.0
706 0 7184.0
707 0 7184.0
708 0 7184.0
709 0 7184.0
710 0 7184.0
711 0 7184.0
712 0 7184.0
713 0 7184.0
714 0 7184.0
715 0 7184.0
716 0 7184.0
717 0 7184.0
718 0 7184.0
719 0 7184.0
720 0 7184.0
721 0 7184.0
722 0 7184.0
723 0 7184.0
724 0 7184.0
725 0 7184.0
726 0 7184.0
727 0 7184.0
728 0 7184.0
729 0 7184.0
730 0 7184.0
731 0 7184.0
732 0 7184.0
733 0 7184.0
734 0 7184.0
735 0 7184.0
736 0 7184.0
737 0 7184.0
738 0 7184.0
739 0 7184.0
740 0 7184.0
741 0 7184.0
742 0 7184.0
743 0 7184.0
744 0 7184.0
745 0 7184.0
746 0 7184.0
747 0 7184.0
748 0 7184.0
749 0 7184.0
750 0 7184.0
751 0 7184.0
752 0 7184.0
753 0 7184.0
754 0 7184.0
755 0 7184.0
756 0 7184.0
757 0 7184.0
758 0 7184.0
759 0 7184.0
760 0 7184.0
761 0 7184.0
762 0 7184.0
763 0 7184.0
764 0 7184.0
765 0 7184.0
766 0 7184.0
767 0 7184.0
768 0 7184.0
769 0 7184.0
770 0 7184.0
771 0 7184.0
772 0 7184.0
773 0 7184.0
774 0 7184.0
775 0 7184.0
776 0 7184.0
777 0 7184.0
778 0 7184.0
779 0 7184.0
780 0 7184.0
781 0 7184.0
782 0 7184.0
783 0 7184.0
784 0 7184.0
785 0 7184.0
786 0 7184.0
787 0 7184.0
788 0 7184.0
789 0 7184.0
790 0 7184.0
791 0 7184.0
792 0 7184.0
793 0 7184.0
794 0 7184.0
795 0 7184.0
796 0 7184.0
797 0 7184.0
798 0 7184.0
799 0 7184.0
800 0 7184.0
801 0 7184.0
802 0 7184.0
803 0 7184.0
804 0 7184.0
805 0 7184.0
806 0 7184.0
807 0 7184.0
808 0 7184.0
809 0 7184.0
810 0 7184.0
811 0 7184.0
812 0 7184.0
813 0 7184.0
814 0 7184.0
815 0 7184.0
816 0 7184.0
817 0 7184.0
818 0 7184.0
819 0 7184.0
820 0 7184.0
821 0 7184.0
822 0 7184.0
823 0 7184.0
824 0 7184.0
825 0 7184.0
826 0 7184.0
827 0 7184.0
828 0 7184.0
829 0 7184.0
830 0 7184.0
831 0 7184.0
832 0 7184.0
833 0 7184.0
834 0 7184.0
835 0 7184.0
836 0 7184.0
837 0 7184.0
838 0 7184.0
839 0 7184.0
840 0 7184.0
841 0 7184.0
842 0 7184.0
843 0 7184.0
844 0 7184.0
845 0 7184.0
846 0 7184.0
847 0 7184.0
848 0 7184.0
849 0 7184.0
850 0 7184.0
851 0 7184.0
852 0 7184.0
853 0 7184.0
854 0 7184.0
855 0 7184.0
856 0 7184.0
857 0 7184.0
858 0 7184.0
859 0 7184.0
860 0 7184.0
861 0 7184.0
862 0 7184.0
863 0 7184.0
864 0 7184.0
865 0 7184.0
866 0 7184.0
867 0 7184.0
868 0 7184.0
869 0 7184.0
870 0 7184.0
871 0 7184.0
872 0 7184.0
873 0 7184.0
874 0 7184.0
875 0 7184.0
876 0 7184.0
877 0 7184.0
878 0 7184.0
879 0 7184.0
880 0 7184.0
881 0 7184.0
882 0 7184.0
883 0 7184.0
884 0 7184.0
885 0 7184.0
886 0 7184.0
887 0 7184.0
888 0 7184.0
889 0 7184.0
890 0 7184.0
891 0 7184.0
892 0 7184.0
893 0 7184.0
894 0 7184.0
895 0 7184.0
896 0 7184.0
897 0 7184.0
898 0 7184.0
899 0 7184.0
900 0 7184.0
901 0 7184.0
902 0 7184.0
903 0 7184.0
904 0 7184.0
905 0 7184.0
906 0 7184.0
907 0 7184.0
908 0 7184.0
909 0 7184.0
910 0 7184.0
911 0 7184.0
912 0 7184.0
913 0 7184.0
914 0 7184.0
915 0 7184.0
916 0 7184.0
917 0 7184.0
918 0 7184.0
919 0 7184.0
920 0 7184.0
921 0 7184.0
922 0 7184.0
923 0 7184.0
924 0 7184.0
925 0 7184.0
926 0 7184.0
927 0 7184.0
928 0 7184.0
929 0 7184.0
930 0 7184.0
931 0 7184.0
932 0 7184.0
933 0 7184.0
934 0 7184.0
935 0 7184.0
936 0 7184.0
937 0 7184.0
938 0 7184.0
939 0 7184.0
940 0 7184.0
941 0 7184.0
942 0 7184.0
943 0 7184.0
944 0 7184.0
945 0 7184.0
946 0 7184.0
947 0 7184.0
948 0 7184.0
949 0 7184.0
950 0 7184.0
951 0 7184.0
952 0 7184.0
953 0 7184.0
954 0 7184.0
955 0 7184.0
956 0 7184.0
957 0 7184.0
958 0 7184.0
959 0 7184.0
960 0 7184.0
961 0 7184.0
962 0 7184.0
963 0 7184.0
964 0 7184.0
965 0 7184.0
966 0 7184.0
967 0 7184.0
968 0 7184.0
969 0 7184.0
970 0 7184.0
971 0 7184.0
972 0 7184.0
973 0 7184.0
974 0 7184.0
975 0 7184.0
976 0 7184.0
977 0 7184.0
978 0 7184.0
979 0 7184.0
980 0 7184.0
981 0 7184.0
982 0 7184.0
983 0 7184.0
984 0 7184.0
985 0 7184.0
986 0 7184.0
987 0 7184.0
988 0 7184.0
989 0 7184.0
990 0 7184.0
991 0 7184.0
992 0 7184.0
993 0 7184.0
994 0 7184.0
995 0 7184.0
996 0 7184.0
997 0 7184.0
998 0 7184.0
999 0 7184.0
1000 0 7184.0
