1 1 14756.0
2 1 20490.0
3 1 25691.0
4 1 31050.0
5 1 36380.0
6 2 41456.0
7 2 46565.0
8 4 51783.0
9 4 57074.0
10 8 62212.0
11 6 67189.0
12 5 72229.0
13 5 77210.0
14 6 82213.0
15 8 87214.0
16 12 92382.0
17 16 97310.0
18 22 102503.0
19 25 107379.0
20 33 112425.0
21 27 117518.0
22 30 122544.0
23 32 127426.0
24 46 132437.0
25 51 137343.0
26 58 142478.0
27 59 147554.0
28 69 152445.0
29 65 157314.0
30 64 162328.0
31 74 167263.0
32 85 172318.0
33 92 177283.0
34 96 182282.0
35 91 187297.0
36 107 192206.0
37 139 197284.0
38 161 202319.0
39 182 207279.0
40 178 212205.0
41 197 217058.0
42 224 221967.0
43 255 226928.0
44 250 231813.0
45 261 236644.0
46 274 241609.0
47 289 246662.0
48 312 251592.0
49 332 256271.0
50 366 261597.0
51 415 266575.0
52 424 271449.0
53 401 276482.0
54 445 281323.0
55 445 286400.0
56 467 291156.0
57 501 296191.0
58 531 301028.0
59 562 305943.0
60 558 310844.0
61 584 315682.0
62 587 320528.0
63 638 325561.0
64 674 330207.0
65 768 335006.0
66 771 339866.0
67 746 344587.0
68 794 349192.0
69 820 353944.0
70 829 358669.0
71 837 363576.0
72 887 368421.0
73 952 372951.0
74 996 377696.0
75 984 382374.0
76 957 387207.0
77 983 392088.0
78 1014 396875.0
79 1093 401657.0
80 1129 406362.0
81 1167 411010.0
82 1247 415663.0
83 1309 420209.0
84 1353 424821.0
85 1361 429349.0
86 1362 434072.0
87 1400 438793.0
88 1443 443519.0
89 1519 447943.0
90 1616 452443.0
91 1632 457138.0
92 1590 461669.0
93 1564 466154.0
94 1624 470691.0
95 1672 475261.0
96 1799 479820.0
97 1830 484165.0
98 1854 488744.0
99 1838 493062.0
100 1957 497224.0
101 1940 501640.0
102 2032 506046.0
103 2037 510415.0
104 2127 514725.0
105 2273 519334.0
106 2346 523722.0
107 2283 528184.0
108 2366 532495.0
109 2348 536669.0
110 2421 540799.0
111 2477 545140.0
112 2545 549383.0
113 2552 553488.0
114 2647 557754.0
115 2592 562067.0
116 2573 566245.0
117 2648 570458.0
118 2797 574506.0
119 2851 578729.0
120 2869 582955.0
121 3024 587150.0
122 3174 591400.0
123 3061 595545.0
124 3079 599659.0
125 3190 603469.0
126 3344 607469.0
127 3366 611314.0
128 3392 615397.0
129 3484 619270.0
130 3586 623316.0
131 3582 627181.0
132 3601 631168.0
133 3684 635083.0
134 3910 638909.0
135 4032 642733.0
136 4030 646634.0
137 3902 650587.0
138 3894 654518.0
139 3945 658537.0
140 4000 662509.0
141 4086 666423.0
142 4234 670210.0
143 4322 673952.0
144 4410 677879.0
145 4550 681469.0
146 4598 685101.0
147 4647 688900.0
148 4756 692620.0
149 4734 696417.0
150 4831 700030.0
151 4830 703826.0
152 4815 707602.0
153 4953 711283.0
154 5173 714660.0
155 5157 718424.0
156 5112 721870.0
157 5209 725498.0
158 5304 729009.0
159 5379 732418.0
160 5485 735898.0
161 5657 739306.0
162 5741 742853.0
163 5791 746228.0
164 6040 749401.0
165 6157 752763.0
166 6077 756230.0
167 5951 759403.0
168 5999 762852.0
169 5979 766190.0
170 6348 769464.0
171 6664 772607.0
172 6726 775714.0
173 6727 779126.0
174 6494 782132.0
175 6504 785633.0
176 6451 788821.0
177 6862 791865.0
178 7225 794920.0
179 7373 797614.0
180 7572 800610.0
181 7315 803689.0
182 7461 806780.0
183 7702 809660.0
184 7846 812527.0
185 7980 815267.0
186 8103 818267.0
187 7998 821051.0
188 8215 824062.0
189 8221 826783.0
190 8325 829544.0
191 8373 832432.0
192 8477 835217.0
193 8318 837966.0
194 8587 840545.0
195 9027 843022.0
196 9107 845691.0
197 8885 848269.0
198 8816 851048.0
199 8789 853825.0
200 9016 850997.0
201 8873 844670.0
202 8433 837914.0
203 8211 832241.0
204 7556 825874.0
205 7243 820359.0
206 6937 814107.0
207 7285 808418.0
208 7175 802444.0
209 7129 796679.0
210 6980 790751.0
211 6838 784923.0
212 6517 778942.0
213 6588 773283.0
214 6656 767257.0
215 6788 761337.0
216 6600 755512.0
217 6497 749345.0
218 6696 743803.0
219 6405 738143.0
220 6360 732328.0
221 6639 726740.0
222 6438 720900.0
223 6293 714997.0
224 6623 709173.0
225 6705 703349.0
226 6873 697762.0
227 6653 691868.0
228 6636 686141.0
229 6456 680328.0
230 6624 674773.0
231 6731 669092.0
232 6565 663417.0
233 6462 657799.0
234 6343 652285.0
235 6497 646391.0
236 6939 640740.0
237 6689 634852.0
238 6685 629524.0
239 6570 623846.0
240 6210 618652.0
241 6119 613126.0
242 6250 607779.0
243 6270 602258.0
244 6356 596817.0
245 6239 591148.0
246 6508 586116.0
247 6261 580488.0
248 6245 575165.0
249 6081 569727.0
250 6042 564529.0
251 6152 559183.0
252 6369 553730.0
253 6493 548286.0
254 6540 542917.0
255 6242 537843.0
256 5977 532659.0
257 5947 527411.0
258 5967 522256.0
259 6293 516994.0
260 6412 511797.0
261 6162 506704.0
262 5996 501530.0
263 6243 496317.0
264 6538 491015.0
265 6535 485816.0
266 6190 480536.0
267 6072 475373.0
268 5949 470310.0
269 6018 465113.0
270 6112 460008.0
271 5940 455167.0
272 5812 450167.0
273 5782 445087.0
274 5901 440185.0
275 6008 435030.0
276 5979 430045.0
277 5773 425032.0
278 5823 419987.0
279 6034 414992.0
280 6013 410161.0
281 5766 405630.0
282 5689 400831.0
283 5899 395927.0
284 6065 390854.0
285 5925 386182.0
286 5715 381463.0
287 5719 376801.0
288 5861 371903.0
289 5792 367136.0
290 5545 362512.0
291 5462 357854.0
292 5481 353157.0
293 5645 348524.0
294 5616 343835.0
295 5364 339299.0
296 5307 334816.0
297 5329 330098.0
298 5476 325455.0
299 5417 321035.0
300 5296 316517.0
301 5224 312046.0
302 5075 307625.0
303 5264 303180.0
304 5451 298544.0
305 5544 294220.0
306 5302 289960.0
307 4990 285823.0
308 4943 281741.0
309 4954 277526.0
310 4942 273151.0
311 4872 269113.0
312 4715 264930.0
313 4818 260812.0
314 4709 256837.0
315 4668 252817.0
316 4632 248938.0
317 4536 245181.0
318 4502 241003.0
319 4696 237314.0
320 4740 233338.0
321 4863 229357.0
322 4756 225463.0
323 4653 221767.0
324 4473 217836.0
325 4494 213908.0
326 4446 210130.0
327 4386 206323.0
328 4372 202599.0
329 4343 199076.0
330 4121 195718.0
331 3868 192054.0
332 3998 188455.0
333 4102 184836.0
334 4043 181346.0
335 3878 177909.0
336 4009 174362.0
337 4081 171044.0
338 3991 167510.0
339 3988 164108.0
340 3811 160623.0
341 3647 157586.0
342 3528 154474.0
343 3373 151498.0
344 3342 148590.0
345 3315 145509.0
346 3250 142476.0
347 3276 139503.0
348 3368 136428.0
349 3581 133504.0
350 3505 130324.0
351 3493 127345.0
352 3419 124513.0
353 3245 121540.0
354 3157 118776.0
355 3211 116248.0
356 3213 113435.0
357 3276 110816.0
358 3297 108081.0
359 3314 105492.0
360 3139 102747.0
361 3023 100404.0
362 2746 98014.0
363 2648 95677.0
364 2681 93403.0
365 2612 91071.0
366 2527 88861.0
367 2423 86788.0
368 2353 84768.0
369 2290 82727.0
370 2203 80852.0
371 2109 78736.0
372 2115 76906.0
373 2065 74976.0
374 2090 73109.0
375 1943 71309.0
376 1904 69634.0
377 1816 67802.0
378 1768 66075.0
379 1753 64227.0
380 1831 62575.0
381 1811 60770.0
382 1828 58955.0
383 1766 57627.0
384 1708 56084.0
385 1741 54553.0
386 1710 53072.0
387 1574 51665.0
388 1556 50189.0
389 1595 48659.0
390 1515 47342.0
391 1495 45848.0
392 1416 44688.0
393 1359 43287.0
394 1320 42055.0
395 1288 40850.0
396 1300 39704.0
397 1240 38601.0
398 1186 37544.0
399 1088 36561.0
400 1023 35503.0
401 992 34614.0
402 981 33704.0
403 961 32853.0
404 952 31969.0
405 978 31053.0
406 949 30140.0
407 895 29301.0
408 842 28650.0
409 778 27794.0
410 785 27005.0
411 781 26337.0
412 716 25548.0
413 735 24961.0
414 625 24275.0
415 565 23679.0
416 520 23077.0
417 487 22350.0
418 471 21774.0
419 442 21191.0
420 403 20718.0
421 342 20282.0
422 353 19776.0
423 341 19343.0
424 297 18866.0
425 270 18388.0
426 278 18062.0
427 273 17628.0
428 267 17333.0
429 238 16730.0
430 213 16389.0
431 153 16196.0
432 147 15876.0
433 132 15459.0
434 141 15062.0
435 129 14803.0
436 124 14513.0
437 104 14311.0
438 83 14011.0
439 65 13727.0
440 68 13344.0
441 61 13099.0
442 64 12872.0
443 66 12787.0
444 71 12591.0
445 62 12472.0
446 66 12286.0
447 55 12074.0
448 55 12020.0
449 39 11584.0
450 33 11396.0
451 25 11279.0
452 20 11085.0
453 14 10905.0
454 15 10647.0
455 15 10333.0
456 12 10302.0
457 14 10197.0
458 12 10118.0
459 11 10009.0
460 8 9869.0
461 5 9767.0
462 7 9683.0
463 7 9590.0
464 8 9513.0
465 6 9337.0
466 7 9202.0
467 4 9084.0
468 4 9091.0
469 6 9071.0
470 5 8872.0
471 4 8833.0
472 4 8754.0
473 3 8765.0
474 2 8578.0
475 2 8495.0
476 2 8509.0
477 1 8354.0
478 1 8307.0
479 1 8303.0
480 2 8254.0
481 1 8162.0
482 1 8084.0
483 1 8098.0
484 1 8018.0
485 1 7999.0
486 2 8011.0
487 2 8008.0
488 4 7943.0
489 3 7895.0
490 2 7939.0
491 1 7849.0
492 2 7806.0
493 1 7673.0
494 0 7779.0
495 0 7867.0
496 0 7739.0
497 0 7710.0
498 0 7592.0
499 0 7591.0
500 0 7661.0
501 0 7527.0
502 0 7392.0
503 0 7304.0
504 0 7240.0
505 0 7276.0
506 0 7303.0
507 0 7194.0
508 0 7311.0
509 0 7437.0
510 0 7294.0
511 0 7235.0
512 0 7111.0
513 0 7133.0
514 0 7238.0
515 0 7311.0
516 0 7442.0
517 0 7246.0
518 0 7297.0
519 0 7255.0
520 0 7188.0
521 0 7272.0
522 0 7320.0
523 0 7368.0
524 0 7263.0
525 0 7108.0
526 0 7123.0
527 0 7266.0
528 0 7305.0
529 0 7243.0
530 0 7165.0
531 0 7212.0
532 0 7227.0
533 0 7231.0
534 0 7020.0
535 0 7085.0
536 0 7182.0
537 0 7218.0
538 0 7253.0
539 0 7242.0
540 0 7317.0
541 0 7208.0
542 0 7000.0
543 0 7077.0
544 0 7177.0
545 0 7117.0
546 0 7172.0
547 0 7228.0
548 0 7250.0
549 0 7144.0
550 0 7055.0
551 0 7016.0
552 0 6995.0
553 0 7002.0
554 0 7149.0
555 0 7215.0
556 0 7242.0
557 0 7261.0
558 0 7200.0
559 0 7225.0
560 0 7149.0
561 0 7122.0
562 0 7082.0
563 0 7115.0
564 0 7180.0
565 0 7139.0
566 0 7202.0
567 0 7178.0
568 0 7166.0
569 0 7092.0
570 0 7073.0
571 0 7021.0
572 0 7043.0
573 0 7143.0
574 0 7212.0
575 0 7154.0
576 0 7170.0
577 0 7129.0
578 0 7217.0
579 0 7198.0
580 0 7266.0
581 0 7322.0
582 0 7348.0
583 0 7278.0
584 0 7168.0
585 0 7093.0
586 0 7133.0
587 0 7091.0
588 0 7018.0
589 0 6957.0
590 0 7106.0
591 0 7142.0
592 0 7033.0
593 0 7151.0
594 0 7092.0
595 0 7073.0
596 0 7261.0
597 0 7252.0
598 0 7292.0
599 0 7242.0
600 0 7242.0
601 0 7242.0
602 0 7242.0
603 0 7242.0
604 0 7242.0
605 0 7242.0
606 0 7242.0
607 0 7242.0
608 0 7242.0
609 0 7242.0
610 0 7242.0
611 0 7242.0
612 0 7242.0
613 0 7242.0
614 0 7242.0
615 0 7242.0
616 0 7242.0
617 0 7242.0
618 0 7242.0
619 0 7242.0
620 0 7242.0
621 0 7242.0
622 0 7242.0
623 0 7242.0
624 0 7242.0
625 0 7242.0
626 0 7242.0
627 0 7242.0
628 0 7242.0
629 0 7242.0
630 0 7242.0
631 0 7242.0
632 0 7242.0
633 0 7242.0
634 0 7242.0
635 0 7242.0
636 0 7242.0
637 0 7242.0
638 0 7242.0
639 0 7242.0
640 0 7242.0
641 0 7242.0
642 0 7242.0
643 0 7242.0
644 0 7242.0
645 0 7242.0
646 0 7242.0
647 0 7242.0
648 0 7242.0
649 0 7242.0
650 0 7242.0
651 0 7242.0
652 0 7242.0
653 0 7242.0
654 0 7242.0
655 0 7242.0
656 0 7242.0
657 0 7242.0
658 0 7242.0
659 0 7242.0
660 0 7242.0
661 0 7242.0
662 0 7242.0
663 0 7242.0
664 0 7242.0
665 0 7242.0
666 0 7242.0
667 0 7242.0
668 0 7242.0
669 0 7242.0
670 0 7242.0
671 0 7242.0
672 0 7242.0
673 0 7242.0
674 0 7242.0
675 0 7242.0
676 0 7242.0
677 0 7242.0
678 0 7242.0
679 0 7242.0
680 0 7242.0
681 0 7242.0
682 0 7242.0
683 0 7242.0
684 0 7242.0
685 0 7242.0
686 0 7242.0
687 0 7242.0
688 0 7242.0
689 0 7242.0
690 0 7242.0
691 0 7242.0
692 0 7242.0
693 0 7242.0
694 0 7242.0
695 0 7242.0
696 0 7242.0
697 0 7242.0
698 0 7242.0
699 0 7242.0
700 0 7242.0
701 0 7242.0
702 0 7242.0
703 0 7242.0
704 0 7242.0
705 0 7242.0
706 0 7242.0
707 0 7242.0
708 0 7242.0
709 0 7242.0
710 0 7242.0
711 0 7242.0
712 0 7242.0
713 0 7242.0
714 0 7242.0
715 0 7242.0
716 0 7242.0
717 0 7242.0
718 0 7242.0
719 0 7242.0
720 0 7242.0
721 0 7242.0
722 0 7242.0
723 0 7242.0
724 0 7242.0
725 0 7242.0
726 0 7242.0
727 0 7242.0
728 0 7242.0
729 0 7242.0
730 0 7242.0
731 0 7242.0
732 0 7242.0
733 0 7242.0
734 0 7242.0
735 0 7242.0
736 0 7242.0
737 0 7242.0
738 0 7242.0
739 0 7242.0
740 0 7242.0
741 0 7242.0
742 0 7242.0
743 0 7242.0
744 0 7242.0
745 0 7242.0
746 0 7242.0
747 0 7242.0
748 0 7242.0
749 0 7242.0
750 0 7242.0
751 0 7242.0
752 0 7242.0
753 0 7242.0
754 0 7242.0
755 0 7242.0
756 0 7242.0
757 0 7242.0
758 0 7242.0
759 0 7242.0
760 0 7242.0
761 0 7242.0
762 0 7242.0
763 0 7242.0
764 0 7242.0
765 0 7242.0
766 0 7242.0
767 0 7242.0
768 0 7242.0
769 0 7242.0
770 0 7242.0
771 0 7242.0
772 0 7242.0
773 0 7242.0
774 0 7242.0
775 0 7242.0
776 0 7242.0
777 0 7242.0
778 0 7242.0
779 0 7242.0
780 0 7242.0
781 0 7242.0
782 0 7242.0
783 0 7242.0
784 0 7242.0
785 0 7242.0
786 0 7242.0
787 0 7242.0
788 0 7242.0
789 0 7242.0
790 0 7242.0
791 0 7242.0
792 0 7242.0
793 0 7242.0
794 0 7242.0
795 0 7242.0
796 0 7242.0
797 0 7242.0
798 0 7242.0
799 0 7242.0
800 0 7242.0
801 0 7242.0
802 0 7242.0
803 0 7242.0
804 0 7242.0
805 0 7242.0
806 0 7242.0
807 0 7242.0
808 0 7242.0
809 0 7242.0
810 0 7242.0
811 0 7242.0
812 0 7242.0
813 0 7242.0
814 0 7242.0
815 0 7242.0
816 0 7242.0
817 0 7242.0
818 0 7242.0
819 0 7242.0
820 0 7242.0
821 0 7242.0
822 0 7242.0
823 0 7242.0
824 0 7242.0
825 0 7242.0
826 0 7242.0
827 0 7242.0
828 0 7242.0
829 0 7242.0
830 0 7242.0
831 0 7242.0
832 0 7242.0
833 0 7242.0
834 0 7242.0
835 0 7242.0
836 0 7242.0
837 0 7242.0
838 0 7242.0
839 0 7242.0
840 0 7242.0
841 0 7242.0
842 0 7242.0
843 0 7242.0
844 0 7242.0
845 0 7242.0
846 0 7242.0
847 0 7242.0
848 0 7242.0
849 0 7242.0
850 0 7242.0
851 0 7242.0
852 0 7242.0
853 0 7242.0
854 0 7242.0
855 0 7242.0
856 0 7242.0
857 0 7242.0
858 0 7242.0
859 0 7242.0
860 0 7242.0
861 0 7242.0
862 0 7242.0
863 0 7242.0
864 0 7242.0
865 0 7242.0
866 0 7242.0
867 0 7242.0
868 0 7242.0
869 0 7242.0
870 0 7242.0
871 0 7242.0
872 0 7242.0
873 0 7242.0
874 0 7242.0
875 0 7242.0
876 0 7242.0
877 0 7242.0
878 0 7242.0
879 0 7242.0
880 0 7242.0
881 0 7242.0
882 0 7242.0
883 0 7242.0
884 0 7242.0
885 0 7242.0
886 0 7242.0
887 0 7242.0
888 0 7242.0
889 0 7242.0
890 0 7242.0
891 0 7242.0
892 0 7242.0
893 0 7242.0
894 0 7242.0
895 0 7242.0
896 0 7242.0
897 0 7242.0
898 0 7242.0
899 0 7242.0
900 0 7242.0
901 0 7242.0
902 0 7242.0
903 0 7242.0
904 0 7242.0
905 0 7242.0
906 0 7242.0
907 0 7242.0
908 0 7242.0
909 0 7242.0
910 0 7242.0
911 0 7242.0
912 0 7242.0
913 0 7242.0
914 0 7242.0
915 0 7242.0
916 0 7242.0
917 0 7242.0
918 0 7242.0
919 0 7242.0
920 0 7242.0
921 0 7242.0
922 0 7242.0
923 0 7242.0
924 0 7242.0
925 0 7242.0
926 0 7242.0
927 0 7242.0
928 0 7242.0
929 0 7242.0
930 0 7242.0
931 0 7242.0
932 0 7242.0
933 0 7242.0
934 0 7242.0
935 0 7242.0
936 0 7242.0
937 0 7242.0
938 0 7242.0
939 0 7242.0
940 0 7242.0
941 0 7242.0
942 0 7242.0
943 0 7242.0
944 0 7242.0
945 0 7242.0
946 0 7242.0
947 0 7242.0
948 0 7242.0
949 0 7242.0
950 0 7242.0
951 0 7242.0
952 0 7242.0
953 0 7242.0
954 0 7242.0
955 0 7242.0
956 0 7242.0
957 0 7242.0
958 0 7242.0
959 0 7242.0
960 0 7242.0
961 0 7242.0
962 0 7242.0
963 0 7242.0
964 0 7242.0
965 0 7242.0
966 0 7242.0
967 0 7242.0
968 0 7242.0
969 0 7242.0
970 0 7242.0
971 0 7242.0
972 0 7242.0
973 0 7242.0
974 0 7242.0
975 0 7242.0
976 0 7242.0
977 0 7242.0
978 0 7242.0
979 0 7242.0
980 0 7242.0
981 0 7242.0
982 0 7242.0
983 0 7242.0
984 0 7242.0
985 0 7242.0
986 0 7242.0
987 0 7242.0
988 0 7242.0
989 0 7242.0
990 0 7242.0
991 0 7242.0
992 0 7242.0
993 0 7242.0
994 0 7242.0
995 0 7242.0
996 0 7242.0
997 0 7242.0
998 0 7242.0
999 0 7242.0
1000 0 7242.0
