1 1 14874.0
2 1 20350.0
3 1 25947.0
4 2 31309.0
5 2 36635.0
6 4 42071.0
7 3 47347.0
8 3 52666.0
9 3 57838.0
10 6 62789.0
11 6 67970.0
12 12 73039.0
13 9 78024.0
14 10 83039.0
15 9 88009.0
16 9 93056.0
17 15 98116.0
18 15 103138.0
19 21 108230.0
20 25 112999.0
21 25 117832.0
22 21 122848.0
23 31 127901.0
24 27 132926.0
25 31 137982.0
26 47 143063.0
27 57 148335.0
28 61 153226.0
29 59 158000.0
30 79 163131.0
31 76 168113.0
32 81 172954.0
33 106 177936.0
34 123 183084.0
35 144 187950.0
36 142 192835.0
37 149 197926.0
38 161 202850.0
39 199 207513.0
40 213 212631.0
41 208 217528.0
42 236 222622.0
43 236 227455.0
44 243 232374.0
45 218 237506.0
46 238 242583.0
47 264 247474.0
48 296 252386.0
49 304 257234.0
50 301 262083.0
51 318 266819.0
52 323 271622.0
53 333 276402.0
54 382 281169.0
55 426 285991.0
56 460 290895.0
57 492 295669.0
58 535 300676.0
59 553 305540.0
60 530 310475.0
61 545 315442.0
62 577 320348.0
63 589 325054.0
64 669 329942.0
65 685 334841.0
66 715 339694.0
67 782 344608.0
68 832 349419.0
69 845 354054.0
70 900 358895.0
71 891 363622.0
72 937 368327.0
73 1034 373062.0
74 996 377782.0
75 1000 382740.0
76 989 387543.0
77 1023 392208.0
78 1026 397027.0
79 1060 401813.0
80 1073 406415.0
81 1136 411383.0
82 1155 416057.0
83 1214 420486.0
84 1329 424922.0
85 1373 429725.0
86 1302 434759.0
87 1300 439386.0
88 1382 443821.0
89 1541 448226.0
90 1604 452787.0
91 1705 457372.0
92 1708 461908.0
93 1729 466627.0
94 1776 471117.0
95 1762 475669.0
96 1856 480212.0
97 1855 484637.0
98 1917 489057.0
99 1868 493554.0
100 1906 497984.0
101 1967 502148.0
102 2076 506621.0
103 2122 511006.0
104 2141 515441.0
105 1995 519823.0
106 2112 524466.0
107 2159 528455.0
108 2389 532804.0
109 2478 536846.0
110 2550 541190.0
111 2415 545536.0
112 2364 549704.0
113 2530 553892.0
114 2674 558067.0
115 2880 562160.0
116 2932 566200.0
117 2814 570537.0
118 2819 574869.0
119 2908 578876.0
120 2988 583230.0
121 3021 587302.0
122 2956 591533.0
123 3047 595657.0
124 3159 599693.0
125 3254 603663.0
126 3423 607565.0
127 3468 611480.0
128 3417 615732.0
129 3202 619625.0
130 3435 623635.0
131 3577 627685.0
132 3725 631503.0
133 3857 635496.0
134 3887 639223.0
135 3907 643253.0
136 3900 647113.0
137 4016 651149.0
138 3864 655120.0
139 4043 659341.0
140 4128 662831.0
141 4294 666435.0
142 4346 670178.0
143 4507 673822.0
144 4637 677837.0
145 4554 681646.0
146 4553 685531.0
147 4521 689159.0
148 4631 692954.0
149 4748 696516.0
150 5004 700094.0
151 5108 703685.0
152 5065 707506.0
153 5058 711216.0
154 5198 714905.0
155 5395 718428.0
156 5451 721999.0
157 5433 725283.0
158 5576 728730.0
159 5796 731979.0
160 6030 735271.0
161 6172 738957.0
162 5965 742517.0
163 5816 746149.0
164 5922 749474.0
165 6294 752651.0
166 6595 755814.0
167 6626 758986.0
168 6452 762276.0
169 6152 765666.0
170 6307 769052.0
171 6409 772332.0
172 6637 775535.0
173 6789 778602.0
174 6960 781789.0
175 7025 785001.0
176 7004 788061.0
177 7083 791221.0
178 7186 794034.0
179 7329 797381.0
180 7083 800248.0
181 7339 803468.0
182 7572 806122.0
183 7909 809172.0
184 7967 812008.0
185 8303 814867.0
186 8034 817863.0
187 7845 820746.0
188 8096 823706.0
189 8289 826076.0
190 8693 828853.0
191 8674 831413.0
192 8877 834084.0
193 8704 836749.0
194 8677 839405.0
195 8786 842004.0
196 8850 844771.0
197 9026 847310.0
198 9258 849686.0
199 9532 852117.0
200 9530 849265.0
201 9266 842741.0
202 8426 836694.0
203 7624 830868.0
204 7191 824999.0
205 7124 818895.0
206 7405 812826.0
207 7412 806861.0
208 7032 801029.0
209 6828 795213.0
210 6609 789280.0
211 6597 783192.0
212 6884 777079.0
213 7237 771140.0
214 6904 765254.0
215 6595 759511.0
216 6606 753690.0
217 6802 747779.0
218 6831 741826.0
219 6681 736195.0
220 6700 730680.0
221 6554 724807.0
222 6435 719041.0
223 6711 713056.0
224 6865 707184.0
225 6507 701461.0
226 6190 696139.0
227 6233 690481.0
228 6372 684682.0
229 6488 678727.0
230 6696 673203.0
231 6515 667160.0
232 6645 661600.0
233 6413 655927.0
234 6310 650151.0
235 6376 644702.0
236 6437 639069.0
237 6289 633632.0
238 6298 627935.0
239 6610 622296.0
240 6684 616239.0
241 6690 610875.0
242 6374 605262.0
243 6468 599702.0
244 6336 594409.0
245 6411 588783.0
246 6545 583521.0
247 6311 578008.0
248 6186 572818.0
249 6200 567185.0
250 6568 561919.0
251 6509 556396.0
252 6410 551106.0
253 6102 545775.0
254 6114 540430.0
255 6142 535201.0
256 6373 529728.0
257 6607 524352.0
258 6585 518973.0
259 6452 513735.0
260 6182 508571.0
261 6162 503473.0
262 6188 497931.0
263 6301 492762.0
264 6138 487713.0
265 6070 482681.0
266 6031 477734.0
267 6040 472484.0
268 6187 467230.0
269 6275 462072.0
270 6135 457094.0
271 5961 452002.0
272 6055 446818.0
273 6184 441826.0
274 6152 436842.0
275 5875 432114.0
276 5488 427477.0
277 5434 422367.0
278 5856 417309.0
279 6024 412281.0
280 5910 407196.0
281 6038 402198.0
282 6013 397521.0
283 5753 392616.0
284 5638 387895.0
285 5494 383055.0
286 5542 378535.0
287 5404 373810.0
288 5617 369188.0
289 5616 364354.0
290 5611 359598.0
291 5665 354869.0
292 5502 350097.0
293 5524 345353.0
294 5418 340754.0
295 5443 336102.0
296 5731 331643.0
297 5557 327057.0
298 5417 322573.0
299 5259 318100.0
300 5157 313862.0
301 5161 309499.0
302 5135 305070.0
303 5092 301015.0
304 4923 296751.0
305 4859 292349.0
306 5004 288021.0
307 5150 283908.0
308 4870 279617.0
309 4723 275556.0
310 4751 271385.0
311 4900 267111.0
312 5065 262761.0
313 5149 258649.0
314 5000 254542.0
315 4741 250657.0
316 4505 246833.0
317 4439 242906.0
318 4440 239014.0
319 4478 235146.0
320 4528 231076.0
321 4600 226898.0
322 4682 223058.0
323 4623 218987.0
324 4523 215405.0
325 4372 211603.0
326 4332 207986.0
327 4064 204425.0
328 4027 200721.0
329 4120 197035.0
330 4088 193429.0
331 4198 189792.0
332 4339 186130.0
333 4141 182646.0
334 3982 179098.0
335 3919 175368.0
336 4119 171848.0
337 4034 168435.0
338 3965 165004.0
339 3908 161576.0
340 3781 158462.0
341 3712 155329.0
342 3597 152356.0
343 3539 149229.0
344 3561 145981.0
345 3605 142742.0
346 3784 139590.0
347 3863 136558.0
348 3692 133642.0
349 3551 130849.0
350 3455 127973.0
351 3328 125187.0
352 3212 122483.0
353 2988 119798.0
354 2860 117221.0
355 2893 114484.0
356 2782 111992.0
357 2603 109435.0
358 2681 106994.0
359 2617 104502.0
360 2552 102130.0
361 2560 99680.0
362 2645 97294.0
363 2754 94947.0
364 2720 92770.0
365 2659 90470.0
366 2497 88350.0
367 2449 86253.0
368 2437 83956.0
369 2609 81634.0
370 2589 79378.0
371 2557 77392.0
372 2415 75454.0
373 2371 73640.0
374 2331 71505.0
375 2277 69707.0
376 2051 67869.0
377 1994 66113.0
378 1972 64455.0
379 1883 62752.0
380 1760 61053.0
381 1793 59411.0
382 1765 57804.0
383 1745 56230.0
384 1639 54800.0
385 1542 53297.0
386 1530 51756.0
387 1529 50321.0
388 1500 48896.0
389 1491 47504.0
390 1403 46257.0
391 1355 45043.0
392 1395 43686.0
393 1413 42504.0
394 1401 41336.0
395 1326 40266.0
396 1246 39255.0
397 1229 38035.0
398 1131 37166.0
399 1046 36097.0
400 998 35194.0
401 928 34160.0
402 862 33264.0
403 852 32389.0
404 810 31470.0
405 820 30677.0
406 776 29851.0
407 730 29101.0
408 711 28413.0
409 737 27640.0
410 767 26904.0
411 728 26270.0
412 677 25454.0
413 691 24833.0
414 678 24081.0
415 633 23466.0
416 615 22873.0
417 545 22248.0
418 473 21740.0
419 469 21214.0
420 456 20770.0
421 453 20115.0
422 419 19722.0
423 402 19322.0
424 373 18882.0
425 321 18496.0
426 278 18008.0
427 257 17661.0
428 260 17370.0
429 239 16889.0
430 224 16532.0
431 212 16193.0
432 189 15712.0
433 171 15454.0
434 162 15158.0
435 137 14927.0
436 120 14596.0
437 110 14232.0
438 118 13845.0
439 112 13533.0
440 105 13286.0
441 101 13122.0
442 88 12860.0
443 79 12563.0
444 63 12382.0
445 54 12249.0
446 46 12053.0
447 46 11826.0
448 46 11542.0
449 57 11356.0
450 57 11184.0
451 58 11130.0
452 49 10938.0
453 32 10811.0
454 33 10582.0
455 29 10500.0
456 25 10397.0
457 24 10217.0
458 27 9990.0
459 26 9903.0
460 18 9858.0
461 10 9653.0
462 6 9595.0
463 3 9571.0
464 1 9347.0
465 2 9237.0
466 2 9175.0
467 4 9072.0
468 4 8998.0
469 4 9136.0
470 2 8967.0
471 1 8851.0
472 0 8819.0
473 0 8784.0
474 0 8780.0
475 0 8807.0
476 0 8527.0
477 0 8430.0
478 0 8310.0
479 0 8264.0
480 0 8257.0
481 0 8250.0
482 0 8216.0
483 0 8204.0
484 0 8133.0
485 0 7997.0
486 0 8025.0
487 0 7980.0
488 0 8031.0
489 0 7948.0
490 0 7798.0
491 0 7764.0
492 0 7855.0
493 0 7761.0
494 0 7620.0
495 0 7670.0
496 0 7587.0
497 0 7644.0
498 0 7605.0
499 0 7414.0
500 0 7464.0
501 0 7389.0
502 0 7474.0
503 0 7362.0
504 0 7490.0
505 0 7476.0
506 0 7383.0
507 0 7520.0
508 0 7470.0
509 0 7345.0
510 0 7393.0
511 0 7407.0
512 0 7502.0
513 0 7412.0
514 0 7319.0
515 0 7298.0
516 0 7319.0
517 0 7349.0
518 0 7361.0
519 0 7311.0
520 0 7310.0
521 0 7218.0
522 0 7248.0
523 0 7261.0
524 0 7242.0
525 0 7288.0
526 0 7306.0
527 0 7242.0
528 0 7256.0
529 0 7102.0
530 0 7090.0
531 0 7251.0
532 0 7259.0
533 0 7241.0
534 0 7294.0
535 0 7241.0
536 0 7107.0
537 0 7083.0
538 0 7104.0
539 0 7127.0
540 0 7257.0
541 0 7337.0
542 0 7287.0
543 0 7338.0
544 0 7321.0
545 0 7393.0
546 0 7339.0
547 0 7276.0
548 0 7358.0
549 0 7435.0
550 0 7463.0
551 0 7243.0
552 0 7187.0
553 0 7155.0
554 0 7108.0
555 0 7095.0
556 0 7228.0
557 0 7170.0
558 0 7077.0
559 0 7017.0
560 0 7114.0
561 0 7122.0
562 0 7181.0
563 0 7177.0
564 0 7241.0
565 0 7194.0
566 0 7237.0
567 0 7141.0
568 0 7172.0
569 0 7253.0
570 0 7224.0
571 0 7182.0
572 0 7119.0
573 0 7095.0
574 0 6976.0
575 0 6996.0
576 0 7008.0
577 0 6988.0
578 0 6928.0
579 0 7012.0
580 0 6947.0
581 0 6943.0
582 0 7024.0
583 0 7004.0
584 0 7111.0
585 0 7203.0
586 0 7146.0
587 0 7207.0
588 0 7185.0
589 0 7027.0
590 0 7051.0
591 0 7015.0
592 0 7067.0
593 0 7152.0
594 0 7176.0
595 0 7115.0
596 0 7183.0
597 0 7214.0
598 0 7163.0
599 0 7008.0
600 0 7008.0
601 0 7008.0
602 0 7008.0
603 0 7008.0
604 0 7008.0
605 0 7008.0
606 0 7008.0
607 0 7008.0
608 0 7008.0
609 0 7008.0
610 0 7008.0
611 0 7008.0
612 0 7008.0
613 0 7008.0
614 0 7008.0
615 0 7008.0
616 0 7008.0
617 0 7008.0
618 0 7008.0
619 0 7008.0
620 0 7008.0
621 0 7008.0
622 0 7008.0
623 0 7008.0
624 0 7008.0
625 0 7008.0
626 0 7008.0
627 0 7008.0
628 0 7008.0
629 0 7008.0
630 0 7008.0
631 0 7008.0
632 0 7008.0
633 0 7008.0
634 0 7008.0
635 0 7008.0
636 0 7008.0
637 0 7008.0
638 0 7008.0
639 0 7008.0
640 0 7008.0
641 0 7008.0
642 0 7008.0
643 0 7008.0
644 0 7008.0
645 0 7008.0
646 0 7008.0
647 0 7008.0
648 0 7008.0
649 0 7008.0
650 0 7008.0
651 0 7008.0
652 0 7008.0
653 0 7008.0
654 0 7008.0
655 0 7008.0
656 0 7008.0
657 0 7008.0
658 0 7008.0
659 0 7008.0
660 0 7008.0
661 0 7008.0
662 0 7008.0
663 0 7008.0
664 0 7008.0
665 0 7008.0
666 0 7008.0
667 0 7008.0
668 0 7008.0
669 0 7008.0
670 0 7008.0
671 0 7008.0
672 0 7008.0
673 0 7008.0
674 0 7008.0
675 0 7008.0
676 0 7008.0
677 0 7008.0
678 0 7008.0
679 0 7008.0
680 0 7008.0
681 0 7008.0
682 0 7008.0
683 0 7008.0
684 0 7008.0
685 0 7008.0
686 0 7008.0
687 0 7008.0
688 0 7008.0
689 0 7008.0
690 0 7008.0
691 0 7008.0
692 0 7008.0
693 0 7008.0
694 0 7008.0
695 0 7008.0
696 0 7008.0
697 0 7008.0
698 0 7008.0
699 0 7008.0
700 0 7008.0
701 0 7008.0
702 0 7008.0
703 0 7008.0
704 0 7008.0
705 0 7008.0
706 0 7008.0
707 0 7008.0
708 0 7008.0
709 0 7008.0
710 0 7008.0
711 0 7008.0
712 0 7008.0
713 0 7008.0
714 0 7008.0
715 0 7008.0
716 0 7008.0
717 0 7008.0
718 0 7008.0
719 0 7008.0
720 0 7008.0
721 0 7008.0
722 0 7008.0
723 0 7008.0
724 0 7008.0
725 0 7008.0
726 0 7008.0
727 0 7008.0
728 0 7008.0
729 0 7008.0
730 0 7008.0
731 0 7008.0
732 0 7008.0
733 0 7008.0
734 0 7008.0
735 0 7008.0
736 0 7008.0
737 0 7008.0
738 0 7008.0
739 0 7008.0
740 0 7008.0
741 0 7008.0
742 0 7008.0
743 0 7008.0
744 0 7008.0
745 0 7008.0
746 0 7008.0
747 0 7008.0
748 0 7008.0
749 0 7008.0
750 0 7008.0
751 0 7008.0
752 0 7008.0
753 0 7008.0
754 0 7008.0
755 0 7008.0
756 0 7008.0
757 0 7008.0
758 0 7008.0
759 0 7008.0
760 0 7008.0
761 0 7008.0
762 0 7008.0
763 0 7008.0
764 0 7008.0
765 0 7008.0
766 0 7008.0
767 0 7008.0
768 0 7008.0
769 0 7008.0
770 0 7008.0
771 0 7008.0
772 0 7008.0
773 0 7008.0
774 0 7008.0
775 0 7008.0
776 0 7008.0
777 0 7008.0
778 0 7008.0
779 0 7008.0
780 0 7008.0
781 0 7008.0
782 0 7008.0
783 0 7008.0
784 0 7008.0
785 0 7008.0
786 0 7008.0
787 0 7008.0
788 0 7008.0
789 0 7008.0
790 0 7008.0
791 0 7008.0
792 0 7008.0
793 0 7008.0
794 0 7008.0
795 0 7008.0
796 0 7008.0
797 0 7008.0
798 0 7008.0
799 0 7008.0
800 0 7008.0
801 0 7008.0
802 0 7008.0
803 0 7008.0
804 0 7008.0
805 0 7008.0
806 0 7008.0
807 0 7008.0
808 0 7008.0
809 0 7008.0
810 0 7008.0
811 0 7008.0
812 0 7008.0
813 0 7008.0
814 0 7008.0
815 0 7008.0
816 0 7008.0
817 0 7008.0
818 0 7008.0
819 0 7008.0
820 0 7008.0
821 0 7008.0
822 0 7008.0
823 0 7008.0
824 0 7008.0
825 0 7008.0
826 0 7008.0
827 0 7008.0
828 0 7008.0
829 0 7008.0
830 0 7008.0
831 0 7008.0
832 0 7008.0
833 0 7008.0
834 0 7008.0
835 0 7008.0
836 0 7008.0
837 0 7008.0
838 0 7008.0
839 0 7008.0
840 0 7008.0
841 0 7008.0
842 0 7008.0
843 0 7008.0
844 0 7008.0
845 0 7008.0
846 0 7008.0
847 0 7008.0
848 0 7008.0
849 0 7008.0
850 0 7008.0
851 0 7008.0
852 0 7008.0
853 0 7008.0
854 0 7008.0
855 0 7008.0
856 0 7008.0
857 0 7008.0
858 0 7008.0
859 0 7008.0
860 0 7008.0
861 0 7008.0
862 0 7008.0
863 0 7008.0
864 0 7008.0
865 0 7008.0
866 0 7008.0
867 0 7008.0
868 0 7008.0
869 0 7008.0
870 0 7008.0
871 0 7008.0
872 0 7008.0
873 0 7008.0
874 0 7008.0
875 0 7008.0
876 0 7008.0
877 0 7008.0
878 0 7008.0
879 0 7008.0
880 0 7008.0
881 0 7008.0
882 0 7008.0
883 0 7008.0
884 0 7008.0
885 0 7008.0
886 0 7008.0
887 0 7008.0
888 0 7008.0
889 0 7008.0
890 0 7008.0
891 0 7008.0
892 0 7008.0
893 0 7008.0
894 0 7008.0
895 0 7008.0
896 0 7008.0
897 0 7008.0
898 0 7008.0
899 0 7008.0
900 0 7008.0
901 0 7008.0
902 0 7008.0
903 0 7008.0
904 0 7008.0
905 0 7008.0
906 0 7008.0
907 0 7008.0
908 0 7008.0
909 0 7008.0
910 0 7008.0
911 0 7008.0
912 0 7008.0
913 0 7008.0
914 0 7008.0
915 0 7008.0
916 0 7008.0
917 0 7008.0
918 0 7008.0
919 0 7008.0
920 0 7008.0
921 0 7008.0
922 0 7008.0
923 0 7008.0
924 0 7008.0
925 0 7008.0
926 0 7008.0
927 0 7008.0
928 0 7008.0
929 0 7008.0
930 0 7008.0
931 0 7008.0
932 0 7008.0
933 0 7008.0
934 0 7008.0
935 0 7008.0
936 0 7008.0
937 0 7008.0
938 0 7008.0
939 0 7008.0
940 0 7008.0
941 0 7008.0
942 0 7008.0
943 0 7008.0
944 0 7008.0
945 0 7008.0
946 0 7008.0
947 0 7008.0
948 0 7008.0
949 0 7008.0
950 0 7008.0
951 0 7008.0
952 0 7008.0
953 0 7008.0
954 0 7008.0
955 0 7008.0
956 0 7008.0
957 0 7008.0
958 0 7008.0
959 0 7008.0
960 0 7008.0
961 0 7008.0
962 0 7008.0
963 0 7008.0
964 0 7008.0
965 0 7008.0
966 0 7008.0
967 0 7008.0
968 0 7008.0
969 0 7008.0
970 0 7008.0
971 0 7008.0
972 0 7008.0
973 0 7008.0
974 0 7008.0
975 0 7008.0
976 0 7008.0
977 0 7008.0
978 0 7008.0
979 0 7008.0
980 0 7008.0
981 0 7008.0
982 0 7008.0
983 0 7008.0
984 0 7008.0
985 0 7008.0
986 0 7008.0
987 0 7008.0
988 0 7008.0
989 0 7008.0
990 0 7008.0
991 0 7008.0
992 0 7008.0
993 0 7008.0
994 0 7008.0
995 0 7008.0
996 0 7008.0
997 0 7008.0
998 0 7008.0
999 0 7008.0
1000 0 7008.0
