1 1 15012.0
2 2 20929.0
3 1 26172.0
4 2 31430.0
5 2 36698.0
6 4 41905.0
7 4 46985.0
8 4 51991.0
9 4 56914.0
10 8 61975.0
11 6 67093.0
12 7 72079.0
13 8 77052.0
14 14 81963.0
15 15 87214.0
16 22 92270.0
17 19 97439.0
18 29 102460.0
19 26 107404.0
20 30 112557.0
21 32 117551.0
22 44 122667.0
23 48 127732.0
24 63 132728.0
25 89 137640.0
26 109 142622.0
27 122 147571.0
28 114 152503.0
29 119 157541.0
30 131 162585.0
31 161 167439.0
32 179 172327.0
33 190 177238.0
34 198 182143.0
35 180 186947.0
36 163 191791.0
37 204 196835.0
38 209 201727.0
39 218 206759.0
40 242 211668.0
41 266 216480.0
42 280 221406.0
43 316 226435.0
44 326 231328.0
45 339 236154.0
46 328 241065.0
47 332 245863.0
48 386 250751.0
49 480 255579.0
50 507 260216.0
51 483 265031.0
52 482 270004.0
53 514 274744.0
54 534 279408.0
55 544 284322.0
56 591 289137.0
57 669 293851.0
58 717 298646.0
59 705 303580.0
60 661 308573.0
61 627 313488.0
62 650 318426.0
63 702 323421.0
64 684 328280.0
65 712 332967.0
66 806 337827.0
67 843 342923.0
68 901 347619.0
69 879 352386.0
70 984 356963.0
71 991 361623.0
72 1027 366254.0
73 1099 370911.0
74 1128 375620.0
75 1127 380328.0
76 1094 384751.0
77 1102 389327.0
78 1160 393918.0
79 1234 398668.0
80 1253 403354.0
81 1304 407929.0
82 1362 412468.0
83 1424 417030.0
84 1459 421799.0
85 1479 426365.0
86 1516 430842.0
87 1496 435336.0
88 1464 439924.0
89 1502 444753.0
90 1571 449286.0
91 1722 453770.0
92 1797 458290.0
93 1868 462838.0
94 1819 467231.0
95 1855 471755.0
96 1907 476152.0
97 1912 480660.0
98 1997 485122.0
99 2056 489538.0
100 2014 493875.0
101 2058 498312.0
102 2123 502569.0
103 2207 506963.0
104 2189 511433.0
105 2202 515719.0
106 2428 520135.0
107 2529 524545.0
108 2533 528977.0
109 2665 533118.0
110 2835 537305.0
111 2692 541552.0
112 2657 545828.0
113 2704 549909.0
114 2889 554129.0
115 2953 558344.0
116 3029 562457.0
117 3036 566604.0
118 3091 570652.0
119 3018 574793.0
120 3072 579046.0
121 3225 583092.0
122 3220 587139.0
123 3284 591343.0
124 3314 595487.0
125 3446 599502.0
126 3558 603595.0
127 3632 607652.0
128 3653 611573.0
129 3659 615830.0
130 3631 619835.0
131 3649 623753.0
132 3814 627635.0
133 4112 631447.0
134 4213 635508.0
135 4079 639348.0
136 4126 643120.0
137 4112 646863.0
138 4348 650744.0
139 4333 654326.0
140 4351 658137.0
141 4336 662155.0
142 4418 665937.0
143 4559 669647.0
144 4781 673376.0
145 4884 677233.0
146 4877 680810.0
147 4805 684468.0
148 4872 688040.0
149 5105 691675.0
150 5370 695090.0
151 5383 698932.0
152 5303 702385.0
153 5167 705975.0
154 5158 709586.0
155 5417 712933.0
156 5749 716369.0
157 5952 719877.0
158 5950 723586.0
159 5733 727112.0
160 5894 730497.0
161 6054 733678.0
162 6113 737158.0
163 6156 740518.0
164 6077 743780.0
165 6108 747132.0
166 6300 750552.0
167 6429 753852.0
168 6594 756967.0
169 6708 759829.0
170 6639 763257.0
171 6446 766524.0
172 6662 769717.0
173 6563 772807.0
174 6805 775792.0
175 6940 778909.0
176 7095 781998.0
177 7192 785084.0
178 7268 787931.0
179 7588 790914.0
180 7814 793750.0
181 7877 796779.0
182 7561 799761.0
183 7618 802828.0
184 7597 806026.0
185 7907 808741.0
186 8504 811658.0
187 8473 814079.0
188 8551 817055.0
189 8267 819818.0
190 8542 822751.0
191 8669 825550.0
192 8801 828146.0
193 8953 830692.0
194 8898 833349.0
195 8765 835917.0
196 8928 838453.0
197 9057 841122.0
198 9257 843665.0
199 9549 845910.0
200 9646 843216.0
201 9120 836749.0
202 8398 830485.0
203 8188 824322.0
204 7896 818043.0
205 7691 812206.0
206 7392 806021.0
207 7325 800328.0
208 6857 794560.0
209 6664 788747.0
210 6761 782905.0
211 6827 777082.0
212 6865 771357.0
213 6562 765744.0
214 6533 759733.0
215 6841 753849.0
216 6794 747997.0
217 6641 742208.0
218 6529 736476.0
219 6626 730764.0
220 6692 724941.0
221 6796 719441.0
222 6779 713501.0
223 6771 707594.0
224 6593 701806.0
225 6676 695996.0
226 6700 690260.0
227 6657 684745.0
228 6468 679057.0
229 6235 673571.0
230 6279 667888.0
231 6580 662124.0
232 6685 656291.0
233 6839 650574.0
234 6592 645007.0
235 6388 639304.0
236 6441 633783.0
237 6415 627876.0
238 6585 622422.0
239 6316 617014.0
240 6069 611607.0
241 6232 606010.0
242 6456 600538.0
243 6626 594860.0
244 6706 589226.0
245 6582 584033.0
246 6436 578420.0
247 6837 572529.0
248 6948 566996.0
249 6832 561651.0
250 6630 556217.0
251 6468 550991.0
252 6225 545962.0
253 6071 540504.0
254 6421 535154.0
255 6541 529576.0
256 6600 524308.0
257 6293 518760.0
258 6321 513666.0
259 6220 508583.0
260 6353 503265.0
261 6237 497953.0
262 6096 492829.0
263 6003 487730.0
264 5902 482599.0
265 6164 477397.0
266 6262 472045.0
267 6140 466923.0
268 5961 462078.0
269 5908 457013.0
270 6012 451890.0
271 6101 446683.0
272 5885 441701.0
273 5729 436677.0
274 5795 431638.0
275 5791 426712.0
276 5959 421721.0
277 5979 416750.0
278 6053 411765.0
279 6141 406950.0
280 5913 402048.0
281 5973 397196.0
282 5692 392605.0
283 5477 387833.0
284 5460 383235.0
285 5562 378414.0
286 5748 373973.0
287 5770 368957.0
288 6114 364152.0
289 6000 359354.0
290 5866 354589.0
291 5871 349826.0
292 5676 345311.0
293 5620 340739.0
294 5605 336108.0
295 5741 331507.0
296 5752 326771.0
297 5589 322171.0
298 5339 317862.0
299 5290 313279.0
300 5405 309068.0
301 5183 304733.0
302 5182 300208.0
303 5437 295615.0
304 5479 291138.0
305 5382 286956.0
306 5258 282771.0
307 5182 278476.0
308 5010 274474.0
309 4798 270493.0
310 4798 266239.0
311 5077 261652.0
312 5213 257457.0
313 5000 253648.0
314 4660 249697.0
315 4576 245914.0
316 4475 241917.0
317 4582 237913.0
318 4753 234003.0
319 4622 229925.0
320 4552 226222.0
321 4416 222013.0
322 4490 218554.0
323 4234 214688.0
324 4268 211056.0
325 4173 207239.0
326 4211 203628.0
327 4226 199717.0
328 4420 196123.0
329 4522 192435.0
330 4515 188703.0
331 4487 185181.0
332 4337 181542.0
333 4337 177902.0
334 4362 174262.0
335 4410 170862.0
336 4186 167464.0
337 4043 164118.0
338 3870 160813.0
339 3848 157806.0
340 3658 154571.0
341 3631 151441.0
342 3666 148345.0
343 3592 145459.0
344 3658 142503.0
345 3485 139306.0
346 3477 136536.0
347 3384 133507.0
348 3348 130644.0
349 3226 127670.0
350 3240 124959.0
351 3266 121932.0
352 3344 119044.0
353 3377 116385.0
354 3242 113628.0
355 3083 111120.0
356 3077 108568.0
357 2953 106126.0
358 2756 103579.0
359 2742 101326.0
360 2604 98877.0
361 2566 96706.0
362 2462 94404.0
363 2515 92255.0
364 2397 90031.0
365 2375 87922.0
366 2305 85694.0
367 2267 83338.0
368 2358 81339.0
369 2306 79356.0
370 2280 77406.0
371 2162 75479.0
372 2119 73607.0
373 2088 71624.0
374 2091 69842.0
375 2052 68178.0
376 2047 66349.0
377 1973 64647.0
378 1971 62988.0
379 1992 61233.0
380 1957 59472.0
381 1931 57748.0
382 2018 56059.0
383 2023 54446.0
384 1889 53013.0
385 1746 51546.0
386 1662 50104.0
387 1632 48719.0
388 1578 47384.0
389 1515 46106.0
390 1418 44818.0
391 1319 43531.0
392 1241 42406.0
393 1233 41130.0
394 1210 39992.0
395 1100 38950.0
396 1010 38076.0
397 951 36968.0
398 884 36001.0
399 853 35074.0
400 803 34194.0
401 780 33284.0
402 762 32313.0
403 736 31483.0
404 691 30551.0
405 706 29658.0
406 715 28777.0
407 703 27883.0
408 734 27262.0
409 731 26473.0
410 687 25715.0
411 663 25051.0
412 651 24392.0
413 653 23891.0
414 660 23347.0
415 586 22556.0
416 532 21916.0
417 453 21350.0
418 397 20784.0
419 343 20454.0
420 352 19955.0
421 362 19394.0
422 365 18853.0
423 334 18374.0
424 326 18181.0
425 292 17603.0
426 292 17143.0
427 266 16785.0
428 246 16346.0
429 228 16007.0
430 208 15700.0
431 193 15457.0
432 174 15056.0
433 151 14798.0
434 136 14542.0
435 123 14337.0
436 123 14126.0
437 119 13823.0
438 125 13495.0
439 112 13212.0
440 96 13033.0
441 85 12771.0
442 74 12593.0
443 57 12381.0
444 51 12154.0
445 45 11944.0
446 48 11672.0
447 42 11450.0
448 38 11378.0
449 37 11240.0
450 44 10980.0
451 41 10861.0
452 31 10649.0
453 20 10574.0
454 17 10503.0
455 13 10288.0
456 13 10191.0
457 11 10107.0
458 16 10004.0
459 13 9847.0
460 10 9510.0
461 8 9427.0
462 5 9332.0
463 4 9332.0
464 2 9136.0
465 1 9015.0
466 1 8927.0
467 0 8962.0
468 0 8969.0
469 0 8941.0
470 0 8858.0
471 0 8792.0
472 0 8732.0
473 0 8579.0
474 0 8608.0
475 0 8446.0
476 0 8394.0
477 0 8332.0
478 0 8223.0
479 0 8080.0
480 0 8110.0
481 0 8119.0
482 0 8107.0
483 0 8054.0
484 0 8113.0
485 0 7964.0
486 0 8120.0
487 0 8065.0
488 0 7892.0
489 0 7947.0
490 0 7853.0
491 0 7746.0
492 0 7829.0
493 0 7839.0
494 0 7761.0
495 0 7621.0
496 0 7603.0
497 0 7753.0
498 0 7657.0
499 0 7594.0
500 0 7579.0
501 0 7511.0
502 0 7425.0
503 0 7388.0
504 0 7274.0
505 0 7420.0
506 0 7394.0
507 0 7420.0
508 0 7448.0
509 0 7425.0
510 0 7273.0
511 0 7306.0
512 0 7209.0
513 0 7184.0
514 0 7157.0
515 0 7150.0
516 0 7164.0
517 0 7267.0
518 0 7139.0
519 0 7106.0
520 0 7103.0
521 0 7136.0
522 0 7123.0
523 0 7152.0
524 0 7138.0
525 0 7213.0
526 0 7210.0
527 0 7206.0
528 0 7122.0
529 0 7035.0
530 0 6977.0
531 0 6973.0
532 0 7056.0
533 0 7044.0
534 0 7241.0
535 0 7276.0
536 0 7205.0
537 0 7192.0
538 0 7349.0
539 0 7410.0
540 0 7396.0
541 0 7456.0
542 0 7431.0
543 0 7336.0
544 0 7324.0
545 0 7287.0
546 0 7286.0
547 0 7248.0
548 0 7204.0
549 0 7070.0
550 0 6971.0
551 0 7066.0
552 0 6984.0
553 0 7216.0
554 0 7308.0
555 0 7229.0
556 0 7095.0
557 0 7107.0
558 0 7133.0
559 0 7102.0
560 0 7184.0
561 0 7157.0
562 0 7191.0
563 0 7211.0
564 0 7247.0
565 0 7168.0
566 0 7113.0
567 0 7269.0
568 0 7289.0
569 0 7296.0
570 0 7138.0
571 0 7151.0
572 0 7087.0
573 0 7144.0
574 0 6999.0
575 0 6949.0
576 0 7044.0
577 0 7101.0
578 0 7008.0
579 0 6937.0
580 0 6992.0
581 0 7009.0
582 0 7001.0
583 0 7020.0
584 0 6958.0
585 0 6956.0
586 0 7023.0
587 0 6969.0
588 0 7029.0
589 0 7160.0
590 0 7071.0
591 0 7023.0
592 0 7018.0
593 0 6994.0
594 0 7041.0
595 0 7081.0
596 0 7041.0
597 0 7113.0
598 0 7043.0
599 0 6932.0
600 0 6932.0
601 0 6932.0
602 0 6932.0
603 0 6932.0
604 0 6932.0
605 0 6932.0
606 0 6932.0
607 0 6932.0
608 0 6932.0
609 0 6932.0
610 0 6932.0
611 0 6932.0
612 0 6932.0
613 0 6932.0
614 0 6932.0
615 0 6932.0
616 0 6932.0
617 0 6932.0
618 0 6932.0
619 0 6932.0
620 0 6932.0
621 0 6932.0
622 0 6932.0
623 0 6932.0
624 0 6932.0
625 0 6932.0
626 0 6932.0
627 0 6932.0
628 0 6932.0
629 0 6932.0
630 0 6932.0
631 0 6932.0
632 0 6932.0
633 0 6932.0
634 0 6932.0
635 0 6932.0
636 0 6932.0
637 0 6932.0
638 0 6932.0
639 0 6932.0
640 0 6932.0
641 0 6932.0
642 0 6932.0
643 0 6932.0
644 0 6932.0
645 0 6932.0
646 0 6932.0
647 0 6932.0
648 0 6932.0
649 0 6932.0
650 0 6932.0
651 0 6932.0
652 0 6932.0
653 0 6932.0
654 0 6932.0
655 0 6932.0
656 0 6932.0
657 0 6932.0
658 0 6932.0
659 0 6932.0
660 0 6932.0
661 0 6932.0
662 0 6932.0
663 0 6932.0
664 0 6932.0
665 0 6932.0
666 0 6932.0
667 0 6932.0
668 0 6932.0
669 0 6932.0
670 0 6932.0
671 0 6932.0
672 0 6932.0
673 0 6932.0
674 0 6932.0
675 0 6932.0
676 0 6932.0
677 0 6932.0
678 0 6932.0
679 0 6932.0
680 0 6932.0
681 0 6932.0
682 0 6932.0
683 0 6932.0
684 0 6932.0
685 0 6932.0
686 0 6932.0
687 0 6932.0
688 0 6932.0
689 0 6932.0
690 0 6932.0
691 0 6932.0
692 0 6932.0
693 0 6932.0
694 0 6932.0
695 0 6932.0
696 0 6932.0
697 0 6932.0
698 0 6932.0
699 0 6932.0
700 0 6932.0
701 0 6932.0
702 0 6932.0
703 0 6932.0
704 0 6932.0
705 0 6932.0
706 0 6932.0
707 0 6932.0
708 0 6932.0
709 0 6932.0
710 0 6932.0
711 0 6932.0
712 0 6932.0
713 0 6932.0
714 0 6932.0
715 0 6932.0
716 0 6932.0
717 0 6932.0
718 0 6932.0
719 0 6932.0
720 0 6932.0
721 0 6932.0
722 0 6932.0
723 0 6932.0
724 0 6932.0
725 0 6932.0
726 0 6932.0
727 0 6932.0
728 0 6932.0
729 0 6932.0
730 0 6932.0
731 0 6932.0
732 0 6932.0
733 0 6932.0
734 0 6932.0
735 0 6932.0
736 0 6932.0
737 0 6932.0
738 0 6932.0
739 0 6932.0
740 0 6932.0
741 0 6932.0
742 0 6932.0
743 0 6932.0
744 0 6932.0
745 0 6932.0
746 0 6932.0
747 0 6932.0
748 0 6932.0
749 0 6932.0
750 0 6932.0
751 0 6932.0
752 0 6932.0
753 0 6932.0
754 0 6932.0
755 0 6932.0
756 0 6932.0
757 0 6932.0
758 0 6932.0
759 0 6932.0
760 0 6932.0
761 0 6932.0
762 0 6932.0
763 0 6932.0
764 0 6932.0
765 0 6932.0
766 0 6932.0
767 0 6932.0
768 0 6932.0
769 0 6932.0
770 0 6932.0
771 0 6932.0
772 0 6932.0
773 0 6932.0
774 0 6932.0
775 0 6932.0
776 0 6932.0
777 0 6932.0
778 0 6932.0
779 0 6932.0
780 0 6932.0
781 0 6932.0
782 0 6932.0
783 0 6932.0
784 0 6932.0
785 0 6932.0
786 0 6932.0
787 0 6932.0
788 0 6932.0
789 0 6932.0
790 0 6932.0
791 0 6932.0
792 0 6932.0
793 0 6932.0
794 0 6932.0
795 0 6932.0
796 0 6932.0
797 0 6932.0
798 0 6932.0
799 0 6932.0
800 0 6932.0
801 0 6932.0
802 0 6932.0
803 0 6932.0
804 0 6932.0
805 0 6932.0
806 0 6932.0
807 0 6932.0
808 0 6932.0
809 0 6932.0
810 0 6932.0
811 0 6932.0
812 0 6932.0
813 0 6932.0
814 0 6932.0
815 0 6932.0
816 0 6932.0
817 0 6932.0
818 0 6932.0
819 0 6932.0
820 0 6932.0
821 0 6932.0
822 0 6932.0
823 0 6932.0
824 0 6932.0
825 0 6932.0
826 0 6932.0
827 0 6932.0
828 0 6932.0
829 0 6932.0
830 0 6932.0
831 0 6932.0
832 0 6932.0
833 0 6932.0
834 0 6932.0
835 0 6932.0
836 0 6932.0
837 0 6932.0
838 0 6932.0
839 0 6932.0
840 0 6932.0
841 0 6932.0
842 0 6932.0
843 0 6932.0
844 0 6932.0
845 0 6932.0
846 0 6932.0
847 0 6932.0
848 0 6932.0
849 0 6932.0
850 0 6932.0
851 0 6932.0
852 0 6932.0
853 0 6932.0
854 0 6932.0
855 0 6932.0
856 0 6932.0
857 0 6932.0
858 0 6932.0
859 0 6932.0
860 0 6932.0
861 0 6932.0
862 0 6932.0
863 0 6932.0
864 0 6932.0
865 0 6932.0
866 0 6932.0
867 0 6932.0
868 0 6932.0
869 0 6932.0
870 0 6932.0
871 0 6932.0
872 0 6932.0
873 0 6932.0
874 0 6932.0
875 0 6932.0
876 0 6932.0
877 0 6932.0
878 0 6932.0
879 0 6932.0
880 0 6932.0
881 0 6932.0
882 0 6932.0
883 0 6932.0
884 0 6932.0
885 0 6932.0
886 0 6932.0
887 0 6932.0
888 0 6932.0
889 0 6932.0
890 0 6932.0
891 0 6932.0
892 0 6932.0
893 0 6932.0
894 0 6932.0
895 0 6932.0
896 0 6932.0
897 0 6932.0
898 0 6932.0
899 0 6932.0
900 0 6932.0
901 0 6932.0
902 0 6932.0
903 0 6932.0
904 0 6932.0
905 0 6932.0
906 0 6932.0
907 0 6932.0
908 0 6932.0
909 0 6932.0
910 0 6932.0
911 0 6932.0
912 0 6932.0
913 0 6932.0
914 0 6932.0
915 0 6932.0
916 0 6932.0
917 0 6932.0
918 0 6932.0
919 0 6932.0
920 0 6932.0
921 0 6932.0
922 0 6932.0
923 0 6932.0
924 0 6932.0
925 0 6932.0
926 0 6932.0
927 0 6932.0
928 0 6932.0
929 0 6932.0
930 0 6932.0
931 0 6932.0
932 0 6932.0
933 0 6932.0
934 0 6932.0
935 0 6932.0
936 0 6932.0
937 0 6932.0
938 0 6932.0
939 0 6932.0
940 0 6932.0
941 0 6932.0
942 0 6932.0
943 0 6932.0
944 0 6932.0
945 0 6932.0
946 0 6932.0
947 0 6932.0
948 0 6932.0
949 0 6932.0
950 0 6932.0
951 0 6932.0
952 0 6932.0
953 0 6932.0
954 0 6932.0
955 0 6932.0
956 0 6932.0
957 0 6932.0
958 0 6932.0
959 0 6932.0
960 0 6932.0
961 0 6932.0
962 0 6932.0
963 0 6932.0
964 0 6932.0
965 0 6932.0
966 0 6932.0
967 0 6932.0
968 0 6932.0
969 0 6932.0
970 0 6932.0
971 0 6932.0
972 0 6932.0
973 0 6932.0
974 0 6932.0
975 0 6932.0
976 0 6932.0
977 0 6932.0
978 0 6932.0
979 0 6932.0
980 0 6932.0
981 0 6932.0
982 0 6932.0
983 0 6932.0
984 0 6932.0
985 0 6932.0
986 0 6932.0
987 0 6932.0
988 0 6932.0
989 0 6932.0
990 0 6932.0
991 0 6932.0
992 0 6932.0
993 0 6932.0
994 0 6932.0
995 0 6932.0
996 0 6932.0
997 0 6932.0
998 0 6932.0
999 0 6932.0
1000 0 6932.0
