1 1 14957.0
2 2 20498.0
3 2 26126.0
4 4 31508.0
5 3 36819.0
6 4 42180.0
7 4 47594.0
8 3 52611.0
9 6 57569.0
10 5 62632.0
11 8 67799.0
12 8 72952.0
13 8 78181.0
14 8 83293.0
15 15 88441.0
16 15 93396.0
17 27 98400.0
18 21 103416.0
19 23 108306.0
20 24 113355.0
21 30 118177.0
22 35 123127.0
23 41 128041.0
24 48 133052.0
25 52 137870.0
26 70 142993.0
27 61 148236.0
28 82 153317.0
29 83 158153.0
30 108 163216.0
31 108 168138.0
32 125 173190.0
33 129 178294.0
34 137 183349.0
35 136 188346.0
36 149 193203.0
37 176 198136.0
38 203 203050.0
39 217 207797.0
40 235 212769.0
41 248 217539.0
42 264 222666.0
43 268 227528.0
44 289 232406.0
45 313 237234.0
46 349 242139.0
47 395 247041.0
48 376 251738.0
49 354 256380.0
50 382 261242.0
51 399 266105.0
52 482 271011.0
53 501 275679.0
54 484 280481.0
55 509 285371.0
56 545 290305.0
57 528 295111.0
58 542 300105.0
59 569 304907.0
60 622 309754.0
61 620 314594.0
62 616 319440.0
63 641 324198.0
64 730 329002.0
65 805 333696.0
66 881 338680.0
67 868 343397.0
68 851 348228.0
69 814 353083.0
70 875 357593.0
71 1002 362238.0
72 1015 367095.0
73 1009 371768.0
74 1087 376552.0
75 1078 381126.0
76 1159 385742.0
77 1245 390483.0
78 1276 395235.0
79 1281 400022.0
80 1221 404761.0
81 1200 409618.0
82 1195 414458.0
83 1242 419317.0
84 1300 423785.0
85 1424 428449.0
86 1468 433183.0
87 1498 437669.0
88 1551 442401.0
89 1583 446922.0
90 1616 451461.0
91 1669 456043.0
92 1786 460471.0
93 1836 464739.0
94 1921 469130.0
95 1994 473658.0
96 2027 478012.0
97 2016 482425.0
98 2038 487013.0
99 2109 491556.0
100 2173 496141.0
101 2204 500555.0
102 2249 504905.0
103 2249 509415.0
104 2254 513675.0
105 2337 518121.0
106 2449 522432.0
107 2536 526509.0
108 2558 530896.0
109 2501 535103.0
110 2450 539550.0
111 2447 544034.0
112 2644 548224.0
113 2861 552416.0
114 2944 556792.0
115 2860 560830.0
116 2873 565282.0
117 2824 569600.0
118 2926 573964.0
119 2940 578147.0
120 3025 582218.0
121 3232 586187.0
122 3346 590511.0
123 3299 594442.0
124 3298 598602.0
125 3291 602636.0
126 3510 606938.0
127 3690 610890.0
128 3611 614961.0
129 3628 618910.0
130 3750 622944.0
131 3921 626847.0
132 4098 630654.0
133 4084 634428.0
134 4007 638372.0
135 4073 642358.0
136 4172 646233.0
137 4232 649932.0
138 4478 653705.0
139 4510 657334.0
140 4444 661294.0
141 4277 665055.0
142 4399 669017.0
143 4519 672755.0
144 4588 676666.0
145 4551 680431.0
146 4784 684228.0
147 4757 687866.0
148 4810 691570.0
149 4915 695040.0
150 5023 698537.0
151 5250 702099.0
152 5327 705720.0
153 5346 709357.0
154 5402 713073.0
155 5375 716756.0
156 5585 720228.0
157 5738 723606.0
158 5854 726807.0
159 5939 730119.0
160 5942 733553.0
161 6149 736803.0
162 6371 740154.0
163 6469 743446.0
164 6390 746701.0
165 6225 750168.0
166 6101 753516.0
167 6155 756952.0
168 6394 760117.0
169 6827 763248.0
170 6927 766714.0
171 6907 769806.0
172 6942 773168.0
173 6736 776352.0
174 6694 779822.0
175 6843 782505.0
176 7032 785869.0
177 7035 788766.0
178 7459 791970.0
179 7712 794627.0
180 7747 797918.0
181 7455 800756.0
182 7521 803871.0
183 7379 806497.0
184 7823 809323.0
185 7951 811970.0
186 8414 814664.0
187 8612 817437.0
188 8331 820277.0
189 8335 823248.0
190 8191 825800.0
191 8622 828646.0
192 8804 831151.0
193 9197 833614.0
194 9129 836340.0
195 8855 838920.0
196 8895 841425.0
197 8952 844031.0
198 9167 846447.0
199 9557 848887.0
200 9688 845998.0
201 9235 839399.0
202 8536 832988.0
203 8189 826918.0
204 7618 820899.0
205 7306 815012.0
206 7224 809069.0
207 7062 803139.0
208 6979 797114.0
209 7114 790957.0
210 7177 785099.0
211 6842 779157.0
212 6836 773458.0
213 6523 767695.0
214 6552 762007.0
215 6638 756257.0
216 6642 750522.0
217 6740 744540.0
218 6971 738683.0
219 6998 732914.0
220 6773 727150.0
221 6578 721266.0
222 6439 715639.0
223 6426 709771.0
224 6667 704000.0
225 6767 698168.0
226 6686 692545.0
227 6557 686805.0
228 6576 681293.0
229 6557 675422.0
230 6872 669767.0
231 6971 663969.0
232 6978 658126.0
233 6922 652565.0
234 6785 647068.0
235 6758 641346.0
236 6703 635739.0
237 6439 630123.0
238 6503 624576.0
239 6780 618925.0
240 6803 613263.0
241 6861 607610.0
242 6868 601997.0
243 6687 596441.0
244 6565 591110.0
245 6349 585888.0
246 6341 580405.0
247 6419 574909.0
248 6631 569448.0
249 6667 563912.0
250 6606 558528.0
251 6544 553364.0
252 6459 547747.0
253 6592 542232.0
254 6480 536673.0
255 6462 531306.0
256 6417 525942.0
257 6429 520673.0
258 6511 515476.0
259 6268 510220.0
260 6164 505029.0
261 6101 499723.0
262 6149 494566.0
263 6207 489409.0
264 6158 484155.0
265 6333 478971.0
266 6261 473977.0
267 6080 468848.0
268 6034 463840.0
269 5958 458771.0
270 5803 453664.0
271 5907 448805.0
272 5961 443647.0
273 5848 438699.0
274 5735 433911.0
275 5773 429128.0
276 5873 424379.0
277 5730 419544.0
278 5698 414627.0
279 5713 409951.0
280 5685 405143.0
281 5655 400572.0
282 5452 395689.0
283 5543 390717.0
284 5952 386066.0
285 5823 381250.0
286 5582 376692.0
287 5423 372151.0
288 5372 367418.0
289 5594 362808.0
290 5677 358054.0
291 5674 353388.0
292 5584 348519.0
293 5594 344106.0
294 5466 339465.0
295 5424 334858.0
296 5428 330353.0
297 5500 325706.0
298 5593 321201.0
299 5647 316563.0
300 5591 312026.0
301 5487 307650.0
302 5491 303259.0
303 5358 298865.0
304 5403 294310.0
305 5432 289940.0
306 5242 285356.0
307 5253 280890.0
308 5306 276734.0
309 5087 272602.0
310 4944 268457.0
311 5030 264453.0
312 4966 260145.0
313 4975 256181.0
314 4919 252026.0
315 4980 247982.0
316 4950 244198.0
317 4815 240180.0
318 4643 236216.0
319 4730 232419.0
320 4644 228477.0
321 4572 224689.0
322 4467 220637.0
323 4581 216570.0
324 4678 212783.0
325 4722 208944.0
326 4774 205096.0
327 4697 201424.0
328 4585 197657.0
329 4429 193876.0
330 4371 190164.0
331 4452 186702.0
332 4449 183163.0
333 4443 179807.0
334 4193 176342.0
335 4050 172978.0
336 3992 169487.0
337 3997 165864.0
338 3908 162639.0
339 3616 159637.0
340 3533 156597.0
341 3501 153370.0
342 3585 150295.0
343 3500 147124.0
344 3529 144229.0
345 3445 141275.0
346 3363 138257.0
347 3379 135277.0
348 3390 132209.0
349 3381 129305.0
350 3323 126444.0
351 3291 123561.0
352 3412 120623.0
353 3392 117782.0
354 3369 115024.0
355 3285 112230.0
356 3208 109578.0
357 3150 106910.0
358 3117 104361.0
359 3046 101660.0
360 3002 99077.0
361 2979 96739.0
362 2990 94362.0
363 2973 92041.0
364 2945 89697.0
365 2759 87478.0
366 2683 85431.0
367 2560 83268.0
368 2454 81260.0
369 2271 79256.0
370 2274 77361.0
371 2214 75399.0
372 2264 73389.0
373 2275 71341.0
374 2248 69434.0
375 2183 67602.0
376 2117 65762.0
377 2126 64020.0
378 2063 62335.0
379 1899 60736.0
380 1750 59086.0
381 1718 57554.0
382 1694 56068.0
383 1680 54522.0
384 1596 53019.0
385 1639 51651.0
386 1656 50163.0
387 1635 48782.0
388 1584 47468.0
389 1589 46307.0
390 1507 44841.0
391 1473 43697.0
392 1352 42611.0
393 1242 41435.0
394 1152 40304.0
395 1121 39067.0
396 1068 38091.0
397 1071 37014.0
398 1035 36020.0
399 1024 35248.0
400 1005 34194.0
401 999 33182.0
402 930 32202.0
403 886 31170.0
404 891 30289.0
405 890 29498.0
406 860 28732.0
407 783 27921.0
408 656 27339.0
409 564 26688.0
410 545 25950.0
411 523 25368.0
412 512 24756.0
413 488 24163.0
414 484 23494.0
415 447 23118.0
416 452 22483.0
417 438 21919.0
418 406 21577.0
419 426 21063.0
420 415 20640.0
421 403 20082.0
422 368 19589.0
423 337 19222.0
424 307 18850.0
425 278 18454.0
426 240 18008.0
427 211 17533.0
428 195 17140.0
429 195 16848.0
430 190 16438.0
431 200 16098.0
432 178 15717.0
433 138 15417.0
434 123 15161.0
435 108 14936.0
436 113 14639.0
437 108 14300.0
438 105 14181.0
439 78 13870.0
440 69 13698.0
441 56 13411.0
442 43 13190.0
443 34 12985.0
444 28 12868.0
445 26 12719.0
446 24 12494.0
447 23 12286.0
448 21 12079.0
449 28 11889.0
450 27 11666.0
451 25 11630.0
452 16 11542.0
453 16 11271.0
454 12 10994.0
455 10 10887.0
456 8 10636.0
457 7 10591.0
458 7 10375.0
459 6 10298.0
460 7 10297.0
461 5 10038.0
462 3 9932.0
463 5 9800.0
464 5 9708.0
465 3 9657.0
466 2 9614.0
467 1 9488.0
468 0 9335.0
469 0 9311.0
470 0 9139.0
471 0 9027.0
472 0 8946.0
473 0 8849.0
474 0 8817.0
475 0 8809.0
476 0 8771.0
477 0 8799.0
478 0 8745.0
479 0 8676.0
480 0 8719.0
481 0 8529.0
482 0 8413.0
483 0 8440.0
484 0 8343.0
485 0 8344.0
486 0 8360.0
487 0 8313.0
488 0 8330.0
489 0 8175.0
490 0 8020.0
491 0 7994.0
492 0 8057.0
493 0 8024.0
494 0 8042.0
495 0 8029.0
496 0 7932.0
497 0 7805.0
498 0 7898.0
499 0 7856.0
500 0 7796.0
501 0 7807.0
502 0 7714.0
503 0 7796.0
504 0 7843.0
505 0 7736.0
506 0 7725.0
507 0 7685.0
508 0 7594.0
509 0 7530.0
510 0 7422.0
511 0 7430.0
512 0 7420.0
513 0 7352.0
514 0 7370.0
515 0 7388.0
516 0 7239.0
517 0 7179.0
518 0 7303.0
519 0 7256.0
520 0 7253.0
521 0 7205.0
522 0 7249.0
523 0 7197.0
524 0 7202.0
525 0 7264.0
526 0 7229.0
527 0 7124.0
528 0 7153.0
529 0 7137.0
530 0 7127.0
531 0 7158.0
532 0 7079.0
533 0 7001.0
534 0 7063.0
535 0 7152.0
536 0 7102.0
537 0 6998.0
538 0 6984.0
539 0 7168.0
540 0 7123.0
541 0 7249.0
542 0 7253.0
543 0 7301.0
544 0 7350.0
545 0 7194.0
546 0 7312.0
547 0 7267.0
548 0 7256.0
549 0 7187.0
550 0 7199.0
551 0 7265.0
552 0 7257.0
553 0 7355.0
554 0 7350.0
555 0 7263.0
556 0 7288.0
557 0 7223.0
558 0 7327.0
559 0 7232.0
560 0 7089.0
561 0 7196.0
562 0 7188.0
563 0 7226.0
564 0 7221.0
565 0 7147.0
566 0 7134.0
567 0 7205.0
568 0 7228.0
569 0 7181.0
570 0 7136.0
571 0 7142.0
572 0 7071.0
573 0 7030.0
574 0 7065.0
575 0 7151.0
576 0 7079.0
577 0 7160.0
578 0 7036.0
579 0 7133.0
580 0 7000.0
581 0 7104.0
582 0 7230.0
583 0 7214.0
584 0 7176.0
585 0 7047.0
586 0 6885.0
587 0 7016.0
588 0 7088.0
589 0 7010.0
590 0 7031.0
591 0 7019.0
592 0 7056.0
593 0 7114.0
594 0 7074.0
595 0 7004.0
596 0 7044.0
597 0 7013.0
598 0 7010.0
599 0 7032.0
600 0 7032.0
601 0 7032.0
602 0 7032.0
603 0 7032.0
604 0 7032.0
605 0 7032.0
606 0 7032.0
607 0 7032.0
608 0 7032.0
609 0 7032.0
610 0 7032.0
611 0 7032.0
612 0 7032.0
613 0 7032.0
614 0 7032.0
615 0 7032.0
616 0 7032.0
617 0 7032.0
618 0 7032.0
619 0 7032.0
620 0 7032.0
621 0 7032.0
622 0 7032.0
623 0 7032.0
624 0 7032.0
625 0 7032.0
626 0 7032.0
627 0 7032.0
628 0 7032.0
629 0 7032.0
630 0 7032.0
631 0 7032.0
632 0 7032.0
633 0 7032.0
634 0 7032.0
635 0 7032.0
636 0 7032.0
637 0 7032.0
638 0 7032.0
639 0 7032.0
640 0 7032.0
641 0 7032.0
642 0 7032.0
643 0 7032.0
644 0 7032.0
645 0 7032.0
646 0 7032.0
647 0 7032.0
648 0 7032.0
649 0 7032.0
650 0 7032.0
651 0 7032.0
652 0 7032.0
653 0 7032.0
654 0 7032.0
655 0 7032.0
656 0 7032.0
657 0 7032.0
658 0 7032.0
659 0 7032.0
660 0 7032.0
661 0 7032.0
662 0 7032.0
663 0 7032.0
664 0 7032.0
665 0 7032.0
666 0 7032.0
667 0 7032.0
668 0 7032.0
669 0 7032.0
670 0 7032.0
671 0 7032.0
672 0 7032.0
673 0 7032.0
674 0 7032.0
675 0 7032.0
676 0 7032.0
677 0 7032.0
678 0 7032.0
679 0 7032.0
680 0 7032.0
681 0 7032.0
682 0 7032.0
683 0 7032.0
684 0 7032.0
685 0 7032.0
686 0 7032.0
687 0 7032.0
688 0 7032.0
689 0 7032.0
690 0 7032.0
691 0 7032.0
692 0 7032.0
693 0 7032.0
694 0 7032.0
695 0 7032.0
696 0 7032.0
697 0 7032.0
698 0 7032.0
699 0 7032.0
700 0 7032.0
701 0 7032.0
702 0 7032.0
703 0 7032.0
704 0 7032.0
705 0 7032.0
706 0 7032.0
707 0 7032.0
708 0 7032.0
709 0 7032.0
710 0 7032.0
711 0 7032.0
712 0 7032.0
713 0 7032.0
714 0 7032.0
715 0 7032.0
716 0 7032.0
717 0 7032.0
718 0 7032.0
719 0 7032.0
720 0 7032.0
721 0 7032.0
722 0 7032.0
723 0 7032.0
724 0 7032.0
725 0 7032.0
726 0 7032.0
727 0 7032.0
728 0 7032.0
729 0 7032.0
730 0 7032.0
731 0 7032.0
732 0 7032.0
733 0 7032.0
734 0 7032.0
735 0 7032.0
736 0 7032.0
737 0 7032.0
738 0 7032.0
739 0 7032.0
740 0 7032.0
741 0 7032.0
742 0 7032.0
743 0 7032.0
744 0 7032.0
745 0 7032.0
746 0 7032.0
747 0 7032.0
748 0 7032.0
749 0 7032.0
750 0 7032.0
751 0 7032.0
752 0 7032.0
753 0 7032.0
754 0 7032.0
755 0 7032.0
756 0 7032.0
757 0 7032.0
758 0 7032.0
759 0 7032.0
760 0 7032.0
761 0 7032.0
762 0 7032.0
763 0 7032.0
764 0 7032.0
765 0 7032.0
766 0 7032.0
767 0 7032.0
768 0 7032.0
769 0 7032.0
770 0 7032.0
771 0 7032.0
772 0 7032.0
773 0 7032.0
774 0 7032.0
775 0 7032.0
776 0 7032.0
777 0 7032.0
778 0 7032.0
779 0 7032.0
780 0 7032.0
781 0 7032.0
782 0 7032.0
783 0 7032.0
784 0 7032.0
785 0 7032.0
786 0 7032.0
787 0 7032.0
788 0 7032.0
789 0 7032.0
790 0 7032.0
791 0 7032.0
792 0 7032.0
793 0 7032.0
794 0 7032.0
795 0 7032.0
796 0 7032.0
797 0 7032.0
798 0 7032.0
799 0 7032.0
800 0 7032.0
801 0 7032.0
802 0 7032.0
803 0 7032.0
804 0 7032.0
805 0 7032.0
806 0 7032.0
807 0 7032.0
808 0 7032.0
809 0 7032.0
810 0 7032.0
811 0 7032.0
812 0 7032.0
813 0 7032.0
814 0 7032.0
815 0 7032.0
816 0 7032.0
817 0 7032.0
818 0 7032.0
819 0 7032.0
820 0 7032.0
821 0 7032.0
822 0 7032.0
823 0 7032.0
824 0 7032.0
825 0 7032.0
826 0 7032.0
827 0 7032.0
828 0 7032.0
829 0 7032.0
830 0 7032.0
831 0 7032.0
832 0 7032.0
833 0 7032.0
834 0 7032.0
835 0 7032.0
836 0 7032.0
837 0 7032.0
838 0 7032.0
839 0 7032.0
840 0 7032.0
841 0 7032.0
842 0 7032.0
843 0 7032.0
844 0 7032.0
845 0 7032.0
846 0 7032.0
847 0 7032.0
848 0 7032.0
849 0 7032.0
850 0 7032.0
851 0 7032.0
852 0 7032.0
853 0 7032.0
854 0 7032.0
855 0 7032.0
856 0 7032.0
857 0 7032.0
858 0 7032.0
859 0 7032.0
860 0 7032.0
861 0 7032.0
862 0 7032.0
863 0 7032.0
864 0 7032.0
865 0 7032.0
866 0 7032.0
867 0 7032.0
868 0 7032.0
869 0 7032.0
870 0 7032.0
871 0 7032.0
872 0 7032.0
873 0 7032.0
874 0 7032.0
875 0 7032.0
876 0 7032.0
877 0 7032.0
878 0 7032.0
879 0 7032.0
880 0 7032.0
881 0 7032.0
882 0 7032.0
883 0 7032.0
884 0 7032.0
885 0 7032.0
886 0 7032.0
887 0 7032.0
888 0 7032.0
889 0 7032.0
890 0 7032.0
891 0 7032.0
892 0 7032.0
893 0 7032.0
894 0 7032.0
895 0 7032.0
896 0 7032.0
897 0 7032.0
898 0 7032.0
899 0 7032.0
900 0 7032.0
901 0 7032.0
902 0 7032.0
903 0 7032.0
904 0 7032.0
905 0 7032.0
906 0 7032.0
907 0 7032.0
908 0 7032.0
909 0 7032.0
910 0 7032.0
911 0 7032.0
912 0 7032.0
913 0 7032.0
914 0 7032.0
915 0 7032.0
916 0 7032.0
917 0 7032.0
918 0 7032.0
919 0 7032.0
920 0 7032.0
921 0 7032.0
922 0 7032.0
923 0 7032.0
924 0 7032.0
925 0 7032.0
926 0 7032.0
927 0 7032.0
928 0 7032.0
929 0 7032.0
930 0 7032.0
931 0 7032.0
932 0 7032.0
933 0 7032.0
934 0 7032.0
935 0 7032.0
936 0 7032.0
937 0 7032.0
938 0 7032.0
939 0 7032.0
940 0 7032.0
941 0 7032.0
942 0 7032.0
943 0 7032.0
944 0 7032.0
945 0 7032.0
946 0 7032.0
947 0 7032.0
948 0 7032.0
949 0 7032.0
950 0 7032.0
951 0 7032.0
952 0 7032.0
953 0 7032.0
954 0 7032.0
955 0 7032.0
956 0 7032.0
957 0 7032.0
958 0 7032.0
959 0 7032.0
960 0 7032.0
961 0 7032.0
962 0 7032.0
963 0 7032.0
964 0 7032.0
965 0 7032.0
966 0 7032.0
967 0 7032.0
968 0 7032.0
969 0 7032.0
970 0 7032.0
971 0 7032.0
972 0 7032.0
973 0 7032.0
974 0 7032.0
975 0 7032.0
976 0 7032.0
977 0 7032.0
978 0 7032.0
979 0 7032.0
980 0 7032.0
981 0 7032.0
982 0 7032.0
983 0 7032.0
984 0 7032.0
985 0 7032.0
986 0 7032.0
987 0 7032.0
988 0 7032.0
989 0 7032.0
990 0 7032.0
991 0 7032.0
992 0 7032.0
993 0 7032.0
994 0 7032.0
995 0 7032.0
996 0 7032.0
997 0 7032.0
998 0 7032.0
999 0 7032.0
1000 0 7032.0
