1 1 14874.0
2 2 20453.0
3 2 25801.0
4 2 31163.0
5 2 36342.0
6 4 41616.0
7 3 46659.0
8 5 51898.0
9 5 56959.0
10 6 61862.0
11 9 66977.0
12 9 71941.0
13 7 77213.0
14 10 82269.0
15 12 87216.0
16 17 92108.0
17 21 97074.0
18 25 102197.0
19 29 107149.0
20 31 112104.0
21 36 117084.0
22 37 122160.0
23 46 127104.0
24 47 132081.0
25 61 136853.0
26 52 141675.0
27 71 146883.0
28 75 151905.0
29 82 156876.0
30 98 161986.0
31 104 167009.0
32 131 172025.0
33 136 177052.0
34 164 182064.0
35 160 186967.0
36 161 192104.0
37 168 197080.0
38 170 202200.0
39 197 207121.0
40 210 211994.0
41 231 216896.0
42 266 221837.0
43 298 226662.0
44 339 231701.0
45 347 236636.0
46 354 241511.0
47 331 246465.0
48 385 251243.0
49 429 255825.0
50 464 260725.0
51 479 265781.0
52 494 270428.0
53 460 275257.0
54 467 279760.0
55 478 284592.0
56 521 289579.0
57 550 294263.0
58 603 298868.0
59 650 303574.0
60 698 308337.0
61 724 313160.0
62 718 317884.0
63 701 322757.0
64 716 327322.0
65 765 331968.0
66 808 336698.0
67 872 341488.0
68 847 346063.0
69 886 351047.0
70 835 355717.0
71 886 360476.0
72 899 365229.0
73 989 370064.0
74 1037 374940.0
75 1099 379642.0
76 1083 384289.0
77 1101 389137.0
78 1125 393781.0
79 1269 398349.0
80 1330 402831.0
81 1261 407433.0
82 1247 412104.0
83 1277 416922.0
84 1374 421485.0
85 1408 425982.0
86 1392 430711.0
87 1375 435283.0
88 1370 439940.0
89 1457 444627.0
90 1541 449058.0
91 1630 453618.0
92 1682 458232.0
93 1662 462895.0
94 1725 467352.0
95 1665 471842.0
96 1748 476451.0
97 1769 480845.0
98 1943 485266.0
99 2060 489700.0
100 2158 494053.0
101 2198 498531.0
102 2166 502819.0
103 2176 507149.0
104 2197 511455.0
105 2410 515743.0
106 2396 519886.0
107 2537 524454.0
108 2585 528798.0
109 2536 532995.0
110 2540 537449.0
111 2624 541680.0
112 2718 546061.0
113 2570 550160.0
114 2589 554623.0
115 2683 558728.0
116 2708 563011.0
117 2775 567340.0
118 2812 571625.0
119 2901 575774.0
120 3020 580089.0
121 3035 584238.0
122 3068 588241.0
123 3124 592219.0
124 3128 596389.0
125 3318 600364.0
126 3410 604482.0
127 3566 608539.0
128 3644 612745.0
129 3567 616990.0
130 3699 621003.0
131 3586 624972.0
132 3705 628824.0
133 3793 632881.0
134 3785 636652.0
135 4021 640865.0
136 4015 644967.0
137 4096 649088.0
138 4035 652820.0
139 4013 656716.0
140 4179 660554.0
141 4421 664307.0
142 4456 668509.0
143 4293 672302.0
144 4587 676190.0
145 4631 679889.0
146 4706 683790.0
147 4778 687397.0
148 4985 691063.0
149 5051 694893.0
150 4919 698570.0
151 4993 701817.0
152 5281 705288.0
153 5405 708864.0
154 5544 712437.0
155 5498 715670.0
156 5551 719457.0
157 5482 722998.0
158 5646 726525.0
159 5751 729918.0
160 5748 733316.0
161 5745 736853.0
162 5837 740031.0
163 6004 743208.0
164 6238 746558.0
165 6300 749771.0
166 6302 753146.0
167 6196 756509.0
168 6313 759756.0
169 6527 762870.0
170 6657 765823.0
171 6862 769144.0
172 6937 772115.0
173 7019 775431.0
174 6956 778271.0
175 7026 781729.0
176 7078 784692.0
177 7297 787890.0
178 7220 790860.0
179 7422 793759.0
180 7484 796415.0
181 7657 799132.0
182 7734 801984.0
183 7650 804820.0
184 7807 807581.0
185 7937 810355.0
186 8078 812995.0
187 8194 815813.0
188 7909 818679.0
189 7883 821567.0
190 8019 824330.0
191 8485 827138.0
192 8620 829815.0
193 8586 832497.0
194 8660 835202.0
195 8761 838046.0
196 8947 840588.0
197 9040 843121.0
198 9175 845526.0
199 9271 848152.0
200 9399 845312.0
201 9132 838556.0
202 8679 831969.0
203 8342 826036.0
204 7826 819705.0
205 7437 813824.0
206 7089 807969.0
207 6968 801916.0
208 6853 796232.0
209 6790 790293.0
210 6840 784415.0
211 6675 778321.0
212 6632 772544.0
213 6543 766694.0
214 6592 760890.0
215 6623 755098.0
216 6683 749263.0
217 6743 743590.0
218 6420 737841.0
219 6257 732231.0
220 6508 726488.0
221 6447 720443.0
222 6616 714772.0
223 6650 709090.0
224 6702 703018.0
225 6751 697362.0
226 6590 691664.0
227 6479 686059.0
228 6384 680205.0
229 6648 674390.0
230 6938 668685.0
231 6857 662896.0
232 6814 657331.0
233 6587 651678.0
234 6567 645730.0
235 6514 640108.0
236 6413 634467.0
237 6497 628906.0
238 6595 623221.0
239 6504 617592.0
240 6522 611793.0
241 6602 606498.0
242 6402 600899.0
243 6343 595446.0
244 6467 589725.0
245 6496 584130.0
246 6491 578539.0
247 6540 573329.0
248 6334 567806.0
249 6453 562090.0
250 6584 556534.0
251 6392 551115.0
252 6304 545863.0
253 6296 540269.0
254 6442 535068.0
255 6276 529563.0
256 6352 524219.0
257 6520 518529.0
258 6821 513049.0
259 6575 507850.0
260 6076 502566.0
261 6037 497299.0
262 6255 491867.0
263 6420 486426.0
264 6270 481453.0
265 6012 476399.0
266 5822 471242.0
267 5836 466314.0
268 5942 461025.0
269 6269 455990.0
270 6364 450704.0
271 6200 445388.0
272 6153 440505.0
273 5826 435249.0
274 6042 430392.0
275 6064 425383.0
276 6330 420580.0
277 6061 415416.0
278 5927 410506.0
279 5919 405664.0
280 5800 400764.0
281 5742 396062.0
282 5723 391177.0
283 5711 386444.0
284 5844 381482.0
285 6073 376382.0
286 6042 371769.0
287 5786 367241.0
288 5615 362600.0
289 5517 357901.0
290 5517 353162.0
291 5823 348406.0
292 5793 343615.0
293 5535 339068.0
294 5311 334611.0
295 5247 330044.0
296 5423 325533.0
297 5504 320907.0
298 5442 316396.0
299 5332 311743.0
300 5418 307190.0
301 5590 302703.0
302 5637 298073.0
303 5520 293815.0
304 5404 289460.0
305 5146 285409.0
306 4955 280855.0
307 5236 276765.0
308 5310 272368.0
309 5278 268207.0
310 5031 264170.0
311 4865 259986.0
312 4795 255847.0
313 4862 251779.0
314 4839 247868.0
315 4672 243880.0
316 4480 239957.0
317 4524 236053.0
318 4631 231966.0
319 4742 228340.0
320 4595 224552.0
321 4509 220636.0
322 4441 216862.0
323 4388 213201.0
324 4156 209451.0
325 4108 205823.0
326 4146 202043.0
327 4293 198402.0
328 4390 194524.0
329 4426 190774.0
330 4424 187196.0
331 4163 183600.0
332 4171 179993.0
333 4246 176406.0
334 4301 172593.0
335 4334 169164.0
336 4210 165704.0
337 4083 162468.0
338 3814 159255.0
339 3778 156074.0
340 3631 152803.0
341 3500 149660.0
342 3433 146726.0
343 3343 143710.0
344 3350 140778.0
345 3331 137597.0
346 3411 134649.0
347 3360 131618.0
348 3360 128700.0
349 3226 125987.0
350 3168 123184.0
351 3023 120582.0
352 2887 117916.0
353 2834 115111.0
354 2929 112349.0
355 2968 109670.0
356 2997 106913.0
357 3093 104378.0
358 3020 101750.0
359 2965 99343.0
360 2874 97075.0
361 2729 94648.0
362 2604 92356.0
363 2505 89966.0
364 2562 87842.0
365 2613 85515.0
366 2577 83325.0
367 2447 81272.0
368 2331 79255.0
369 2209 77202.0
370 2125 75341.0
371 2049 73464.0
372 2039 71773.0
373 2068 69818.0
374 2035 68000.0
375 1944 66217.0
376 1939 64577.0
377 1851 62894.0
378 1831 61185.0
379 1711 59664.0
380 1580 57944.0
381 1509 56476.0
382 1317 55136.0
383 1328 53608.0
384 1331 52244.0
385 1364 51014.0
386 1373 49723.0
387 1436 48347.0
388 1463 47111.0
389 1393 45774.0
390 1310 44661.0
391 1243 43400.0
392 1245 42087.0
393 1296 40879.0
394 1219 39889.0
395 1178 38779.0
396 1153 37757.0
397 1142 36720.0
398 1063 35649.0
399 1058 34673.0
400 1130 33633.0
401 1194 32739.0
402 1233 31772.0
403 1142 30941.0
404 1084 30230.0
405 939 29389.0
406 874 28563.0
407 826 27814.0
408 790 27088.0
409 746 26529.0
410 700 25891.0
411 620 25234.0
412 586 24614.0
413 536 23776.0
414 479 23171.0
415 477 22656.0
416 527 22049.0
417 516 21617.0
418 476 21160.0
419 434 20524.0
420 399 20020.0
421 365 19646.0
422 339 19231.0
423 317 18877.0
424 317 18494.0
425 346 18095.0
426 328 17729.0
427 279 17302.0
428 271 16928.0
429 264 16451.0
430 218 16325.0
431 197 15995.0
432 187 15545.0
433 168 15259.0
434 175 14820.0
435 183 14646.0
436 165 14466.0
437 151 14136.0
438 127 13997.0
439 112 13863.0
440 85 13483.0
441 71 13241.0
442 49 13047.0
443 42 12817.0
444 38 12574.0
445 33 12365.0
446 39 12194.0
447 36 11962.0
448 37 11795.0
449 27 11701.0
450 25 11465.0
451 24 11278.0
452 17 11070.0
453 13 11030.0
454 11 10861.0
455 10 10590.0
456 6 10445.0
457 5 10269.0
458 3 10254.0
459 1 10247.0
460 0 10256.0
461 0 10095.0
462 0 10012.0
463 0 10022.0
464 0 9975.0
465 0 9827.0
466 0 9704.0
467 0 9573.0
468 0 9375.0
469 0 9318.0
470 0 9218.0
471 0 9152.0
472 0 8993.0
473 0 8946.0
474 0 8758.0
475 0 8804.0
476 0 8821.0
477 0 8868.0
478 0 8881.0
479 0 8748.0
480 0 8596.0
481 0 8577.0
482 0 8406.0
483 0 8228.0
484 0 8041.0
485 0 8079.0
486 0 8127.0
487 0 7908.0
488 0 7877.0
489 0 7804.0
490 0 7741.0
491 0 7836.0
492 0 7869.0
493 0 7800.0
494 0 7756.0
495 0 7883.0
496 0 7704.0
497 0 7698.0
498 0 7609.0
499 0 7627.0
500 0 7551.0
501 0 7499.0
502 0 7552.0
503 0 7441.0
504 0 7385.0
505 0 7273.0
506 0 7348.0
507 0 7435.0
508 0 7416.0
509 0 7528.0
510 0 7383.0
511 0 7494.0
512 0 7404.0
513 0 7518.0
514 0 7619.0
515 0 7520.0
516 0 7414.0
517 0 7524.0
518 0 7469.0
519 0 7519.0
520 0 7453.0
521 0 7394.0
522 0 7337.0
523 0 7325.0
524 0 7426.0
525 0 7332.0
526 0 7269.0
527 0 7222.0
528 0 7120.0
529 0 7254.0
530 0 7215.0
531 0 7282.0
532 0 7286.0
533 0 7353.0
534 0 7273.0
535 0 7287.0
536 0 7204.0
537 0 7209.0
538 0 7092.0
539 0 7124.0
540 0 7127.0
541 0 7094.0
542 0 7045.0
543 0 7033.0
544 0 7105.0
545 0 7084.0
546 0 7001.0
547 0 7037.0
548 0 6939.0
549 0 6944.0
550 0 7023.0
551 0 7050.0
552 0 7054.0
553 0 6991.0
554 0 7026.0
555 0 7123.0
556 0 7056.0
557 0 7019.0
558 0 7067.0
559 0 7095.0
560 0 7082.0
561 0 7042.0
562 0 6957.0
563 0 6974.0
564 0 6917.0
565 0 7007.0
566 0 6955.0
567 0 6919.0
568 0 6911.0
569 0 6947.0
570 0 6939.0
571 0 7067.0
572 0 7070.0
573 0 7143.0
574 0 7266.0
575 0 7154.0
576 0 7073.0
577 0 7048.0
578 0 7043.0
579 0 7126.0
580 0 7096.0
581 0 7139.0
582 0 7256.0
583 0 7261.0
584 0 7143.0
585 0 7110.0
586 0 7127.0
587 0 7240.0
588 0 7356.0
589 0 7252.0
590 0 7270.0
591 0 7251.0
592 0 7143.0
593 0 7181.0
594 0 7181.0
595 0 7073.0
596 0 7002.0
597 0 7144.0
598 0 7143.0
599 0 7227.0
600 0 7227.0
601 0 7227.0
602 0 7227.0
603 0 7227.0
604 0 7227.0
605 0 7227.0
606 0 7227.0
607 0 7227.0
608 0 7227.0
609 0 7227.0
610 0 7227.0
611 0 7227.0
612 0 7227.0
613 0 7227.0
614 0 7227.0
615 0 7227.0
616 0 7227.0
617 0 7227.0
618 0 7227.0
619 0 7227.0
620 0 7227.0
621 0 7227.0
622 0 7227.0
623 0 7227.0
624 0 7227.0
625 0 7227.0
626 0 7227.0
627 0 7227.0
628 0 7227.0
629 0 7227.0
630 0 7227.0
631 0 7227.0
632 0 7227.0
633 0 7227.0
634 0 7227.0
635 0 7227.0
636 0 7227.0
637 0 7227.0
638 0 7227.0
639 0 7227.0
640 0 7227.0
641 0 7227.0
642 0 7227.0
643 0 7227.0
644 0 7227.0
645 0 7227.0
646 0 7227.0
647 0 7227.0
648 0 7227.0
649 0 7227.0
650 0 7227.0
651 0 7227.0
652 0 7227.0
653 0 7227.0
654 0 7227.0
655 0 7227.0
656 0 7227.0
657 0 7227.0
658 0 7227.0
659 0 7227.0
660 0 7227.0
661 0 7227.0
662 0 7227.0
663 0 7227.0
664 0 7227.0
665 0 7227.0
666 0 7227.0
667 0 7227.0
668 0 7227.0
669 0 7227.0
670 0 7227.0
671 0 7227.0
672 0 7227.0
673 0 7227.0
674 0 7227.0
675 0 7227.0
676 0 7227.0
677 0 7227.0
678 0 7227.0
679 0 7227.0
680 0 7227.0
681 0 7227.0
682 0 7227.0
683 0 7227.0
684 0 7227.0
685 0 7227.0
686 0 7227.0
687 0 7227.0
688 0 7227.0
689 0 7227.0
690 0 7227.0
691 0 7227.0
692 0 7227.0
693 0 7227.0
694 0 7227.0
695 0 7227.0
696 0 7227.0
697 0 7227.0
698 0 7227.0
699 0 7227.0
700 0 7227.0
701 0 7227.0
702 0 7227.0
703 0 7227.0
704 0 7227.0
705 0 7227.0
706 0 7227.0
707 0 7227.0
708 0 7227.0
709 0 7227.0
710 0 7227.0
711 0 7227.0
712 0 7227.0
713 0 7227.0
714 0 7227.0
715 0 7227.0
716 0 7227.0
717 0 7227.0
718 0 7227.0
719 0 7227.0
720 0 7227.0
721 0 7227.0
722 0 7227.0
723 0 7227.0
724 0 7227.0
725 0 7227.0
726 0 7227.0
727 0 7227.0
728 0 7227.0
729 0 7227.0
730 0 7227.0
731 0 7227.0
732 0 7227.0
733 0 7227.0
734 0 7227.0
735 0 7227.0
736 0 7227.0
737 0 7227.0
738 0 7227.0
739 0 7227.0
740 0 7227.0
741 0 7227.0
742 0 7227.0
743 0 7227.0
744 0 7227.0
745 0 7227.0
746 0 7227.0
747 0 7227.0
748 0 7227.0
749 0 7227.0
750 0 7227.0
751 0 7227.0
752 0 7227.0
753 0 7227.0
754 0 7227.0
755 0 7227.0
756 0 7227.0
757 0 7227.0
758 0 7227.0
759 0 7227.0
760 0 7227.0
761 0 7227.0
762 0 7227.0
763 0 7227.0
764 0 7227.0
765 0 7227.0
766 0 7227.0
767 0 7227.0
768 0 7227.0
769 0 7227.0
770 0 7227.0
771 0 7227.0
772 0 7227.0
773 0 7227.0
774 0 7227.0
775 0 7227.0
776 0 7227.0
777 0 7227.0
778 0 7227.0
779 0 7227.0
780 0 7227.0
781 0 7227.0
782 0 7227.0
783 0 7227.0
784 0 7227.0
785 0 7227.0
786 0 7227.0
787 0 7227.0
788 0 7227.0
789 0 7227.0
790 0 7227.0
791 0 7227.0
792 0 7227.0
793 0 7227.0
794 0 7227.0
795 0 7227.0
796 0 7227.0
797 0 7227.0
798 0 7227.0
799 0 7227.0
800 0 7227.0
801 0 7227.0
802 0 7227.0
803 0 7227.0
804 0 7227.0
805 0 7227.0
806 0 7227.0
807 0 7227.0
808 0 7227.0
809 0 7227.0
810 0 7227.0
811 0 7227.0
812 0 7227.0
813 0 7227.0
814 0 7227.0
815 0 7227.0
816 0 7227.0
817 0 7227.0
818 0 7227.0
819 0 7227.0
820 0 7227.0
821 0 7227.0
822 0 7227.0
823 0 7227.0
824 0 7227.0
825 0 7227.0
826 0 7227.0
827 0 7227.0
828 0 7227.0
829 0 7227.0
830 0 7227.0
831 0 7227.0
832 0 7227.0
833 0 7227.0
834 0 7227.0
835 0 7227.0
836 0 7227.0
837 0 7227.0
838 0 7227.0
839 0 7227.0
840 0 7227.0
841 0 7227.0
842 0 7227.0
843 0 7227.0
844 0 7227.0
845 0 7227.0
846 0 7227.0
847 0 7227.0
848 0 7227.0
849 0 7227.0
850 0 7227.0
851 0 7227.0
852 0 7227.0
853 0 7227.0
854 0 7227.0
855 0 7227.0
856 0 7227.0
857 0 7227.0
858 0 7227.0
859 0 7227.0
860 0 7227.0
861 0 7227.0
862 0 7227.0
863 0 7227.0
864 0 7227.0
865 0 7227.0
866 0 7227.0
867 0 7227.0
868 0 7227.0
869 0 7227.0
870 0 7227.0
871 0 7227.0
872 0 7227.0
873 0 7227.0
874 0 7227.0
875 0 7227.0
876 0 7227.0
877 0 7227.0
878 0 7227.0
879 0 7227.0
880 0 7227.0
881 0 7227.0
882 0 7227.0
883 0 7227.0
884 0 7227.0
885 0 7227.0
886 0 7227.0
887 0 7227.0
888 0 7227.0
889 0 7227.0
890 0 7227.0
891 0 7227.0
892 0 7227.0
893 0 7227.0
894 0 7227.0
895 0 7227.0
896 0 7227.0
897 0 7227.0
898 0 7227.0
899 0 7227.0
900 0 7227.0
901 0 7227.0
902 0 7227.0
903 0 7227.0
904 0 7227.0
905 0 7227.0
906 0 7227.0
907 0 7227.0
908 0 7227.0
909 0 7227.0
910 0 7227.0
911 0 7227.0
912 0 7227.0
913 0 7227.0
914 0 7227.0
915 0 7227.0
916 0 7227.0
917 0 7227.0
918 0 7227.0
919 0 7227.0
920 0 7227.0
921 0 7227.0
922 0 7227.0
923 0 7227.0
924 0 7227.0
925 0 7227.0
926 0 7227.0
927 0 7227.0
928 0 7227.0
929 0 7227.0
930 0 7227.0
931 0 7227.0
932 0 7227.0
933 0 7227.0
934 0 7227.0
935 0 7227.0
936 0 7227.0
937 0 7227.0
938 0 7227.0
939 0 7227.0
940 0 7227.0
941 0 7227.0
942 0 7227.0
943 0 7227.0
944 0 7227.0
945 0 7227.0
946 0 7227.0
947 0 7227.0
948 0 7227.0
949 0 7227.0
950 0 7227.0
951 0 7227.0
952 0 7227.0
953 0 7227.0
954 0 7227.0
955 0 7227.0
956 0 7227.0
957 0 7227.0
958 0 7227.0
959 0 7227.0
960 0 7227.0
961 0 7227.0
962 0 7227.0
963 0 7227.0
964 0 7227.0
965 0 7227.0
966 0 7227.0
967 0 7227.0
968 0 7227.0
969 0 7227.0
970 0 7227.0
971 0 7227.0
972 0 7227.0
973 0 7227.0
974 0 7227.0
975 0 7227.0
976 0 7227.0
977 0 7227.0
978 0 7227.0
979 0 7227.0
980 0 7227.0
981 0 7227.0
982 0 7227.0
983 0 7227.0
984 0 7227.0
985 0 7227.0
986 0 7227.0
987 0 7227.0
988 0 7227.0
989 0 7227.0
990 0 7227.0
991 0 7227.0
992 0 7227.0
993 0 7227.0
994 0 7227.0
995 0 7227.0
996 0 7227.0
997 0 7227.0
998 0 7227.0
999 0 7227.0
1000 0 7227.0
