1 1 15052.0
2 2 20623.0
3 2 26216.0
4 4 31771.0
5 4 37092.0
6 8 42214.0
7 6 47506.0
8 6 52748.0
9 10 57831.0
10 9 62802.0
11 15 67837.0
12 15 72673.0
13 16 77814.0
14 13 83045.0
15 13 88048.0
16 18 93113.0
17 22 98262.0
18 27 103276.0
19 26 108252.0
20 36 113203.0
21 45 118228.0
22 50 122980.0
23 63 128021.0
24 52 132983.0
25 49 137766.0
26 51 142783.0
27 62 147846.0
28 64 152873.0
29 75 157470.0
30 90 162392.0
31 104 167414.0
32 122 172204.0
33 125 177183.0
34 131 182197.0
35 134 187209.0
36 130 192365.0
37 153 197341.0
38 179 202268.0
39 188 207204.0
40 195 212201.0
41 218 217016.0
42 233 222038.0
43 224 227274.0
44 233 232061.0
45 247 236892.0
46 272 241598.0
47 306 246479.0
48 340 251367.0
49 354 256453.0
50 390 261478.0
51 382 266398.0
52 392 271299.0
53 419 276235.0
54 412 280869.0
55 450 286019.0
56 479 291096.0
57 532 295820.0
58 552 300635.0
59 556 305314.0
60 544 310061.0
61 572 315056.0
62 578 319782.0
63 609 324456.0
64 659 329416.0
65 727 334283.0
66 739 338940.0
67 747 343757.0
68 769 348639.0
69 795 353496.0
70 816 358311.0
71 876 363219.0
72 867 367952.0
73 996 372901.0
74 964 377574.0
75 963 382247.0
76 977 386959.0
77 978 391713.0
78 1005 396525.0
79 1027 401058.0
80 1131 405746.0
81 1194 410580.0
82 1226 415310.0
83 1196 420108.0
84 1161 424803.0
85 1178 429627.0
86 1280 434126.0
87 1414 438552.0
88 1424 443024.0
89 1480 447559.0
90 1500 452251.0
91 1599 456728.0
92 1581 461206.0
93 1638 465820.0
94 1679 470416.0
95 1734 475059.0
96 1762 479489.0
97 1823 483965.0
98 1832 488371.0
99 1884 492854.0
100 1986 497214.0
101 2056 501528.0
102 2201 505999.0
103 2230 510276.0
104 2235 514514.0
105 2333 519000.0
106 2326 523419.0
107 2324 527720.0
108 2401 531992.0
109 2475 536390.0
110 2422 540726.0
111 2536 545078.0
112 2557 549244.0
113 2592 553526.0
114 2647 557755.0
115 2664 562068.0
116 2715 566275.0
117 2804 570645.0
118 2854 574866.0
119 2868 579235.0
120 2951 583226.0
121 3124 587327.0
122 3081 591352.0
123 3140 595497.0
124 3126 599608.0
125 3278 603700.0
126 3328 607830.0
127 3465 611661.0
128 3550 615671.0
129 3499 619691.0
130 3469 623632.0
131 3584 627835.0
132 3619 631649.0
133 3850 635540.0
134 3978 639483.0
135 3841 643528.0
136 3983 647447.0
137 4028 651220.0
138 4061 654799.0
139 4395 658819.0
140 4248 662649.0
141 4172 666517.0
142 4269 670423.0
143 4489 674139.0
144 4508 677877.0
145 4516 681477.0
146 4797 685286.0
147 4859 688716.0
148 5074 692400.0
149 4897 696099.0
150 4898 699640.0
151 5089 703259.0
152 5211 706529.0
153 5459 710092.0
154 5423 713632.0
155 5342 717228.0
156 5194 720658.0
157 5371 724236.0
158 5535 727780.0
159 5450 731069.0
160 5514 734621.0
161 5452 738289.0
162 5548 741747.0
163 5880 745248.0
164 5954 748701.0
165 6072 752267.0
166 5945 755912.0
167 5950 759301.0
168 5941 762350.0
169 6219 765659.0
170 6445 768748.0
171 6630 771824.0
172 6884 774950.0
173 6846 777906.0
174 7014 780962.0
175 7114 783965.0
176 6936 787175.0
177 6888 790446.0
178 7011 793411.0
179 7226 796561.0
180 7427 799475.0
181 7435 802440.0
182 7476 805388.0
183 7432 808474.0
184 7426 811478.0
185 7629 814478.0
186 7644 817188.0
187 7929 820077.0
188 8131 822560.0
189 8273 825565.0
190 8069 828353.0
191 8202 831262.0
192 8354 833793.0
193 8744 836492.0
194 8634 839285.0
195 8621 841958.0
196 8774 844512.0
197 8873 847164.0
198 8977 849776.0
199 9230 852521.0
200 9190 849682.0
201 8958 843170.0
202 8410 836823.0
203 8149 830589.0
204 7909 824472.0
205 7463 818524.0
206 6942 812705.0
207 6693 806944.0
208 6779 801200.0
209 6647 795054.0
210 6639 789128.0
211 6583 783168.0
212 6591 777438.0
213 6644 771611.0
214 6668 765969.0
215 6499 760168.0
216 6602 754472.0
217 6420 748595.0
218 6445 742534.0
219 6679 736667.0
220 6682 730692.0
221 6827 724808.0
222 6637 718666.0
223 6533 712759.0
224 6469 707190.0
225 6467 701425.0
226 6640 695862.0
227 6668 689958.0
228 6816 684098.0
229 6683 678463.0
230 6339 672784.0
231 6218 667347.0
232 6227 661566.0
233 6537 655760.0
234 6616 650301.0
235 6491 644804.0
236 6468 639207.0
237 6324 633715.0
238 6450 628084.0
239 6580 622608.0
240 6522 617117.0
241 6342 611735.0
242 6248 606203.0
243 6349 600643.0
244 6432 595127.0
245 6646 589445.0
246 6492 584137.0
247 6116 578711.0
248 6206 573387.0
249 6275 567815.0
250 6489 562410.0
251 6509 557015.0
252 6386 551357.0
253 6620 546031.0
254 6390 540544.0
255 6208 535176.0
256 6398 529774.0
257 6441 524371.0
258 6566 518982.0
259 6624 513567.0
260 6470 508306.0
261 6322 502983.0
262 6372 497545.0
263 6495 492134.0
264 6518 486936.0
265 6310 481872.0
266 6121 476572.0
267 6385 471621.0
268 6155 466385.0
269 6085 461448.0
270 5989 456271.0
271 6124 451083.0
272 6051 446239.0
273 5901 441258.0
274 5854 436442.0
275 5615 431791.0
276 5518 426983.0
277 5682 421810.0
278 6059 416840.0
279 5873 411704.0
280 5946 406851.0
281 5856 401959.0
282 5842 397207.0
283 5584 392297.0
284 5640 387452.0
285 5740 382364.0
286 5710 377531.0
287 5610 372768.0
288 5729 368132.0
289 5658 363178.0
290 5643 358497.0
291 5529 353980.0
292 5453 349417.0
293 5452 344887.0
294 5429 340114.0
295 5495 335476.0
296 5492 330836.0
297 5416 326545.0
298 5123 322083.0
299 5191 317626.0
300 5154 313166.0
301 5084 308624.0
302 4993 304314.0
303 4855 300134.0
304 4912 295853.0
305 4984 291496.0
306 5073 287332.0
307 4913 282904.0
308 4790 279130.0
309 4659 274826.0
310 4843 270735.0
311 4925 266417.0
312 5153 262138.0
313 5152 257815.0
314 5190 253539.0
315 5027 249468.0
316 4920 245162.0
317 4792 241175.0
318 4715 237215.0
319 4679 233292.0
320 4706 229185.0
321 4664 225222.0
322 4530 221476.0
323 4509 217641.0
324 4402 213838.0
325 4417 210199.0
326 4400 206400.0
327 4425 202644.0
328 4378 199016.0
329 4381 195107.0
330 4441 191462.0
331 4275 187741.0
332 4261 184334.0
333 4193 180584.0
334 4071 177463.0
335 3799 174182.0
336 3704 170776.0
337 3775 167408.0
338 3873 164132.0
339 3821 160864.0
340 3730 157605.0
341 3623 154574.0
342 3474 151417.0
343 3538 148171.0
344 3455 145123.0
345 3358 142311.0
346 3227 139441.0
347 3279 136257.0
348 3358 133315.0
349 3284 130587.0
350 3162 127772.0
351 3205 124910.0
352 3117 122163.0
353 3042 119455.0
354 3044 116662.0
355 3053 114129.0
356 2905 111465.0
357 2944 108897.0
358 2911 106347.0
359 2916 103642.0
360 3007 101029.0
361 3065 98648.0
362 3007 96182.0
363 2938 93822.0
364 2883 91278.0
365 2896 88772.0
366 2748 86617.0
367 2473 84407.0
368 2320 82430.0
369 2232 80293.0
370 2295 78293.0
371 2300 76356.0
372 2211 74438.0
373 2080 72450.0
374 1929 70819.0
375 1829 69010.0
376 1789 67063.0
377 1773 65408.0
378 1752 63676.0
379 1643 61883.0
380 1670 60345.0
381 1631 59046.0
382 1624 57389.0
383 1596 55825.0
384 1571 54360.0
385 1516 52763.0
386 1483 51158.0
387 1480 49869.0
388 1470 48464.0
389 1438 46967.0
390 1439 45532.0
391 1439 44395.0
392 1408 43031.0
393 1306 41813.0
394 1242 40873.0
395 1146 39762.0
396 1094 38524.0
397 1036 37339.0
398 1041 36373.0
399 1021 35360.0
400 963 34307.0
401 941 33342.0
402 910 32485.0
403 896 31415.0
404 900 30525.0
405 907 29753.0
406 890 28944.0
407 882 28136.0
408 823 27383.0
409 789 26685.0
410 697 25971.0
411 610 25224.0
412 530 24602.0
413 473 24039.0
414 423 23507.0
415 417 22860.0
416 392 22293.0
417 372 21881.0
418 331 21362.0
419 309 20831.0
420 295 20466.0
421 296 19964.0
422 288 19453.0
423 292 19084.0
424 305 18775.0
425 300 18349.0
426 311 17909.0
427 314 17509.0
428 305 17131.0
429 303 16805.0
430 244 16452.0
431 206 16301.0
432 176 15892.0
433 166 15602.0
434 168 15251.0
435 151 14980.0
436 157 14397.0
437 144 14169.0
438 138 13814.0
439 135 13539.0
440 127 13252.0
441 118 12996.0
442 102 12827.0
443 94 12716.0
444 78 12470.0
445 71 12283.0
446 72 11966.0
447 55 11823.0
448 51 11666.0
449 40 11490.0
450 43 11436.0
451 42 11161.0
452 35 10848.0
453 25 10718.0
454 21 10689.0
455 18 10553.0
456 17 10512.0
457 12 10289.0
458 9 10180.0
459 10 10021.0
460 12 9840.0
461 14 9767.0
462 15 9687.0
463 13 9598.0
464 14 9494.0
465 8 9432.0
466 7 9205.0
467 5 9148.0
468 8 8995.0
469 4 9094.0
470 3 9035.0
471 1 8981.0
472 1 8844.0
473 2 8783.0
474 1 8799.0
475 2 8525.0
476 1 8395.0
477 0 8291.0
478 0 8338.0
479 0 8253.0
480 0 8262.0
481 0 8172.0
482 0 8122.0
483 0 8159.0
484 0 8108.0
485 0 8012.0
486 0 8112.0
487 0 7942.0
488 0 7778.0
489 0 7764.0
490 0 7955.0
491 0 7947.0
492 0 7917.0
493 0 7878.0
494 0 7716.0
495 0 7688.0
496 0 7647.0
497 0 7628.0
498 0 7476.0
499 0 7550.0
500 0 7560.0
501 0 7494.0
502 0 7331.0
503 0 7231.0
504 0 7239.0
505 0 7292.0
506 0 7383.0
507 0 7335.0
508 0 7358.0
509 0 7431.0
510 0 7393.0
511 0 7423.0
512 0 7227.0
513 0 7220.0
514 0 7287.0
515 0 7233.0
516 0 7203.0
517 0 7191.0
518 0 7110.0
519 0 7010.0
520 0 7032.0
521 0 7075.0
522 0 7129.0
523 0 7176.0
524 0 7196.0
525 0 7142.0
526 0 7101.0
527 0 7146.0
528 0 7144.0
529 0 7279.0
530 0 7270.0
531 0 7137.0
532 0 7200.0
533 0 7249.0
534 0 7177.0
535 0 7085.0
536 0 7095.0
537 0 7108.0
538 0 7089.0
539 0 7143.0
540 0 7113.0
541 0 7074.0
542 0 7087.0
543 0 7013.0
544 0 6994.0
545 0 7028.0
546 0 7010.0
547 0 7083.0
548 0 7007.0
549 0 7057.0
550 0 7013.0
551 0 7056.0
552 0 7051.0
553 0 7039.0
554 0 7125.0
555 0 7220.0
556 0 7251.0
557 0 7285.0
558 0 7303.0
559 0 7202.0
560 0 7188.0
561 0 7087.0
562 0 7067.0
563 0 7111.0
564 0 7094.0
565 0 6973.0
566 0 7021.0
567 0 7158.0
568 0 7048.0
569 0 7016.0
570 0 7058.0
571 0 7184.0
572 0 7234.0
573 0 7243.0
574 0 7185.0
575 0 7127.0
576 0 7101.0
577 0 7108.0
578 0 7064.0
579 0 6965.0
580 0 6972.0
581 0 6962.0
582 0 6878.0
583 0 6818.0
584 0 6900.0
585 0 6846.0
586 0 6870.0
587 0 6970.0
588 0 6967.0
589 0 6984.0
590 0 6941.0
591 0 7129.0
592 0 7192.0
593 0 7135.0
594 0 7043.0
595 0 7137.0
596 0 7121.0
597 0 7085.0
598 0 7190.0
599 0 7057.0
600 0 7057.0
601 0 7057.0
602 0 7057.0
603 0 7057.0
604 0 7057.0
605 0 7057.0
606 0 7057.0
607 0 7057.0
608 0 7057.0
609 0 7057.0
610 0 7057.0
611 0 7057.0
612 0 7057.0
613 0 7057.0
614 0 7057.0
615 0 7057.0
616 0 7057.0
617 0 7057.0
618 0 7057.0
619 0 7057.0
620 0 7057.0
621 0 7057.0
622 0 7057.0
623 0 7057.0
624 0 7057.0
625 0 7057.0
626 0 7057.0
627 0 7057.0
628 0 7057.0
629 0 7057.0
630 0 7057.0
631 0 7057.0
632 0 7057.0
633 0 7057.0
634 0 7057.0
635 0 7057.0
636 0 7057.0
637 0 7057.0
638 0 7057.0
639 0 7057.0
640 0 7057.0
641 0 7057.0
642 0 7057.0
643 0 7057.0
644 0 7057.0
645 0 7057.0
646 0 7057.0
647 0 7057.0
648 0 7057.0
649 0 7057.0
650 0 7057.0
651 0 7057.0
652 0 7057.0
653 0 7057.0
654 0 7057.0
655 0 7057.0
656 0 7057.0
657 0 7057.0
658 0 7057.0
659 0 7057.0
660 0 7057.0
661 0 7057.0
662 0 7057.0
663 0 7057.0
664 0 7057.0
665 0 7057.0
666 0 7057.0
667 0 7057.0
668 0 7057.0
669 0 7057.0
670 0 7057.0
671 0 7057.0
672 0 7057.0
673 0 7057.0
674 0 7057.0
675 0 7057.0
676 0 7057.0
677 0 7057.0
678 0 7057.0
679 0 7057.0
680 0 7057.0
681 0 7057.0
682 0 7057.0
683 0 7057.0
684 0 7057.0
685 0 7057.0
686 0 7057.0
687 0 7057.0
688 0 7057.0
689 0 7057.0
690 0 7057.0
691 0 7057.0
692 0 7057.0
693 0 7057.0
694 0 7057.0
695 0 7057.0
696 0 7057.0
697 0 7057.0
698 0 7057.0
699 0 7057.0
700 0 7057.0
701 0 7057.0
702 0 7057.0
703 0 7057.0
704 0 7057.0
705 0 7057.0
706 0 7057.0
707 0 7057.0
708 0 7057.0
709 0 7057.0
710 0 7057.0
711 0 7057.0
712 0 7057.0
713 0 7057.0
714 0 7057.0
715 0 7057.0
716 0 7057.0
717 0 7057.0
718 0 7057.0
719 0 7057.0
720 0 7057.0
721 0 7057.0
722 0 7057.0
723 0 7057.0
724 0 7057.0
725 0 7057.0
726 0 7057.0
727 0 7057.0
728 0 7057.0
729 0 7057.0
730 0 7057.0
731 0 7057.0
732 0 7057.0
733 0 7057.0
734 0 7057.0
735 0 7057.0
736 0 7057.0
737 0 7057.0
738 0 7057.0
739 0 7057.0
740 0 7057.0
741 0 7057.0
742 0 7057.0
743 0 7057.0
744 0 7057.0
745 0 7057.0
746 0 7057.0
747 0 7057.0
748 0 7057.0
749 0 7057.0
750 0 7057.0
751 0 7057.0
752 0 7057.0
753 0 7057.0
754 0 7057.0
755 0 7057.0
756 0 7057.0
757 0 7057.0
758 0 7057.0
759 0 7057.0
760 0 7057.0
761 0 7057.0
762 0 7057.0
763 0 7057.0
764 0 7057.0
765 0 7057.0
766 0 7057.0
767 0 7057.0
768 0 7057.0
769 0 7057.0
770 0 7057.0
771 0 7057.0
772 0 7057.0
773 0 7057.0
774 0 7057.0
775 0 7057.0
776 0 7057.0
777 0 7057.0
778 0 7057.0
779 0 7057.0
780 0 7057.0
781 0 7057.0
782 0 7057.0
783 0 7057.0
784 0 7057.0
785 0 7057.0
786 0 7057.0
787 0 7057.0
788 0 7057.0
789 0 7057.0
790 0 7057.0
791 0 7057.0
792 0 7057.0
793 0 7057.0
794 0 7057.0
795 0 7057.0
796 0 7057.0
797 0 7057.0
798 0 7057.0
799 0 7057.0
800 0 7057.0
801 0 7057.0
802 0 7057.0
803 0 7057.0
804 0 7057.0
805 0 7057.0
806 0 7057.0
807 0 7057.0
808 0 7057.0
809 0 7057.0
810 0 7057.0
811 0 7057.0
812 0 7057.0
813 0 7057.0
814 0 7057.0
815 0 7057.0
816 0 7057.0
817 0 7057.0
818 0 7057.0
819 0 7057.0
820 0 7057.0
821 0 7057.0
822 0 7057.0
823 0 7057.0
824 0 7057.0
825 0 7057.0
826 0 7057.0
827 0 7057.0
828 0 7057.0
829 0 7057.0
830 0 7057.0
831 0 7057.0
832 0 7057.0
833 0 7057.0
834 0 7057.0
835 0 7057.0
836 0 7057.0
837 0 7057.0
838 0 7057.0
839 0 7057.0
840 0 7057.0
841 0 7057.0
842 0 7057.0
843 0 7057.0
844 0 7057.0
845 0 7057.0
846 0 7057.0
847 0 7057.0
848 0 7057.0
849 0 7057.0
850 0 7057.0
851 0 7057.0
852 0 7057.0
853 0 7057.0
854 0 7057.0
855 0 7057.0
856 0 7057.0
857 0 7057.0
858 0 7057.0
859 0 7057.0
860 0 7057.0
861 0 7057.0
862 0 7057.0
863 0 7057.0
864 0 7057.0
865 0 7057.0
866 0 7057.0
867 0 7057.0
868 0 7057.0
869 0 7057.0
870 0 7057.0
871 0 7057.0
872 0 7057.0
873 0 7057.0
874 0 7057.0
875 0 7057.0
876 0 7057.0
877 0 7057.0
878 0 7057.0
879 0 7057.0
880 0 7057.0
881 0 7057.0
882 0 7057.0
883 0 7057.0
884 0 7057.0
885 0 7057.0
886 0 7057.0
887 0 7057.0
888 0 7057.0
889 0 7057.0
890 0 7057.0
891 0 7057.0
892 0 7057.0
893 0 7057.0
894 0 7057.0
895 0 7057.0
896 0 7057.0
897 0 7057.0
898 0 7057.0
899 0 7057.0
900 0 7057.0
901 0 7057.0
902 0 7057.0
903 0 7057.0
904 0 7057.0
905 0 7057.0
906 0 7057.0
907 0 7057.0
908 0 7057.0
909 0 7057.0
910 0 7057.0
911 0 7057.0
912 0 7057.0
913 0 7057.0
914 0 7057.0
915 0 7057.0
916 0 7057.0
917 0 7057.0
918 0 7057.0
919 0 7057.0
920 0 7057.0
921 0 7057.0
922 0 7057.0
923 0 7057.0
924 0 7057.0
925 0 7057.0
926 0 7057.0
927 0 7057.0
928 0 7057.0
929 0 7057.0
930 0 7057.0
931 0 7057.0
932 0 7057.0
933 0 7057.0
934 0 7057.0
935 0 7057.0
936 0 7057.0
937 0 7057.0
938 0 7057.0
939 0 7057.0
940 0 7057.0
941 0 7057.0
942 0 7057.0
943 0 7057.0
944 0 7057.0
945 0 7057.0
946 0 7057.0
947 0 7057.0
948 0 7057.0
949 0 7057.0
950 0 7057.0
951 0 7057.0
952 0 7057.0
953 0 7057.0
954 0 7057.0
955 0 7057.0
956 0 7057.0
957 0 7057.0
958 0 7057.0
959 0 7057.0
960 0 7057.0
961 0 7057.0
962 0 7057.0
963 0 7057.0
964 0 7057.0
965 0 7057.0
966 0 7057.0
967 0 7057.0
968 0 7057.0
969 0 7057.0
970 0 7057.0
971 0 7057.0
972 0 7057.0
973 0 7057.0
974 0 7057.0
975 0 7057.0
976 0 7057.0
977 0 7057.0
978 0 7057.0
979 0 7057.0
980 0 7057.0
981 0 7057.0
982 0 7057.0
983 0 7057.0
984 0 7057.0
985 0 7057.0
986 0 7057.0
987 0 7057.0
988 0 7057.0
989 0 7057.0
990 0 7057.0
991 0 7057.0
992 0 7057.0
993 0 7057.0
994 0 7057.0
995 0 7057.0
996 0 7057.0
997 0 7057.0
998 0 7057.0
999 0 7057.0
1000 0 7057.0
