1 1 15021.0
2 1 20688.0
3 1 26013.0
4 2 31259.0
5 2 36525.0
6 4 41597.0
7 3 46810.0
8 5 52167.0
9 4 57245.0
10 6 62162.0
11 6 67307.0
12 5 72455.0
13 7 77455.0
14 10 82448.0
15 13 87626.0
16 13 92673.0
17 12 97620.0
18 21 102438.0
19 19 107252.0
20 24 112191.0
21 26 117273.0
22 35 122121.0
23 41 126988.0
24 41 132048.0
25 50 137043.0
26 56 141876.0
27 61 146732.0
28 83 151785.0
29 89 156617.0
30 84 161555.0
31 109 166542.0
32 101 171524.0
33 107 176412.0
34 121 181119.0
35 145 186157.0
36 178 191096.0
37 182 196035.0
38 193 200978.0
39 182 206023.0
40 199 211072.0
41 206 216124.0
42 239 221201.0
43 245 226290.0
44 262 231279.0
45 297 236247.0
46 331 241085.0
47 361 245999.0
48 388 251015.0
49 418 255947.0
50 424 260909.0
51 375 265805.0
52 371 270758.0
53 374 275229.0
54 414 280135.0
55 429 285117.0
56 484 289982.0
57 520 294988.0
58 529 299998.0
59 586 304994.0
60 580 309676.0
61 576 314501.0
62 632 319233.0
63 666 323887.0
64 703 328883.0
65 687 333611.0
66 685 338481.0
67 681 343389.0
68 699 348143.0
69 726 353079.0
70 780 357778.0
71 896 362482.0
72 972 367108.0
73 987 371890.0
74 956 376596.0
75 1007 381250.0
76 1034 386148.0
77 1034 390868.0
78 1071 395493.0
79 1105 400091.0
80 1201 404691.0
81 1246 409151.0
82 1314 413691.0
83 1270 418254.0
84 1325 423027.0
85 1348 427567.0
86 1342 432285.0
87 1366 437049.0
88 1585 441478.0
89 1708 445942.0
90 1707 450536.0
91 1630 455196.0
92 1582 459808.0
93 1603 464410.0
94 1661 468856.0
95 1763 473272.0
96 1732 477747.0
97 1780 482499.0
98 1756 487184.0
99 1843 491592.0
100 1900 496027.0
101 2034 500293.0
102 2088 504849.0
103 2069 509461.0
104 2032 513958.0
105 2049 518350.0
106 2171 522742.0
107 2222 527150.0
108 2394 531453.0
109 2433 535911.0
110 2393 540274.0
111 2488 544410.0
112 2672 548579.0
113 2708 552682.0
114 2716 557041.0
115 2609 561294.0
116 2666 565883.0
117 2585 570193.0
118 2716 574594.0
119 2828 578646.0
120 2999 583073.0
121 2923 586907.0
122 3070 591278.0
123 3064 595334.0
124 3115 599760.0
125 3114 603729.0
126 3350 607720.0
127 3419 611719.0
128 3481 615861.0
129 3410 619771.0
130 3450 623717.0
131 3528 627869.0
132 3499 632063.0
133 3526 635891.0
134 3749 639727.0
135 4007 643869.0
136 4086 647789.0
137 4282 651865.0
138 4181 655666.0
139 4171 659441.0
140 4269 663246.0
141 4354 667039.0
142 4379 670870.0
143 4341 674516.0
144 4501 678036.0
145 4706 681906.0
146 4662 685647.0
147 4634 689371.0
148 4703 693021.0
149 4827 696737.0
150 4889 700379.0
151 4849 703995.0
152 5086 707711.0
153 5073 711302.0
154 5027 715107.0
155 5086 718643.0
156 5428 722211.0
157 5378 725801.0
158 5499 729446.0
159 5480 732698.0
160 5635 736266.0
161 5689 739790.0
162 5626 743413.0
163 5593 746591.0
164 5883 750054.0
165 5923 753184.0
166 6068 756617.0
167 6080 759889.0
168 6291 763265.0
169 6320 766478.0
170 6244 769845.0
171 6231 773447.0
172 6374 776641.0
173 6620 779660.0
174 6968 783065.0
175 6969 786190.0
176 6931 789180.0
177 7117 792063.0
178 7171 795220.0
179 7043 798373.0
180 7265 801438.0
181 7330 804453.0
182 7378 807685.0
183 7481 810780.0
184 7749 813400.0
185 8080 816223.0
186 8006 819201.0
187 7842 822092.0
188 8109 824857.0
189 8254 827687.0
190 8037 830373.0
191 8217 833085.0
192 8367 836030.0
193 8642 838473.0
194 8704 841154.0
195 8785 843986.0
196 8590 846631.0
197 8657 849139.0
198 8685 851706.0
199 9033 854128.0
200 9390 851408.0
201 9062 844627.0
202 8410 838386.0
203 7834 832376.0
204 7303 826658.0
205 7126 820591.0
206 7179 814727.0
207 7210 808829.0
208 7175 803055.0
209 6750 797271.0
210 6514 791628.0
211 6350 786065.0
212 6274 780125.0
213 6455 774392.0
214 6678 768238.0
215 6900 762249.0
216 6822 756407.0
217 6493 750528.0
218 6449 744582.0
219 6690 738864.0
220 6855 732937.0
221 6792 727084.0
222 6966 720945.0
223 7069 715299.0
224 6804 709442.0
225 6577 703712.0
226 6354 697888.0
227 6438 692301.0
228 6524 686355.0
229 6723 680755.0
230 6653 674849.0
231 6635 669148.0
232 6445 663429.0
233 6489 657834.0
234 6612 651924.0
235 6676 646402.0
236 6489 640594.0
237 6534 634924.0
238 6671 629180.0
239 6653 623959.0
240 6534 618176.0
241 6629 612531.0
242 6470 607117.0
243 6278 601487.0
244 6358 595992.0
245 6595 590155.0
246 7024 584604.0
247 6827 579107.0
248 6430 573880.0
249 6200 568497.0
250 6164 562966.0
251 6290 557446.0
252 6523 551749.0
253 6893 546312.0
254 6686 541047.0
255 6340 535946.0
256 6034 530833.0
257 5941 525441.0
258 6129 520072.0
259 6194 514812.0
260 6150 509498.0
261 6146 504020.0
262 6413 498746.0
263 6263 493625.0
264 5832 488667.0
265 5672 483630.0
266 5822 478615.0
267 5921 473456.0
268 5919 468251.0
269 5884 463220.0
270 5957 458040.0
271 6050 452871.0
272 6027 447853.0
273 6057 442910.0
274 5880 437880.0
275 5825 432915.0
276 6045 427882.0
277 6204 422666.0
278 6236 417741.0
279 5967 412924.0
280 5741 408083.0
281 5595 403398.0
282 5648 398303.0
283 6008 393377.0
284 5918 388329.0
285 5906 383626.0
286 5591 378824.0
287 5595 374213.0
288 5401 369520.0
289 5399 364951.0
290 5209 360402.0
291 5357 355726.0
292 5624 350887.0
293 5581 346193.0
294 5406 341779.0
295 5216 337250.0
296 5053 332792.0
297 5132 328082.0
298 5495 323545.0
299 5497 318795.0
300 5490 314520.0
301 5402 309970.0
302 5450 305579.0
303 5259 301247.0
304 5216 297062.0
305 5271 292667.0
306 5318 288279.0
307 5232 283784.0
308 5096 279402.0
309 5162 275025.0
310 5260 270770.0
311 5225 266635.0
312 5073 262398.0
313 5116 258280.0
314 4980 254164.0
315 4778 250224.0
316 4604 246267.0
317 4665 242080.0
318 4704 238228.0
319 4497 234372.0
320 4456 230498.0
321 4363 226768.0
322 4388 222975.0
323 4336 219149.0
324 4336 215382.0
325 4393 211580.0
326 4240 207983.0
327 4193 204448.0
328 4276 200504.0
329 4259 196961.0
330 4275 193090.0
331 4299 189565.0
332 4152 185970.0
333 4070 182667.0
334 3869 179266.0
335 3740 176106.0
336 3634 172589.0
337 3597 169537.0
338 3535 166095.0
339 3658 162909.0
340 3525 159637.0
341 3554 156484.0
342 3552 153322.0
343 3611 150370.0
344 3491 147295.0
345 3387 144473.0
346 3382 141572.0
347 3328 138521.0
348 3257 135530.0
349 3274 132762.0
350 3415 129699.0
351 3511 126879.0
352 3411 123985.0
353 3322 121150.0
354 3167 118361.0
355 3117 115861.0
356 2976 113242.0
357 2874 110798.0
358 2871 108339.0
359 2721 105794.0
360 2585 103476.0
361 2584 101153.0
362 2545 98790.0
363 2482 96647.0
364 2421 94333.0
365 2390 92080.0
366 2411 89851.0
367 2409 87691.0
368 2365 85697.0
369 2209 83580.0
370 2216 81396.0
371 2277 79339.0
372 2230 77395.0
373 2157 75514.0
374 2010 73510.0
375 1963 71589.0
376 1953 69715.0
377 1955 67931.0
378 1952 66141.0
379 1876 64434.0
380 1698 62836.0
381 1584 61294.0
382 1511 59506.0
383 1461 58064.0
384 1440 56673.0
385 1385 55122.0
386 1373 53496.0
387 1409 52131.0
388 1343 50715.0
389 1288 49435.0
390 1204 48099.0
391 1210 46944.0
392 1152 45726.0
393 1091 44751.0
394 1047 43486.0
395 1091 42357.0
396 1031 41158.0
397 1050 40071.0
398 1034 39062.0
399 1028 37936.0
400 1008 36936.0
401 939 35883.0
402 857 35053.0
403 790 34056.0
404 793 33349.0
405 786 32570.0
406 732 31652.0
407 709 30814.0
408 707 30015.0
409 769 29142.0
410 836 28430.0
411 802 27731.0
412 794 27051.0
413 750 26309.0
414 754 25542.0
415 714 25005.0
416 629 24228.0
417 621 23664.0
418 582 23096.0
419 566 22465.0
420 537 22014.0
421 495 21458.0
422 472 20758.0
423 444 20346.0
424 392 19842.0
425 399 19387.0
426 379 19028.0
427 358 18435.0
428 355 18085.0
429 321 17708.0
430 298 17267.0
431 300 16829.0
432 343 16352.0
433 339 15981.0
434 338 15734.0
435 271 15387.0
436 230 15028.0
437 209 14675.0
438 180 14254.0
439 173 13936.0
440 173 13534.0
441 163 13266.0
442 138 12972.0
443 126 12585.0
444 99 12488.0
445 69 12310.0
446 63 12081.0
447 52 11783.0
448 44 11668.0
449 38 11436.0
450 39 11232.0
451 33 11078.0
452 38 10901.0
453 35 10897.0
454 38 10814.0
455 31 10786.0
456 19 10642.0
457 14 10622.0
458 9 10399.0
459 6 10305.0
460 7 10155.0
461 6 10069.0
462 6 9935.0
463 8 9840.0
464 7 9657.0
465 4 9532.0
466 4 9437.0
467 5 9223.0
468 5 9113.0
469 4 9004.0
470 2 8798.0
471 1 8863.0
472 1 8636.0
473 1 8648.0
474 0 8656.0
475 0 8637.0
476 0 8544.0
477 0 8585.0
478 0 8473.0
479 0 8248.0
480 0 8095.0
481 0 8087.0
482 0 8051.0
483 0 8019.0
484 0 7954.0
485 0 7982.0
486 0 8005.0
487 0 8134.0
488 0 8202.0
489 0 8064.0
490 0 7967.0
491 0 8001.0
492 0 7902.0
493 0 7849.0
494 0 7832.0
495 0 7729.0
496 0 7704.0
497 0 7628.0
498 0 7594.0
499 0 7558.0
500 0 7642.0
501 0 7585.0
502 0 7440.0
503 0 7425.0
504 0 7460.0
505 0 7618.0
506 0 7502.0
507 0 7515.0
508 0 7439.0
509 0 7417.0
510 0 7419.0
511 0 7394.0
512 0 7291.0
513 0 7324.0
514 0 7361.0
515 0 7419.0
516 0 7415.0
517 0 7330.0
518 0 7150.0
519 0 7286.0
520 0 7284.0
521 0 7264.0
522 0 7216.0
523 0 7335.0
524 0 7310.0
525 0 7300.0
526 0 7183.0
527 0 7167.0
528 0 7319.0
529 0 7390.0
530 0 7320.0
531 0 7272.0
532 0 7147.0
533 0 7229.0
534 0 7289.0
535 0 7323.0
536 0 7293.0
537 0 7345.0
538 0 7299.0
539 0 7392.0
540 0 7189.0
541 0 7196.0
542 0 7259.0
543 0 7266.0
544 0 7319.0
545 0 7159.0
546 0 7229.0
547 0 7136.0
548 0 7215.0
549 0 7083.0
550 0 7084.0
551 0 7151.0
552 0 7174.0
553 0 7207.0
554 0 7206.0
555 0 7216.0
556 0 7111.0
557 0 7128.0
558 0 7107.0
559 0 7239.0
560 0 7195.0
561 0 7089.0
562 0 7038.0
563 0 7064.0
564 0 7123.0
565 0 7145.0
566 0 7115.0
567 0 7162.0
568 0 7165.0
569 0 7222.0
570 0 7266.0
571 0 7187.0
572 0 7178.0
573 0 7151.0
574 0 7203.0
575 0 7345.0
576 0 7457.0
577 0 7370.0
578 0 7293.0
579 0 7202.0
580 0 7285.0
581 0 7218.0
582 0 7139.0
583 0 7141.0
584 0 7181.0
585 0 7207.0
586 0 7240.0
587 0 7160.0
588 0 7182.0
589 0 7154.0
590 0 7136.0
591 0 7175.0
592 0 7197.0
593 0 7280.0
594 0 7231.0
595 0 7100.0
596 0 7156.0
597 0 7133.0
598 0 7038.0
599 0 7190.0
600 0 7190.0
601 0 7190.0
602 0 7190.0
603 0 7190.0
604 0 7190.0
605 0 7190.0
606 0 7190.0
607 0 7190.0
608 0 7190.0
609 0 7190.0
610 0 7190.0
611 0 7190.0
612 0 7190.0
613 0 7190.0
614 0 7190.0
615 0 7190.0
616 0 7190.0
617 0 7190.0
618 0 7190.0
619 0 7190.0
620 0 7190.0
621 0 7190.0
622 0 7190.0
623 0 7190.0
624 0 7190.0
625 0 7190.0
626 0 7190.0
627 0 7190.0
628 0 7190.0
629 0 7190.0
630 0 7190.0
631 0 7190.0
632 0 7190.0
633 0 7190.0
634 0 7190.0
635 0 7190.0
636 0 7190.0
637 0 7190.0
638 0 7190.0
639 0 7190.0
640 0 7190.0
641 0 7190.0
642 0 7190.0
643 0 7190.0
644 0 7190.0
645 0 7190.0
646 0 7190.0
647 0 7190.0
648 0 7190.0
649 0 7190.0
650 0 7190.0
651 0 7190.0
652 0 7190.0
653 0 7190.0
654 0 7190.0
655 0 7190.0
656 0 7190.0
657 0 7190.0
658 0 7190.0
659 0 7190.0
660 0 7190.0
661 0 7190.0
662 0 7190.0
663 0 7190.0
664 0 7190.0
665 0 7190.0
666 0 7190.0
667 0 7190.0
668 0 7190.0
669 0 7190.0
670 0 7190.0
671 0 7190.0
672 0 7190.0
673 0 7190.0
674 0 7190.0
675 0 7190.0
676 0 7190.0
677 0 7190.0
678 0 7190.0
679 0 7190.0
680 0 7190.0
681 0 7190.0
682 0 7190.0
683 0 7190.0
684 0 7190.0
685 0 7190.0
686 0 7190.0
687 0 7190.0
688 0 7190.0
689 0 7190.0
690 0 7190.0
691 0 7190.0
692 0 7190.0
693 0 7190.0
694 0 7190.0
695 0 7190.0
696 0 7190.0
697 0 7190.0
698 0 7190.0
699 0 7190.0
700 0 7190.0
701 0 7190.0
702 0 7190.0
703 0 7190.0
704 0 7190.0
705 0 7190.0
706 0 7190.0
707 0 7190.0
708 0 7190.0
709 0 7190.0
710 0 7190.0
711 0 7190.0
712 0 7190.0
713 0 7190.0
714 0 7190.0
715 0 7190.0
716 0 7190.0
717 0 7190.0
718 0 7190.0
719 0 7190.0
720 0 7190.0
721 0 7190.0
722 0 7190.0
723 0 7190.0
724 0 7190.0
725 0 7190.0
726 0 7190.0
727 0 7190.0
728 0 7190.0
729 0 7190.0
730 0 7190.0
731 0 7190.0
732 0 7190.0
733 0 7190.0
734 0 7190.0
735 0 7190.0
736 0 7190.0
737 0 7190.0
738 0 7190.0
739 0 7190.0
740 0 7190.0
741 0 7190.0
742 0 7190.0
743 0 7190.0
744 0 7190.0
745 0 7190.0
746 0 7190.0
747 0 7190.0
748 0 7190.0
749 0 7190.0
750 0 7190.0
751 0 7190.0
752 0 7190.0
753 0 7190.0
754 0 7190.0
755 0 7190.0
756 0 7190.0
757 0 7190.0
758 0 7190.0
759 0 7190.0
760 0 7190.0
761 0 7190.0
762 0 7190.0
763 0 7190.0
764 0 7190.0
765 0 7190.0
766 0 7190.0
767 0 7190.0
768 0 7190.0
769 0 7190.0
770 0 7190.0
771 0 7190.0
772 0 7190.0
773 0 7190.0
774 0 7190.0
775 0 7190.0
776 0 7190.0
777 0 7190.0
778 0 7190.0
779 0 7190.0
780 0 7190.0
781 0 7190.0
782 0 7190.0
783 0 7190.0
784 0 7190.0
785 0 7190.0
786 0 7190.0
787 0 7190.0
788 0 7190.0
789 0 7190.0
790 0 7190.0
791 0 7190.0
792 0 7190.0
793 0 7190.0
794 0 7190.0
795 0 7190.0
796 0 7190.0
797 0 7190.0
798 0 7190.0
799 0 7190.0
800 0 7190.0
801 0 7190.0
802 0 7190.0
803 0 7190.0
804 0 7190.0
805 0 7190.0
806 0 7190.0
807 0 7190.0
808 0 7190.0
809 0 7190.0
810 0 7190.0
811 0 7190.0
812 0 7190.0
813 0 7190.0
814 0 7190.0
815 0 7190.0
816 0 7190.0
817 0 7190.0
818 0 7190.0
819 0 7190.0
820 0 7190.0
821 0 7190.0
822 0 7190.0
823 0 7190.0
824 0 7190.0
825 0 7190.0
826 0 7190.0
827 0 7190.0
828 0 7190.0
829 0 7190.0
830 0 7190.0
831 0 7190.0
832 0 7190.0
833 0 7190.0
834 0 7190.0
835 0 7190.0
836 0 7190.0
837 0 7190.0
838 0 7190.0
839 0 7190.0
840 0 7190.0
841 0 7190.0
842 0 7190.0
843 0 7190.0
844 0 7190.0
845 0 7190.0
846 0 7190.0
847 0 7190.0
848 0 7190.0
849 0 7190.0
850 0 7190.0
851 0 7190.0
852 0 7190.0
853 0 7190.0
854 0 7190.0
855 0 7190.0
856 0 7190.0
857 0 7190.0
858 0 7190.0
859 0 7190.0
860 0 7190.0
861 0 7190.0
862 0 7190.0
863 0 7190.0
864 0 7190.0
865 0 7190.0
866 0 7190.0
867 0 7190.0
868 0 7190.0
869 0 7190.0
870 0 7190.0
871 0 7190.0
872 0 7190.0
873 0 7190.0
874 0 7190.0
875 0 7190.0
876 0 7190.0
877 0 7190.0
878 0 7190.0
879 0 7190.0
880 0 7190.0
881 0 7190.0
882 0 7190.0
883 0 7190.0
884 0 7190.0
885 0 7190.0
886 0 7190.0
887 0 7190.0
888 0 7190.0
889 0 7190.0
890 0 7190.0
891 0 7190.0
892 0 7190.0
893 0 7190.0
894 0 7190.0
895 0 7190.0
896 0 7190.0
897 0 7190.0
898 0 7190.0
899 0 7190.0
900 0 7190.0
901 0 7190.0
902 0 7190.0
903 0 7190.0
904 0 7190.0
905 0 7190.0
906 0 7190.0
907 0 7190.0
908 0 7190.0
909 0 7190.0
910 0 7190.0
911 0 7190.0
912 0 7190.0
913 0 7190.0
914 0 7190.0
915 0 7190.0
916 0 7190.0
917 0 7190.0
918 0 7190.0
919 0 7190.0
920 0 7190.0
921 0 7190.0
922 0 7190.0
923 0 7190.0
924 0 7190.0
925 0 7190.0
926 0 7190.0
927 0 7190.0
928 0 7190.0
929 0 7190.0
930 0 7190.0
931 0 7190.0
932 0 7190.0
933 0 7190.0
934 0 7190.0
935 0 7190.0
936 0 7190.0
937 0 7190.0
938 0 7190.0
939 0 7190.0
940 0 7190.0
941 0 7190.0
942 0 7190.0
943 0 7190.0
944 0 7190.0
945 0 7190.0
946 0 7190.0
947 0 7190.0
948 0 7190.0
949 0 7190.0
950 0 7190.0
951 0 7190.0
952 0 7190.0
953 0 7190.0
954 0 7190.0
955 0 7190.0
956 0 7190.0
957 0 7190.0
958 0 7190.0
959 0 7190.0
960 0 7190.0
961 0 7190.0
962 0 7190.0
963 0 7190.0
964 0 7190.0
965 0 7190.0
966 0 7190.0
967 0 7190.0
968 0 7190.0
969 0 7190.0
970 0 7190.0
971 0 7190.0
972 0 7190.0
973 0 7190.0
974 0 7190.0
975 0 7190.0
976 0 7190.0
977 0 7190.0
978 0 7190.0
979 0 7190.0
980 0 7190.0
981 0 7190.0
982 0 7190.0
983 0 7190.0
984 0 7190.0
985 0 7190.0
986 0 7190.0
987 0 7190.0
988 0 7190.0
989 0 7190.0
990 0 7190.0
991 0 7190.0
992 0 7190.0
993 0 7190.0
994 0 7190.0
995 0 7190.0
996 0 7190.0
997 0 7190.0
998 0 7190.0
999 0 7190.0
1000 0 7190.0
