1 1 15036.0
2 1 20675.0
3 1 26171.0
4 1 31518.0
5 1 36850.0
6 1 42017.0
7 1 47169.0
8 2 52371.0
9 2 57366.0
10 4 62367.0
11 4 67656.0
12 4 72718.0
13 4 77729.0
14 8 82987.0
15 8 88190.0
16 16 93228.0
17 14 98182.0
18 24 103362.0
19 21 108389.0
20 18 113392.0
21 21 118179.0
22 26 123321.0
23 33 128403.0
24 35 133232.0
25 39 138161.0
26 49 143186.0
27 57 148210.0
28 78 153307.0
29 71 158062.0
30 85 163029.0
31 82 168095.0
32 79 173134.0
33 94 177823.0
34 115 182562.0
35 149 187454.0
36 158 192370.0
37 152 197340.0
38 147 202342.0
39 156 207257.0
40 175 212371.0
41 178 217322.0
42 205 222087.0
43 250 226850.0
44 253 231895.0
45 285 236715.0
46 284 241708.0
47 271 246571.0
48 275 251541.0
49 266 256289.0
50 306 261099.0
51 379 265988.0
52 436 270942.0
53 467 275768.0
54 439 280690.0
55 457 285488.0
56 451 290306.0
57 496 295106.0
58 534 299896.0
59 597 304838.0
60 641 309681.0
61 649 314610.0
62 628 319282.0
63 739 324080.0
64 749 329026.0
65 720 333714.0
66 783 338732.0
67 800 343532.0
68 809 348044.0
69 897 352869.0
70 937 357480.0
71 931 362302.0
72 912 366889.0
73 927 371685.0
74 959 376555.0
75 1000 381390.0
76 1048 386165.0
77 1089 390754.0
78 1127 395362.0
79 1240 400049.0
80 1189 404686.0
81 1152 409474.0
82 1161 414116.0
83 1258 418770.0
84 1379 423296.0
85 1486 427774.0
86 1548 432293.0
87 1537 436973.0
88 1565 441478.0
89 1575 445880.0
90 1588 450476.0
91 1622 455186.0
92 1642 459731.0
93 1732 464031.0
94 1789 468678.0
95 1739 473131.0
96 1817 477574.0
97 1880 482149.0
98 1931 486599.0
99 1978 491036.0
100 2023 495344.0
101 2131 499730.0
102 2156 504182.0
103 2079 508559.0
104 2171 512860.0
105 2144 517339.0
106 2213 521607.0
107 2309 526093.0
108 2357 530241.0
109 2518 534450.0
110 2630 538779.0
111 2564 543122.0
112 2566 547378.0
113 2693 551364.0
114 2787 555613.0
115 2823 559812.0
116 2927 564022.0
117 2931 568100.0
118 2951 572543.0
119 2895 576584.0
120 2967 580779.0
121 3090 584876.0
122 3133 589273.0
123 3082 593340.0
124 3272 597655.0
125 3275 601661.0
126 3458 605827.0
127 3397 609887.0
128 3482 614053.0
129 3429 618071.0
130 3456 622120.0
131 3609 626115.0
132 3667 630264.0
133 3807 634136.0
134 3878 638263.0
135 3784 642235.0
136 4004 646138.0
137 3962 649983.0
138 4006 653734.0
139 4171 657396.0
140 4176 661235.0
141 4295 665319.0
142 4449 668844.0
143 4553 672524.0
144 4541 676218.0
145 4640 679994.0
146 4696 683738.0
147 4801 687313.0
148 4949 690881.0
149 5110 694359.0
150 5124 697984.0
151 5093 701506.0
152 5146 705245.0
153 5155 708877.0
154 5388 712431.0
155 5339 716055.0
156 5528 719570.0
157 5625 722992.0
158 5513 726411.0
159 5558 729908.0
160 5625 733407.0
161 5682 736877.0
162 5859 740197.0
163 6157 743581.0
164 6336 746653.0
165 6320 749948.0
166 6271 753174.0
167 6328 756214.0
168 6473 759230.0
169 6767 762465.0
170 7012 765539.0
171 7021 768533.0
172 6900 771763.0
173 6775 774951.0
174 6753 778020.0
175 7062 781110.0
176 7274 784049.0
177 7423 787187.0
178 7281 790275.0
179 7242 793254.0
180 7379 796214.0
181 7417 799227.0
182 7484 802159.0
183 7508 805070.0
184 7511 807902.0
185 7586 810961.0
186 7741 813661.0
187 7901 816415.0
188 8038 819091.0
189 8183 822080.0
190 8082 825059.0
191 8203 827820.0
192 8635 830334.0
193 8974 832758.0
194 8894 835546.0
195 8654 838129.0
196 9042 840639.0
197 9096 843217.0
198 9353 845664.0
199 9346 848318.0
200 9228 845547.0
201 9075 838959.0
202 8540 832757.0
203 8074 826458.0
204 7715 820515.0
205 7603 814370.0
206 7516 808511.0
207 6916 802690.0
208 6604 797127.0
209 6732 791482.0
210 6614 785798.0
211 6625 779919.0
212 6813 774081.0
213 6828 768476.0
214 6737 762476.0
215 6650 756716.0
216 6329 750971.0
217 6411 745261.0
218 6607 739443.0
219 6855 733792.0
220 6842 727802.0
221 6925 721812.0
222 6921 715925.0
223 7002 710111.0
224 6841 704419.0
225 6489 698880.0
226 6528 693211.0
227 6642 687498.0
228 6696 681641.0
229 7091 675654.0
230 7157 669874.0
231 6778 664247.0
232 6304 658857.0
233 5947 653608.0
234 6061 647890.0
235 6469 642044.0
236 6786 636219.0
237 6780 630530.0
238 6672 625073.0
239 6403 619374.0
240 6421 613894.0
241 6350 608164.0
242 6413 602877.0
243 6289 597429.0
244 6268 592089.0
245 6513 586224.0
246 6620 580667.0
247 6477 575284.0
248 6496 569961.0
249 6514 564236.0
250 6626 558795.0
251 6459 553310.0
252 6689 547803.0
253 6728 542396.0
254 6373 537170.0
255 6197 531731.0
256 6053 526506.0
257 6116 521079.0
258 6339 515936.0
259 6189 510668.0
260 6165 505368.0
261 6431 500068.0
262 6615 494539.0
263 6566 489334.0
264 6171 484245.0
265 6026 478957.0
266 6212 473765.0
267 6220 468726.0
268 6199 463536.0
269 6159 458370.0
270 6027 453423.0
271 5840 448767.0
272 5714 443704.0
273 5881 438799.0
274 5840 433821.0
275 5836 428861.0
276 5676 424094.0
277 5725 419122.0
278 5944 414295.0
279 5826 409630.0
280 5761 404663.0
281 5731 399850.0
282 5806 395096.0
283 5704 390418.0
284 5703 385598.0
285 5987 380744.0
286 5997 375834.0
287 5723 371267.0
288 5431 366679.0
289 5319 362074.0
290 5352 357347.0
291 5449 352748.0
292 5294 348072.0
293 5336 343716.0
294 5399 339023.0
295 5448 334485.0
296 5502 329786.0
297 5578 325178.0
298 5438 320710.0
299 5306 316536.0
300 5294 311995.0
301 5222 307637.0
302 5132 303124.0
303 5150 298958.0
304 5038 294539.0
305 5099 290293.0
306 5121 285829.0
307 5113 281364.0
308 5157 277177.0
309 5145 272890.0
310 5040 268736.0
311 4880 264889.0
312 4818 260722.0
313 4946 256834.0
314 5022 252532.0
315 5135 248431.0
316 4889 244315.0
317 4744 240208.0
318 4600 236319.0
319 4475 232596.0
320 4363 228659.0
321 4256 225012.0
322 4207 221222.0
323 4291 217559.0
324 4241 213791.0
325 4119 210319.0
326 4102 206610.0
327 4168 202901.0
328 4050 199219.0
329 4055 195668.0
330 3992 192073.0
331 4084 188330.0
332 4269 184657.0
333 4196 180981.0
334 4049 177642.0
335 3923 174281.0
336 4016 170767.0
337 4068 167327.0
338 4105 163936.0
339 4062 160619.0
340 4122 157116.0
341 4064 153982.0
342 3621 150859.0
343 3443 147938.0
344 3355 144916.0
345 3388 141966.0
346 3369 139120.0
347 3247 136224.0
348 3193 133390.0
349 3176 130484.0
350 3136 127573.0
351 3193 124938.0
352 3085 122115.0
353 2994 119464.0
354 2941 116777.0
355 2967 114188.0
356 2991 111450.0
357 2938 108934.0
358 2896 106599.0
359 2882 104250.0
360 2867 101480.0
361 2885 99083.0
362 2738 96656.0
363 2591 94231.0
364 2564 91927.0
365 2493 89826.0
366 2389 87465.0
367 2348 85226.0
368 2361 83186.0
369 2392 81109.0
370 2376 79020.0
371 2300 77025.0
372 2239 75069.0
373 2181 73248.0
374 2120 71371.0
375 2013 69527.0
376 1991 67696.0
377 2049 65891.0
378 2017 64038.0
379 2015 62325.0
380 2049 60576.0
381 1994 59015.0
382 1946 57445.0
383 1848 55917.0
384 1793 54434.0
385 1737 52924.0
386 1698 51514.0
387 1580 50151.0
388 1522 48732.0
389 1506 47427.0
390 1540 46078.0
391 1489 44684.0
392 1406 43448.0
393 1376 42223.0
394 1363 41041.0
395 1335 39815.0
396 1308 38747.0
397 1273 37641.0
398 1199 36682.0
399 1142 35759.0
400 1057 34866.0
401 979 33970.0
402 947 32987.0
403 974 32000.0
404 965 31101.0
405 981 30230.0
406 916 29494.0
407 858 28607.0
408 805 27838.0
409 720 27061.0
410 682 26363.0
411 663 25668.0
412 617 24910.0
413 650 24243.0
414 632 23532.0
415 582 22985.0
416 550 22363.0
417 554 21848.0
418 496 21315.0
419 460 20753.0
420 443 20150.0
421 462 19650.0
422 479 19106.0
423 483 18431.0
424 439 18071.0
425 390 17797.0
426 350 17347.0
427 340 17136.0
428 351 16787.0
429 339 16367.0
430 323 16117.0
431 278 15794.0
432 260 15487.0
433 230 15056.0
434 215 14730.0
435 193 14510.0
436 166 14236.0
437 145 14049.0
438 159 13660.0
439 134 13366.0
440 99 13271.0
441 72 13059.0
442 54 12735.0
443 51 12553.0
444 49 12279.0
445 41 12109.0
446 41 12032.0
447 40 11907.0
448 39 11718.0
449 40 11534.0
450 34 11395.0
451 25 11205.0
452 17 11044.0
453 13 10882.0
454 14 10744.0
455 15 10501.0
456 13 10288.0
457 16 10245.0
458 14 10074.0
459 17 9841.0
460 15 9654.0
461 16 9468.0
462 18 9432.0
463 19 9286.0
464 14 9279.0
465 9 9251.0
466 10 9152.0
467 7 9059.0
468 5 8923.0
469 4 8856.0
470 3 8862.0
471 2 8764.0
472 2 8660.0
473 2 8571.0
474 2 8601.0
475 2 8546.0
476 1 8372.0
477 0 8413.0
478 0 8340.0
479 0 8397.0
480 0 8331.0
481 0 8322.0
482 0 8227.0
483 0 8158.0
484 0 8066.0
485 0 7946.0
486 0 7778.0
487 0 7793.0
488 0 7773.0
489 0 7678.0
490 0 7649.0
491 0 7556.0
492 0 7547.0
493 0 7554.0
494 0 7499.0
495 0 7473.0
496 0 7567.0
497 0 7525.0
498 0 7543.0
499 0 7552.0
500 0 7737.0
501 0 7639.0
502 0 7565.0
503 0 7505.0
504 0 7453.0
505 0 7448.0
506 0 7455.0
507 0 7427.0
508 0 7482.0
509 0 7395.0
510 0 7267.0
511 0 7308.0
512 0 7423.0
513 0 7357.0
514 0 7347.0
515 0 7423.0
516 0 7509.0
517 0 7433.0
518 0 7383.0
519 0 7282.0
520 0 7381.0
521 0 7167.0
522 0 7194.0
523 0 7163.0
524 0 7198.0
525 0 7160.0
526 0 7246.0
527 0 7279.0
528 0 7276.0
529 0 7249.0
530 0 7199.0
531 0 7185.0
532 0 7249.0
533 0 7174.0
534 0 7159.0
535 0 7109.0
536 0 7135.0
537 0 7122.0
538 0 7076.0
539 0 7162.0
540 0 7130.0
541 0 7071.0
542 0 7221.0
543 0 7277.0
544 0 7147.0
545 0 7170.0
546 0 7158.0
547 0 7188.0
548 0 7220.0
549 0 7143.0
550 0 7149.0
551 0 7112.0
552 0 7066.0
553 0 7003.0
554 0 6990.0
555 0 6915.0
556 0 7047.0
557 0 7076.0
558 0 7139.0
559 0 7007.0
560 0 7195.0
561 0 7281.0
562 0 7206.0
563 0 7245.0
564 0 7248.0
565 0 7194.0
566 0 7278.0
567 0 7202.0
568 0 7125.0
569 0 7122.0
570 0 7026.0
571 0 7063.0
572 0 6899.0
573 0 6978.0
574 0 6962.0
575 0 6968.0
576 0 6965.0
577 0 6939.0
578 0 7181.0
579 0 7112.0
580 0 7231.0
581 0 7098.0
582 0 7222.0
583 0 7178.0
584 0 7163.0
585 0 7094.0
586 0 7148.0
587 0 7149.0
588 0 7008.0
589 0 7020.0
590 0 6999.0
591 0 7017.0
592 0 7055.0
593 0 7038.0
594 0 7104.0
595 0 7066.0
596 0 7063.0
597 0 7034.0
598 0 7018.0
599 0 7006.0
600 0 7006.0
601 0 7006.0
602 0 7006.0
603 0 7006.0
604 0 7006.0
605 0 7006.0
606 0 7006.0
607 0 7006.0
608 0 7006.0
609 0 7006.0
610 0 7006.0
611 0 7006.0
612 0 7006.0
613 0 7006.0
614 0 7006.0
615 0 7006.0
616 0 7006.0
617 0 7006.0
618 0 7006.0
619 0 7006.0
620 0 7006.0
621 0 7006.0
622 0 7006.0
623 0 7006.0
624 0 7006.0
625 0 7006.0
626 0 7006.0
627 0 7006.0
628 0 7006.0
629 0 7006.0
630 0 7006.0
631 0 7006.0
632 0 7006.0
633 0 7006.0
634 0 7006.0
635 0 7006.0
636 0 7006.0
637 0 7006.0
638 0 7006.0
639 0 7006.0
640 0 7006.0
641 0 7006.0
642 0 7006.0
643 0 7006.0
644 0 7006.0
645 0 7006.0
646 0 7006.0
647 0 7006.0
648 0 7006.0
649 0 7006.0
650 0 7006.0
651 0 7006.0
652 0 7006.0
653 0 7006.0
654 0 7006.0
655 0 7006.0
656 0 7006.0
657 0 7006.0
658 0 7006.0
659 0 7006.0
660 0 7006.0
661 0 7006.0
662 0 7006.0
663 0 7006.0
664 0 7006.0
665 0 7006.0
666 0 7006.0
667 0 7006.0
668 0 7006.0
669 0 7006.0
670 0 7006.0
671 0 7006.0
672 0 7006.0
673 0 7006.0
674 0 7006.0
675 0 7006.0
676 0 7006.0
677 0 7006.0
678 0 7006.0
679 0 7006.0
680 0 7006.0
681 0 7006.0
682 0 7006.0
683 0 7006.0
684 0 7006.0
685 0 7006.0
686 0 7006.0
687 0 7006.0
688 0 7006.0
689 0 7006.0
690 0 7006.0
691 0 7006.0
692 0 7006.0
693 0 7006.0
694 0 7006.0
695 0 7006.0
696 0 7006.0
697 0 7006.0
698 0 7006.0
699 0 7006.0
700 0 7006.0
701 0 7006.0
702 0 7006.0
703 0 7006.0
704 0 7006.0
705 0 7006.0
706 0 7006.0
707 0 7006.0
708 0 7006.0
709 0 7006.0
710 0 7006.0
711 0 7006.0
712 0 7006.0
713 0 7006.0
714 0 7006.0
715 0 7006.0
716 0 7006.0
717 0 7006.0
718 0 7006.0
719 0 7006.0
720 0 7006.0
721 0 7006.0
722 0 7006.0
723 0 7006.0
724 0 7006.0
725 0 7006.0
726 0 7006.0
727 0 7006.0
728 0 7006.0
729 0 7006.0
730 0 7006.0
731 0 7006.0
732 0 7006.0
733 0 7006.0
734 0 7006.0
735 0 7006.0
736 0 7006.0
737 0 7006.0
738 0 7006.0
739 0 7006.0
740 0 7006.0
741 0 7006.0
742 0 7006.0
743 0 7006.0
744 0 7006.0
745 0 7006.0
746 0 7006.0
747 0 7006.0
748 0 7006.0
749 0 7006.0
750 0 7006.0
751 0 7006.0
752 0 7006.0
753 0 7006.0
754 0 7006.0
755 0 7006.0
756 0 7006.0
757 0 7006.0
758 0 7006.0
759 0 7006.0
760 0 7006.0
761 0 7006.0
762 0 7006.0
763 0 7006.0
764 0 7006.0
765 0 7006.0
766 0 7006.0
767 0 7006.0
768 0 7006.0
769 0 7006.0
770 0 7006.0
771 0 7006.0
772 0 7006.0
773 0 7006.0
774 0 7006.0
775 0 7006.0
776 0 7006.0
777 0 7006.0
778 0 7006.0
779 0 7006.0
780 0 7006.0
781 0 7006.0
782 0 7006.0
783 0 7006.0
784 0 7006.0
785 0 7006.0
786 0 7006.0
787 0 7006.0
788 0 7006.0
789 0 7006.0
790 0 7006.0
791 0 7006.0
792 0 7006.0
793 0 7006.0
794 0 7006.0
795 0 7006.0
796 0 7006.0
797 0 7006.0
798 0 7006.0
799 0 7006.0
800 0 7006.0
801 0 7006.0
802 0 7006.0
803 0 7006.0
804 0 7006.0
805 0 7006.0
806 0 7006.0
807 0 7006.0
808 0 7006.0
809 0 7006.0
810 0 7006.0
811 0 7006.0
812 0 7006.0
813 0 7006.0
814 0 7006.0
815 0 7006.0
816 0 7006.0
817 0 7006.0
818 0 7006.0
819 0 7006.0
820 0 7006.0
821 0 7006.0
822 0 7006.0
823 0 7006.0
824 0 7006.0
825 0 7006.0
826 0 7006.0
827 0 7006.0
828 0 7006.0
829 0 7006.0
830 0 7006.0
831 0 7006.0
832 0 7006.0
833 0 7006.0
834 0 7006.0
835 0 7006.0
836 0 7006.0
837 0 7006.0
838 0 7006.0
839 0 7006.0
840 0 7006.0
841 0 7006.0
842 0 7006.0
843 0 7006.0
844 0 7006.0
845 0 7006.0
846 0 7006.0
847 0 7006.0
848 0 7006.0
849 0 7006.0
850 0 7006.0
851 0 7006.0
852 0 7006.0
853 0 7006.0
854 0 7006.0
855 0 7006.0
856 0 7006.0
857 0 7006.0
858 0 7006.0
859 0 7006.0
860 0 7006.0
861 0 7006.0
862 0 7006.0
863 0 7006.0
864 0 7006.0
865 0 7006.0
866 0 7006.0
867 0 7006.0
868 0 7006.0
869 0 7006.0
870 0 7006.0
871 0 7006.0
872 0 7006.0
873 0 7006.0
874 0 7006.0
875 0 7006.0
876 0 7006.0
877 0 7006.0
878 0 7006.0
879 0 7006.0
880 0 7006.0
881 0 7006.0
882 0 7006.0
883 0 7006.0
884 0 7006.0
885 0 7006.0
886 0 7006.0
887 0 7006.0
888 0 7006.0
889 0 7006.0
890 0 7006.0
891 0 7006.0
892 0 7006.0
893 0 7006.0
894 0 7006.0
895 0 7006.0
896 0 7006.0
897 0 7006.0
898 0 7006.0
899 0 7006.0
900 0 7006.0
901 0 7006.0
902 0 7006.0
903 0 7006.0
904 0 7006.0
905 0 7006.0
906 0 7006.0
907 0 7006.0
908 0 7006.0
909 0 7006.0
910 0 7006.0
911 0 7006.0
912 0 7006.0
913 0 7006.0
914 0 7006.0
915 0 7006.0
916 0 7006.0
917 0 7006.0
918 0 7006.0
919 0 7006.0
920 0 7006.0
921 0 7006.0
922 0 7006.0
923 0 7006.0
924 0 7006.0
925 0 7006.0
926 0 7006.0
927 0 7006.0
928 0 7006.0
929 0 7006.0
930 0 7006.0
931 0 7006.0
932 0 7006.0
933 0 7006.0
934 0 7006.0
935 0 7006.0
936 0 7006.0
937 0 7006.0
938 0 7006.0
939 0 7006.0
940 0 7006.0
941 0 7006.0
942 0 7006.0
943 0 7006.0
944 0 7006.0
945 0 7006.0
946 0 7006.0
947 0 7006.0
948 0 7006.0
949 0 7006.0
950 0 7006.0
951 0 7006.0
952 0 7006.0
953 0 7006.0
954 0 7006.0
955 0 7006.0
956 0 7006.0
957 0 7006.0
958 0 7006.0
959 0 7006.0
960 0 7006.0
961 0 7006.0
962 0 7006.0
963 0 7006.0
964 0 7006.0
965 0 7006.0
966 0 7006.0
967 0 7006.0
968 0 7006.0
969 0 7006.0
970 0 7006.0
971 0 7006.0
972 0 7006.0
973 0 7006.0
974 0 7006.0
975 0 7006.0
976 0 7006.0
977 0 7006.0
978 0 7006.0
979 0 7006.0
980 0 7006.0
981 0 7006.0
982 0 7006.0
983 0 7006.0
984 0 7006.0
985 0 7006.0
986 0 7006.0
987 0 7006.0
988 0 7006.0
989 0 7006.0
990 0 7006.0
991 0 7006.0
992 0 7006.0
993 0 7006.0
994 0 7006.0
995 0 7006.0
996 0 7006.0
997 0 7006.0
998 0 7006.0
999 0 7006.0
1000 0 7006.0
