1 1 15108.0
2 2 20709.0
3 1 26145.0
4 1 31697.0
5 1 37183.0
6 1 42221.0
7 1 47555.0
8 2 52573.0
9 2 57813.0
10 4 62955.0
11 3 67937.0
12 6 72933.0
13 4 78135.0
14 7 83268.0
15 5 88178.0
16 4 93326.0
17 3 98405.0
18 6 103498.0
19 5 108588.0
20 7 113568.0
21 7 118465.0
22 14 123513.0
23 11 128626.0
24 19 133562.0
25 19 138378.0
26 26 143404.0
27 34 148404.0
28 46 153284.0
29 43 158327.0
30 55 163386.0
31 57 168590.0
32 57 173657.0
33 77 178755.0
34 84 183824.0
35 124 188906.0
36 115 193945.0
37 110 199137.0
38 121 203987.0
39 125 208874.0
40 126 213790.0
41 152 218710.0
42 161 223799.0
43 176 228696.0
44 196 233581.0
45 200 238396.0
46 220 243556.0
47 246 248552.0
48 287 253495.0
49 311 258567.0
50 327 263504.0
51 298 268387.0
52 316 273443.0
53 338 278397.0
54 328 283476.0
55 335 288457.0
56 366 293396.0
57 433 298164.0
58 451 303022.0
59 429 308084.0
60 418 312964.0
61 456 317784.0
62 503 322760.0
63 502 327471.0
64 522 332297.0
65 592 336953.0
66 593 341855.0
67 642 346543.0
68 691 351431.0
69 760 356231.0
70 732 361267.0
71 698 366261.0
72 685 371226.0
73 734 376032.0
74 809 380741.0
75 823 385601.0
76 863 390412.0
77 916 394976.0
78 917 399761.0
79 946 404596.0
80 1015 409450.0
81 1045 414233.0
82 1054 418920.0
83 1094 423590.0
84 1185 428213.0
85 1234 432866.0
86 1293 437565.0
87 1338 442273.0
88 1345 447023.0
89 1368 451785.0
90 1398 456637.0
91 1443 461250.0
92 1445 465821.0
93 1453 470311.0
94 1510 474759.0
95 1547 479392.0
96 1607 484037.0
97 1676 488566.0
98 1688 493085.0
99 1742 497549.0
100 1775 502032.0
101 1750 506568.0
102 1683 511113.0
103 1789 515792.0
104 1908 520401.0
105 1950 524891.0
106 1984 529421.0
107 2098 533897.0
108 2179 538255.0
109 2192 542755.0
110 2149 547141.0
111 2170 551561.0
112 2228 555890.0
113 2316 560275.0
114 2341 564519.0
115 2346 568976.0
116 2383 573341.0
117 2510 577792.0
118 2498 582034.0
119 2623 586378.0
120 2703 590528.0
121 2663 594752.0
122 2719 599020.0
123 2783 603369.0
124 2819 607521.0
125 2905 611767.0
126 3018 615773.0
127 3148 620144.0
128 3108 624132.0
129 3145 628497.0
130 3178 632773.0
131 3274 636695.0
132 3390 640876.0
133 3359 644918.0
134 3512 648969.0
135 3413 653038.0
136 3577 657021.0
137 3748 661182.0
138 3921 665080.0
139 4136 669000.0
140 4107 672988.0
141 3864 676966.0
142 3770 680745.0
143 3953 684663.0
144 4041 688546.0
145 4156 692235.0
146 4366 695985.0
147 4429 700027.0
148 4497 703941.0
149 4459 707557.0
150 4623 711125.0
151 4594 715056.0
152 4521 718701.0
153 4741 722614.0
154 4829 726183.0
155 4971 729659.0
156 5138 733115.0
157 5500 736489.0
158 5589 739958.0
159 5427 743670.0
160 5185 747305.0
161 5195 750858.0
162 5308 754277.0
163 5471 757681.0
164 5587 761205.0
165 5670 764376.0
166 5825 767979.0
167 5706 771233.0
168 5930 774464.0
169 6043 777850.0
170 6072 781121.0
171 5965 784558.0
172 5921 788031.0
173 6071 791252.0
174 6380 794323.0
175 6583 797567.0
176 6780 800858.0
177 6522 804190.0
178 6444 807600.0
179 6594 810723.0
180 6825 813752.0
181 7066 816572.0
182 7245 819528.0
183 7477 822308.0
184 7673 825328.0
185 7340 828370.0
186 7188 831722.0
187 7168 834718.0
188 7666 837591.0
189 7905 840402.0
190 7937 843442.0
191 8031 846438.0
192 7989 849377.0
193 8001 852091.0
194 8267 854823.0
195 8315 857460.0
196 8406 860144.0
197 8591 862888.0
198 8778 865279.0
199 8688 868093.0
200 8642 865348.0
201 8626 858886.0
202 7999 852459.0
203 7575 846373.0
204 7310 840085.0
205 7166 834179.0
206 6729 828234.0
207 6542 822395.0
208 6588 816376.0
209 6593 810476.0
210 6437 804491.0
211 6482 798617.0
212 6502 792792.0
213 6439 786922.0
214 6636 781002.0
215 6622 775075.0
216 6339 769063.0
217 6228 763134.0
218 6211 757619.0
219 5986 751650.0
220 6053 746098.0
221 6160 740075.0
222 6512 734319.0
223 6483 728215.0
224 6455 722640.0
225 6204 716753.0
226 5991 711230.0
227 6078 705508.0
228 6347 699864.0
229 6398 693916.0
230 6540 688260.0
231 6444 682305.0
232 6413 676998.0
233 6187 671165.0
234 6453 665529.0
235 6465 659868.0
236 6262 654348.0
237 6086 648817.0
238 6134 643049.0
239 6323 637567.0
240 6274 632076.0
241 6270 626337.0
242 6264 620762.0
243 6399 615004.0
244 6567 609364.0
245 6624 603470.0
246 6697 598108.0
247 6338 592572.0
248 6211 587343.0
249 5991 581781.0
250 6014 576486.0
251 5898 571042.0
252 6291 565645.0
253 6426 560191.0
254 6178 554621.0
255 6032 549531.0
256 5777 544436.0
257 5852 539124.0
258 5880 533654.0
259 5933 528294.0
260 6060 522990.0
261 6174 517611.0
262 6225 512401.0
263 6171 506917.0
264 5909 501712.0
265 5733 496519.0
266 6002 490998.0
267 6206 485546.0
268 6096 480342.0
269 5898 475305.0
270 5800 470265.0
271 5612 465293.0
272 5491 460272.0
273 5522 455217.0
274 5737 450134.0
275 5924 445239.0
276 5695 440268.0
277 5634 435531.0
278 5598 430586.0
279 5511 425426.0
280 5562 420497.0
281 5755 415501.0
282 5793 410475.0
283 5624 405623.0
284 5433 400727.0
285 5459 395639.0
286 5580 390844.0
287 5579 386028.0
288 5727 381181.0
289 5637 376332.0
290 5570 371409.0
291 5658 366631.0
292 5713 361796.0
293 5520 357170.0
294 5266 352613.0
295 5160 348184.0
296 4938 343504.0
297 5022 338996.0
298 5088 334346.0
299 5231 329906.0
300 5035 325495.0
301 4781 321048.0
302 4729 316910.0
303 4665 312291.0
304 4783 307870.0
305 4903 303384.0
306 5069 298865.0
307 5026 294460.0
308 5133 289985.0
309 5115 285700.0
310 4868 281387.0
311 4727 277222.0
312 4753 273120.0
313 4785 269015.0
314 4716 264551.0
315 4946 260456.0
316 4841 256142.0
317 4921 252020.0
318 4691 248007.0
319 4566 244069.0
320 4589 239938.0
321 4635 236124.0
322 4534 232188.0
323 4425 228321.0
324 4197 224603.0
325 4089 220743.0
326 4137 216952.0
327 4151 213120.0
328 4249 209516.0
329 4111 205709.0
330 3955 202089.0
331 4019 198309.0
332 4145 194553.0
333 4243 190983.0
334 4213 187349.0
335 4228 183667.0
336 4075 180342.0
337 3755 176738.0
338 3696 173370.0
339 3604 169961.0
340 3547 166810.0
341 3561 163451.0
342 3551 160154.0
343 3410 156903.0
344 3318 153982.0
345 3243 150840.0
346 3180 147839.0
347 3207 144705.0
348 3265 141736.0
349 3282 138706.0
350 3325 135657.0
351 3433 132573.0
352 3327 129738.0
353 3058 126810.0
354 2980 124147.0
355 3039 121409.0
356 3016 118854.0
357 2793 116001.0
358 2697 113645.0
359 2548 111114.0
360 2660 108442.0
361 2798 105944.0
362 2700 103475.0
363 2527 101182.0
364 2349 98844.0
365 2406 96531.0
366 2309 94196.0
367 2187 92019.0
368 2111 89954.0
369 2110 87830.0
370 2095 85763.0
371 2117 83662.0
372 2158 81496.0
373 2131 79448.0
374 2111 77441.0
375 2133 75520.0
376 2053 73361.0
377 2071 71426.0
378 2047 69552.0
379 1927 67838.0
380 1865 66002.0
381 1776 64204.0
382 1875 62468.0
383 1818 60705.0
384 1772 59001.0
385 1641 57444.0
386 1519 55930.0
387 1517 54459.0
388 1570 52868.0
389 1532 51279.0
390 1492 49930.0
391 1470 48565.0
392 1410 47236.0
393 1335 45742.0
394 1250 44604.0
395 1137 43389.0
396 1075 42333.0
397 988 41207.0
398 916 40140.0
399 869 39073.0
400 851 38131.0
401 844 37049.0
402 870 36131.0
403 824 35129.0
404 775 34137.0
405 761 33189.0
406 790 32316.0
407 809 31399.0
408 798 30500.0
409 732 29642.0
410 681 28856.0
411 630 28277.0
412 616 27448.0
413 622 26772.0
414 587 26071.0
415 552 25380.0
416 511 24600.0
417 500 24084.0
418 454 23659.0
419 407 23126.0
420 372 22599.0
421 378 21933.0
422 360 21328.0
423 391 20807.0
424 422 20325.0
425 417 19865.0
426 367 19481.0
427 342 18835.0
428 306 18463.0
429 312 18078.0
430 312 17710.0
431 276 17379.0
432 213 16861.0
433 191 16627.0
434 176 16176.0
435 185 15846.0
436 181 15449.0
437 179 15183.0
438 172 14780.0
439 147 14497.0
440 112 14234.0
441 99 14108.0
442 89 13667.0
443 76 13399.0
444 62 13174.0
445 51 12797.0
446 45 12623.0
447 39 12319.0
448 42 12170.0
449 39 11979.0
450 33 11750.0
451 30 11590.0
452 32 11333.0
453 23 11158.0
454 25 10998.0
455 22 10866.0
456 23 10678.0
457 19 10616.0
458 14 10427.0
459 10 10268.0
460 7 10067.0
461 4 9997.0
462 2 9865.0
463 1 9715.0
464 1 9626.0
465 2 9504.0
466 1 9446.0
467 1 9487.0
468 1 9255.0
469 0 9185.0
470 0 9071.0
471 0 8950.0
472 0 8906.0
473 0 8705.0
474 0 8483.0
475 0 8469.0
476 0 8472.0
477 0 8289.0
478 0 8303.0
479 0 8132.0
480 0 8241.0
481 0 8214.0
482 0 8237.0
483 0 8212.0
484 0 8207.0
485 0 8209.0
486 0 8086.0
487 0 8118.0
488 0 7995.0
489 0 8051.0
490 0 8012.0
491 0 7905.0
492 0 7881.0
493 0 7811.0
494 0 7796.0
495 0 7800.0
496 0 7788.0
497 0 7790.0
498 0 7840.0
499 0 7796.0
500 0 7735.0
501 0 7619.0
502 0 7479.0
503 0 7498.0
504 0 7501.0
505 0 7520.0
506 0 7473.0
507 0 7386.0
508 0 7406.0
509 0 7440.0
510 0 7524.0
511 0 7314.0
512 0 7247.0
513 0 7281.0
514 0 7238.0
515 0 7185.0
516 0 7246.0
517 0 7266.0
518 0 7216.0
519 0 7160.0
520 0 7067.0
521 0 7237.0
522 0 7129.0
523 0 7078.0
524 0 7150.0
525 0 7247.0
526 0 7216.0
527 0 7264.0
528 0 7226.0
529 0 7203.0
530 0 7172.0
531 0 7152.0
532 0 7200.0
533 0 7217.0
534 0 7169.0
535 0 7196.0
536 0 7230.0
537 0 7225.0
538 0 7192.0
539 0 7240.0
540 0 7222.0
541 0 7235.0
542 0 7193.0
543 0 7304.0
544 0 7216.0
545 0 7247.0
546 0 7398.0
547 0 7256.0
548 0 7260.0
549 0 7184.0
550 0 7163.0
551 0 7061.0
552 0 7070.0
553 0 7086.0
554 0 7157.0
555 0 7085.0
556 0 6965.0
557 0 6988.0
558 0 7077.0
559 0 6951.0
560 0 6981.0
561 0 7114.0
562 0 7131.0
563 0 7111.0
564 0 7029.0
565 0 6982.0
566 0 7095.0
567 0 7161.0
568 0 7093.0
569 0 7175.0
570 0 7160.0
571 0 7174.0
572 0 7040.0
573 0 7146.0
574 0 7121.0
575 0 7110.0
576 0 7204.0
577 0 7199.0
578 0 7112.0
579 0 7027.0
580 0 7023.0
581 0 7116.0
582 0 7099.0
583 0 7114.0
584 0 7088.0
585 0 7217.0
586 0 7243.0
587 0 7297.0
588 0 7282.0
589 0 7288.0
590 0 7264.0
591 0 7239.0
592 0 7111.0
593 0 7125.0
594 0 7109.0
595 0 7159.0
596 0 7014.0
597 0 6982.0
598 0 7022.0
599 0 7100.0
600 0 7100.0
601 0 7100.0
602 0 7100.0
603 0 7100.0
604 0 7100.0
605 0 7100.0
606 0 7100.0
607 0 7100.0
608 0 7100.0
609 0 7100.0
610 0 7100.0
611 0 7100.0
612 0 7100.0
613 0 7100.0
614 0 7100.0
615 0 7100.0
616 0 7100.0
617 0 7100.0
618 0 7100.0
619 0 7100.0
620 0 7100.0
621 0 7100.0
622 0 7100.0
623 0 7100.0
624 0 7100.0
625 0 7100.0
626 0 7100.0
627 0 7100.0
628 0 7100.0
629 0 7100.0
630 0 7100.0
631 0 7100.0
632 0 7100.0
633 0 7100.0
634 0 7100.0
635 0 7100.0
636 0 7100.0
637 0 7100.0
638 0 7100.0
639 0 7100.0
640 0 7100.0
641 0 7100.0
642 0 7100.0
643 0 7100.0
644 0 7100.0
645 0 7100.0
646 0 7100.0
647 0 7100.0
648 0 7100.0
649 0 7100.0
650 0 7100.0
651 0 7100.0
652 0 7100.0
653 0 7100.0
654 0 7100.0
655 0 7100.0
656 0 7100.0
657 0 7100.0
658 0 7100.0
659 0 7100.0
660 0 7100.0
661 0 7100.0
662 0 7100.0
663 0 7100.0
664 0 7100.0
665 0 7100.0
666 0 7100.0
667 0 7100.0
668 0 7100.0
669 0 7100.0
670 0 7100.0
671 0 7100.0
672 0 7100.0
673 0 7100.0
674 0 7100.0
675 0 7100.0
676 0 7100.0
677 0 7100.0
678 0 7100.0
679 0 7100.0
680 0 7100.0
681 0 7100.0
682 0 7100.0
683 0 7100.0
684 0 7100.0
685 0 7100.0
686 0 7100.0
687 0 7100.0
688 0 7100.0
689 0 7100.0
690 0 7100.0
691 0 7100.0
692 0 7100.0
693 0 7100.0
694 0 7100.0
695 0 7100.0
696 0 7100.0
697 0 7100.0
698 0 7100.0
699 0 7100.0
700 0 7100.0
701 0 7100.0
702 0 7100.0
703 0 7100.0
704 0 7100.0
705 0 7100.0
706 0 7100.0
707 0 7100.0
708 0 7100.0
709 0 7100.0
710 0 7100.0
711 0 7100.0
712 0 7100.0
713 0 7100.0
714 0 7100.0
715 0 7100.0
716 0 7100.0
717 0 7100.0
718 0 7100.0
719 0 7100.0
720 0 7100.0
721 0 7100.0
722 0 7100.0
723 0 7100.0
724 0 7100.0
725 0 7100.0
726 0 7100.0
727 0 7100.0
728 0 7100.0
729 0 7100.0
730 0 7100.0
731 0 7100.0
732 0 7100.0
733 0 7100.0
734 0 7100.0
735 0 7100.0
736 0 7100.0
737 0 7100.0
738 0 7100.0
739 0 7100.0
740 0 7100.0
741 0 7100.0
742 0 7100.0
743 0 7100.0
744 0 7100.0
745 0 7100.0
746 0 7100.0
747 0 7100.0
748 0 7100.0
749 0 7100.0
750 0 7100.0
751 0 7100.0
752 0 7100.0
753 0 7100.0
754 0 7100.0
755 0 7100.0
756 0 7100.0
757 0 7100.0
758 0 7100.0
759 0 7100.0
760 0 7100.0
761 0 7100.0
762 0 7100.0
763 0 7100.0
764 0 7100.0
765 0 7100.0
766 0 7100.0
767 0 7100.0
768 0 7100.0
769 0 7100.0
770 0 7100.0
771 0 7100.0
772 0 7100.0
773 0 7100.0
774 0 7100.0
775 0 7100.0
776 0 7100.0
777 0 7100.0
778 0 7100.0
779 0 7100.0
780 0 7100.0
781 0 7100.0
782 0 7100.0
783 0 7100.0
784 0 7100.0
785 0 7100.0
786 0 7100.0
787 0 7100.0
788 0 7100.0
789 0 7100.0
790 0 7100.0
791 0 7100.0
792 0 7100.0
793 0 7100.0
794 0 7100.0
795 0 7100.0
796 0 7100.0
797 0 7100.0
798 0 7100.0
799 0 7100.0
800 0 7100.0
801 0 7100.0
802 0 7100.0
803 0 7100.0
804 0 7100.0
805 0 7100.0
806 0 7100.0
807 0 7100.0
808 0 7100.0
809 0 7100.0
810 0 7100.0
811 0 7100.0
812 0 7100.0
813 0 7100.0
814 0 7100.0
815 0 7100.0
816 0 7100.0
817 0 7100.0
818 0 7100.0
819 0 7100.0
820 0 7100.0
821 0 7100.0
822 0 7100.0
823 0 7100.0
824 0 7100.0
825 0 7100.0
826 0 7100.0
827 0 7100.0
828 0 7100.0
829 0 7100.0
830 0 7100.0
831 0 7100.0
832 0 7100.0
833 0 7100.0
834 0 7100.0
835 0 7100.0
836 0 7100.0
837 0 7100.0
838 0 7100.0
839 0 7100.0
840 0 7100.0
841 0 7100.0
842 0 7100.0
843 0 7100.0
844 0 7100.0
845 0 7100.0
846 0 7100.0
847 0 7100.0
848 0 7100.0
849 0 7100.0
850 0 7100.0
851 0 7100.0
852 0 7100.0
853 0 7100.0
854 0 7100.0
855 0 7100.0
856 0 7100.0
857 0 7100.0
858 0 7100.0
859 0 7100.0
860 0 7100.0
861 0 7100.0
862 0 7100.0
863 0 7100.0
864 0 7100.0
865 0 7100.0
866 0 7100.0
867 0 7100.0
868 0 7100.0
869 0 7100.0
870 0 7100.0
871 0 7100.0
872 0 7100.0
873 0 7100.0
874 0 7100.0
875 0 7100.0
876 0 7100.0
877 0 7100.0
878 0 7100.0
879 0 7100.0
880 0 7100.0
881 0 7100.0
882 0 7100.0
883 0 7100.0
884 0 7100.0
885 0 7100.0
886 0 7100.0
887 0 7100.0
888 0 7100.0
889 0 7100.0
890 0 7100.0
891 0 7100.0
892 0 7100.0
893 0 7100.0
894 0 7100.0
895 0 7100.0
896 0 7100.0
897 0 7100.0
898 0 7100.0
899 0 7100.0
900 0 7100.0
901 0 7100.0
902 0 7100.0
903 0 7100.0
904 0 7100.0
905 0 7100.0
906 0 7100.0
907 0 7100.0
908 0 7100.0
909 0 7100.0
910 0 7100.0
911 0 7100.0
912 0 7100.0
913 0 7100.0
914 0 7100.0
915 0 7100.0
916 0 7100.0
917 0 7100.0
918 0 7100.0
919 0 7100.0
920 0 7100.0
921 0 7100.0
922 0 7100.0
923 0 7100.0
924 0 7100.0
925 0 7100.0
926 0 7100.0
927 0 7100.0
928 0 7100.0
929 0 7100.0
930 0 7100.0
931 0 7100.0
932 0 7100.0
933 0 7100.0
934 0 7100.0
935 0 7100.0
936 0 7100.0
937 0 7100.0
938 0 7100.0
939 0 7100.0
940 0 7100.0
941 0 7100.0
942 0 7100.0
943 0 7100.0
944 0 7100.0
945 0 7100.0
946 0 7100.0
947 0 7100.0
948 0 7100.0
949 0 7100.0
950 0 7100.0
951 0 7100.0
952 0 7100.0
953 0 7100.0
954 0 7100.0
955 0 7100.0
956 0 7100.0
957 0 7100.0
958 0 7100.0
959 0 7100.0
960 0 7100.0
961 0 7100.0
962 0 7100.0
963 0 7100.0
964 0 7100.0
965 0 7100.0
966 0 7100.0
967 0 7100.0
968 0 7100.0
969 0 7100.0
970 0 7100.0
971 0 7100.0
972 0 7100.0
973 0 7100.0
974 0 7100.0
975 0 7100.0
976 0 7100.0
977 0 7100.0
978 0 7100.0
979 0 7100.0
980 0 7100.0
981 0 7100.0
982 0 7100.0
983 0 7100.0
984 0 7100.0
985 0 7100.0
986 0 7100.0
987 0 7100.0
988 0 7100.0
989 0 7100.0
990 0 7100.0
991 0 7100.0
992 0 7100.0
993 0 7100.0
994 0 7100.0
995 0 7100.0
996 0 7100.0
997 0 7100.0
998 0 7100.0
999 0 7100.0
1000 0 7100.0
