1 1 15117.0
2 2 20790.0
3 2 26331.0
4 4 31607.0
5 4 36877.0
6 8 42015.0
7 6 47378.0
8 6 52326.0
9 8 57392.0
10 7 62630.0
11 9 67822.0
12 12 72807.0
13 15 78054.0
14 17 82867.0
15 23 87925.0
16 26 92879.0
17 34 97882.0
18 45 102795.0
19 53 107806.0
20 46 112814.0
21 45 117765.0
22 43 122705.0
23 60 127814.0
24 68 132731.0
25 72 137684.0
26 83 142653.0
27 91 147461.0
28 104 152506.0
29 105 157516.0
30 115 162410.0
31 118 167305.0
32 129 172194.0
33 124 177129.0
34 141 182018.0
35 168 186953.0
36 177 192123.0
37 189 197186.0
38 199 202321.0
39 219 207029.0
40 213 212139.0
41 223 217104.0
42 248 222266.0
43 275 227472.0
44 283 232448.0
45 314 237272.0
46 311 241995.0
47 347 246994.0
48 396 251779.0
49 409 256669.0
50 421 261405.0
51 413 266305.0
52 459 271106.0
53 447 275772.0
54 474 280709.0
55 498 285554.0
56 570 290435.0
57 629 295300.0
58 673 300256.0
59 670 304951.0
60 648 309597.0
61 704 314352.0
62 741 319161.0
63 757 323882.0
64 779 328458.0
65 796 333128.0
66 786 338060.0
67 822 343055.0
68 883 347523.0
69 957 352273.0
70 974 356978.0
71 977 361860.0
72 1011 366618.0
73 1007 371320.0
74 1043 376204.0
75 1133 380870.0
76 1243 385608.0
77 1253 390340.0
78 1221 395139.0
79 1268 399808.0
80 1349 404680.0
81 1338 409457.0
82 1361 414138.0
83 1382 418525.0
84 1492 423036.0
85 1512 427417.0
86 1571 432035.0
87 1509 436520.0
88 1538 441123.0
89 1601 445701.0
90 1694 450356.0
91 1699 454778.0
92 1723 459268.0
93 1792 463615.0
94 1824 467726.0
95 1860 472292.0
96 1850 476836.0
97 1966 481086.0
98 2030 485535.0
99 2093 490038.0
100 2140 494368.0
101 2206 498651.0
102 2245 503233.0
103 2202 507398.0
104 2329 511903.0
105 2420 516186.0
106 2529 520571.0
107 2385 524872.0
108 2362 529451.0
109 2370 533832.0
110 2528 538287.0
111 2627 542685.0
112 2655 547054.0
113 2749 551340.0
114 2894 555317.0
115 2949 559602.0
116 3004 563803.0
117 2984 567883.0
118 2922 572172.0
119 2991 576364.0
120 3121 580591.0
121 3263 584624.0
122 3396 588977.0
123 3464 592924.0
124 3481 597007.0
125 3447 601050.0
126 3604 605230.0
127 3566 609437.0
128 3625 613392.0
129 3605 617466.0
130 3658 621527.0
131 3811 625437.0
132 3984 629252.0
133 4004 633175.0
134 3941 637326.0
135 3849 641042.0
136 4028 645225.0
137 4099 649173.0
138 4253 653118.0
139 4373 656869.0
140 4589 660572.0
141 4577 664333.0
142 4518 668175.0
143 4364 672186.0
144 4489 676106.0
145 4703 679643.0
146 4838 683346.0
147 5025 686981.0
148 5077 690686.0
149 5031 694282.0
150 5026 697785.0
151 5147 701286.0
152 5408 704758.0
153 5480 708034.0
154 5556 711728.0
155 5364 715325.0
156 5476 718839.0
157 5807 722126.0
158 5922 725373.0
159 5803 728681.0
160 5986 732126.0
161 6063 735500.0
162 5994 738929.0
163 5967 742134.0
164 6144 745511.0
165 6193 748690.0
166 6384 752106.0
167 6424 755427.0
168 6629 758663.0
169 6747 761624.0
170 6802 764676.0
171 6701 768140.0
172 6868 771108.0
173 7157 774093.0
174 7147 777241.0
175 7360 780201.0
176 7351 783265.0
177 7366 786338.0
178 7494 789300.0
179 7599 792396.0
180 7741 795168.0
181 7977 798147.0
182 7933 801042.0
183 7844 804012.0
184 7864 806723.0
185 7981 809637.0
186 8236 812282.0
187 8710 815058.0
188 8745 817809.0
189 8730 820633.0
190 8550 823346.0
191 8604 826208.0
192 8672 828909.0
193 8988 831270.0
194 9174 833854.0
195 9151 836306.0
196 9070 838899.0
197 9020 841425.0
198 9125 844047.0
199 9210 846319.0
200 9276 843608.0
201 9008 837135.0
202 8589 830739.0
203 8281 824323.0
204 8050 818267.0
205 7465 812267.0
206 7157 806348.0
207 7033 800709.0
208 6763 794665.0
209 7012 788725.0
210 7172 782694.0
211 7201 776706.0
212 7071 770788.0
213 6876 764885.0
214 6704 759092.0
215 6897 753119.0
216 6947 747398.0
217 6828 741610.0
218 6859 735911.0
219 6782 730016.0
220 6790 724082.0
221 6873 718446.0
222 6859 712555.0
223 6790 706883.0
224 6420 700865.0
225 6403 695356.0
226 6547 689546.0
227 6815 683594.0
228 6982 677915.0
229 6774 672074.0
230 6736 666223.0
231 6701 660602.0
232 6621 654991.0
233 6549 649414.0
234 6404 643704.0
235 6485 638144.0
236 6773 632065.0
237 7006 626299.0
238 6998 620504.0
239 6765 614967.0
240 6660 609563.0
241 6575 603906.0
242 6762 598386.0
243 6975 592647.0
244 6947 587044.0
245 6988 581387.0
246 6864 575829.0
247 6673 570307.0
248 6490 565101.0
249 6323 559787.0
250 6348 554418.0
251 6311 548994.0
252 6395 543728.0
253 6142 538333.0
254 6268 532923.0
255 6443 527727.0
256 6247 522610.0
257 6015 517400.0
258 6199 512111.0
259 6268 506850.0
260 6260 501508.0
261 6250 496164.0
262 6294 491023.0
263 6296 485979.0
264 6395 480552.0
265 6524 475319.0
266 6401 469923.0
267 6448 464882.0
268 6596 459335.0
269 6702 454514.0
270 6324 449272.0
271 6127 444355.0
272 6076 439191.0
273 6180 434445.0
274 6145 429295.0
275 6172 424239.0
276 6093 419194.0
277 5962 414405.0
278 5797 409303.0
279 5850 404296.0
280 5875 399547.0
281 5848 394674.0
282 5910 389792.0
283 5810 384926.0
284 5798 380125.0
285 5693 375463.0
286 5694 370922.0
287 5783 366027.0
288 5874 361011.0
289 5891 356032.0
290 6065 351232.0
291 5901 346617.0
292 5532 342148.0
293 5406 337546.0
294 5526 332925.0
295 5588 328431.0
296 5585 323804.0
297 5736 319221.0
298 5700 314758.0
299 5602 310296.0
300 5503 305903.0
301 5410 301544.0
302 5189 297416.0
303 5054 293141.0
304 5242 288596.0
305 5375 284038.0
306 5376 279694.0
307 5164 275783.0
308 4921 271519.0
309 4947 267305.0
310 4983 263238.0
311 5032 259024.0
312 5046 254829.0
313 4960 250736.0
314 4900 246552.0
315 4893 242439.0
316 4860 238567.0
317 4707 234615.0
318 4751 230645.0
319 4716 226593.0
320 4820 222774.0
321 4753 218908.0
322 4639 214972.0
323 4542 211135.0
324 4391 207575.0
325 4191 203947.0
326 4109 200358.0
327 4109 196765.0
328 4094 193407.0
329 4011 189732.0
330 4284 186112.0
331 4343 182340.0
332 4346 179030.0
333 4230 175525.0
334 4032 172199.0
335 3847 168971.0
336 3793 165687.0
337 3727 162516.0
338 3712 159228.0
339 3752 156138.0
340 3600 153172.0
341 3488 150027.0
342 3503 146874.0
343 3542 143937.0
344 3518 141061.0
345 3554 138147.0
346 3481 135198.0
347 3398 132178.0
348 3310 129236.0
349 3398 126350.0
350 3469 123416.0
351 3415 120772.0
352 3361 118054.0
353 3308 115375.0
354 3178 112672.0
355 3043 110096.0
356 3164 107462.0
357 3280 104702.0
358 3219 102412.0
359 3102 99937.0
360 2950 97622.0
361 2758 95382.0
362 2769 92901.0
363 2711 90807.0
364 2644 88541.0
365 2596 86286.0
366 2455 84132.0
367 2412 82045.0
368 2395 80109.0
369 2416 78079.0
370 2324 76265.0
371 2198 74373.0
372 2129 72613.0
373 2066 70636.0
374 2064 68837.0
375 1957 67088.0
376 1906 65297.0
377 1918 63647.0
378 1903 61951.0
379 1957 60250.0
380 1997 58630.0
381 1929 57100.0
382 1838 55723.0
383 1791 54232.0
384 1676 52727.0
385 1562 51414.0
386 1491 50067.0
387 1459 48570.0
388 1450 47405.0
389 1428 45936.0
390 1451 44816.0
391 1402 43643.0
392 1405 42510.0
393 1369 41217.0
394 1410 39889.0
395 1416 38666.0
396 1454 37654.0
397 1381 36605.0
398 1256 35527.0
399 1144 34472.0
400 1091 33560.0
401 1092 32611.0
402 1113 31717.0
403 993 30838.0
404 966 29964.0
405 897 29006.0
406 861 28203.0
407 835 27382.0
408 818 26699.0
409 841 25905.0
410 783 25240.0
411 781 24519.0
412 775 23884.0
413 755 23238.0
414 675 22385.0
415 594 21821.0
416 550 21276.0
417 560 20774.0
418 551 20244.0
419 445 19732.0
420 404 19347.0
421 329 18981.0
422 298 18484.0
423 280 18057.0
424 237 17695.0
425 216 17232.0
426 206 16796.0
427 173 16491.0
428 140 16262.0
429 129 16008.0
430 104 15814.0
431 88 15550.0
432 75 15188.0
433 60 14928.0
434 57 14576.0
435 57 14283.0
436 70 14135.0
437 76 13793.0
438 79 13645.0
439 69 13442.0
440 56 13191.0
441 51 12909.0
442 45 12604.0
443 34 12364.0
444 28 12215.0
445 23 11985.0
446 27 11840.0
447 25 11579.0
448 26 11509.0
449 30 11183.0
450 23 11065.0
451 15 10798.0
452 11 10766.0
453 7 10653.0
454 4 10611.0
455 5 10379.0
456 4 10182.0
457 4 10043.0
458 4 9908.0
459 3 9862.0
460 2 9715.0
461 1 9637.0
462 1 9483.0
463 2 9384.0
464 1 9187.0
465 1 9252.0
466 1 9113.0
467 1 9094.0
468 2 8973.0
469 2 8910.0
470 4 8866.0
471 3 8780.0
472 2 8746.0
473 1 8705.0
474 1 8779.0
475 1 8699.0
476 1 8688.0
477 1 8556.0
478 1 8565.0
479 0 8389.0
480 0 8345.0
481 0 8415.0
482 0 8375.0
483 0 8311.0
484 0 8333.0
485 0 8266.0
486 0 8201.0
487 0 8116.0
488 0 7963.0
489 0 7810.0
490 0 7799.0
491 0 7681.0
492 0 7543.0
493 0 7546.0
494 0 7609.0
495 0 7674.0
496 0 7666.0
497 0 7668.0
498 0 7593.0
499 0 7526.0
500 0 7454.0
501 0 7423.0
502 0 7505.0
503 0 7388.0
504 0 7323.0
505 0 7360.0
506 0 7339.0
507 0 7393.0
508 0 7305.0
509 0 7141.0
510 0 7148.0
511 0 7256.0
512 0 7254.0
513 0 7263.0
514 0 7284.0
515 0 7400.0
516 0 7261.0
517 0 7194.0
518 0 7174.0
519 0 7126.0
520 0 7062.0
521 0 7081.0
522 0 7137.0
523 0 7000.0
524 0 6981.0
525 0 7002.0
526 0 7105.0
527 0 7145.0
528 0 7192.0
529 0 7172.0
530 0 7090.0
531 0 7169.0
532 0 7080.0
533 0 7015.0
534 0 7054.0
535 0 7203.0
536 0 7181.0
537 0 7150.0
538 0 7097.0
539 0 7092.0
540 0 7176.0
541 0 7145.0
542 0 7256.0
543 0 7140.0
544 0 7134.0
545 0 7313.0
546 0 7298.0
547 0 7316.0
548 0 7180.0
549 0 7203.0
550 0 7255.0
551 0 7356.0
552 0 7312.0
553 0 7228.0
554 0 7277.0
555 0 7262.0
556 0 7157.0
557 0 7137.0
558 0 7129.0
559 0 7079.0
560 0 7123.0
561 0 7060.0
562 0 7156.0
563 0 7244.0
564 0 7181.0
565 0 7103.0
566 0 7062.0
567 0 7120.0
568 0 7161.0
569 0 7083.0
570 0 7102.0
571 0 6984.0
572 0 7060.0
573 0 7002.0
574 0 6894.0
575 0 7062.0
576 0 7184.0
577 0 7045.0
578 0 6987.0
579 0 7005.0
580 0 7015.0
581 0 7041.0
582 0 7063.0
583 0 6954.0
584 0 7044.0
585 0 7132.0
586 0 7235.0
587 0 7134.0
588 0 7080.0
589 0 7075.0
590 0 7011.0
591 0 7046.0
592 0 7066.0
593 0 7065.0
594 0 7122.0
595 0 7140.0
596 0 7123.0
597 0 7203.0
598 0 7111.0
599 0 7064.0
600 0 7064.0
601 0 7064.0
602 0 7064.0
603 0 7064.0
604 0 7064.0
605 0 7064.0
606 0 7064.0
607 0 7064.0
608 0 7064.0
609 0 7064.0
610 0 7064.0
611 0 7064.0
612 0 7064.0
613 0 7064.0
614 0 7064.0
615 0 7064.0
616 0 7064.0
617 0 7064.0
618 0 7064.0
619 0 7064.0
620 0 7064.0
621 0 7064.0
622 0 7064.0
623 0 7064.0
624 0 7064.0
625 0 7064.0
626 0 7064.0
627 0 7064.0
628 0 7064.0
629 0 7064.0
630 0 7064.0
631 0 7064.0
632 0 7064.0
633 0 7064.0
634 0 7064.0
635 0 7064.0
636 0 7064.0
637 0 7064.0
638 0 7064.0
639 0 7064.0
640 0 7064.0
641 0 7064.0
642 0 7064.0
643 0 7064.0
644 0 7064.0
645 0 7064.0
646 0 7064.0
647 0 7064.0
648 0 7064.0
649 0 7064.0
650 0 7064.0
651 0 7064.0
652 0 7064.0
653 0 7064.0
654 0 7064.0
655 0 7064.0
656 0 7064.0
657 0 7064.0
658 0 7064.0
659 0 7064.0
660 0 7064.0
661 0 7064.0
662 0 7064.0
663 0 7064.0
664 0 7064.0
665 0 7064.0
666 0 7064.0
667 0 7064.0
668 0 7064.0
669 0 7064.0
670 0 7064.0
671 0 7064.0
672 0 7064.0
673 0 7064.0
674 0 7064.0
675 0 7064.0
676 0 7064.0
677 0 7064.0
678 0 7064.0
679 0 7064.0
680 0 7064.0
681 0 7064.0
682 0 7064.0
683 0 7064.0
684 0 7064.0
685 0 7064.0
686 0 7064.0
687 0 7064.0
688 0 7064.0
689 0 7064.0
690 0 7064.0
691 0 7064.0
692 0 7064.0
693 0 7064.0
694 0 7064.0
695 0 7064.0
696 0 7064.0
697 0 7064.0
698 0 7064.0
699 0 7064.0
700 0 7064.0
701 0 7064.0
702 0 7064.0
703 0 7064.0
704 0 7064.0
705 0 7064.0
706 0 7064.0
707 0 7064.0
708 0 7064.0
709 0 7064.0
710 0 7064.0
711 0 7064.0
712 0 7064.0
713 0 7064.0
714 0 7064.0
715 0 7064.0
716 0 7064.0
717 0 7064.0
718 0 7064.0
719 0 7064.0
720 0 7064.0
721 0 7064.0
722 0 7064.0
723 0 7064.0
724 0 7064.0
725 0 7064.0
726 0 7064.0
727 0 7064.0
728 0 7064.0
729 0 7064.0
730 0 7064.0
731 0 7064.0
732 0 7064.0
733 0 7064.0
734 0 7064.0
735 0 7064.0
736 0 7064.0
737 0 7064.0
738 0 7064.0
739 0 7064.0
740 0 7064.0
741 0 7064.0
742 0 7064.0
743 0 7064.0
744 0 7064.0
745 0 7064.0
746 0 7064.0
747 0 7064.0
748 0 7064.0
749 0 7064.0
750 0 7064.0
751 0 7064.0
752 0 7064.0
753 0 7064.0
754 0 7064.0
755 0 7064.0
756 0 7064.0
757 0 7064.0
758 0 7064.0
759 0 7064.0
760 0 7064.0
761 0 7064.0
762 0 7064.0
763 0 7064.0
764 0 7064.0
765 0 7064.0
766 0 7064.0
767 0 7064.0
768 0 7064.0
769 0 7064.0
770 0 7064.0
771 0 7064.0
772 0 7064.0
773 0 7064.0
774 0 7064.0
775 0 7064.0
776 0 7064.0
777 0 7064.0
778 0 7064.0
779 0 7064.0
780 0 7064.0
781 0 7064.0
782 0 7064.0
783 0 7064.0
784 0 7064.0
785 0 7064.0
786 0 7064.0
787 0 7064.0
788 0 7064.0
789 0 7064.0
790 0 7064.0
791 0 7064.0
792 0 7064.0
793 0 7064.0
794 0 7064.0
795 0 7064.0
796 0 7064.0
797 0 7064.0
798 0 7064.0
799 0 7064.0
800 0 7064.0
801 0 7064.0
802 0 7064.0
803 0 7064.0
804 0 7064.0
805 0 7064.0
806 0 7064.0
807 0 7064.0
808 0 7064.0
809 0 7064.0
810 0 7064.0
811 0 7064.0
812 0 7064.0
813 0 7064.0
814 0 7064.0
815 0 7064.0
816 0 7064.0
817 0 7064.0
818 0 7064.0
819 0 7064.0
820 0 7064.0
821 0 7064.0
822 0 7064.0
823 0 7064.0
824 0 7064.0
825 0 7064.0
826 0 7064.0
827 0 7064.0
828 0 7064.0
829 0 7064.0
830 0 7064.0
831 0 7064.0
832 0 7064.0
833 0 7064.0
834 0 7064.0
835 0 7064.0
836 0 7064.0
837 0 7064.0
838 0 7064.0
839 0 7064.0
840 0 7064.0
841 0 7064.0
842 0 7064.0
843 0 7064.0
844 0 7064.0
845 0 7064.0
846 0 7064.0
847 0 7064.0
848 0 7064.0
849 0 7064.0
850 0 7064.0
851 0 7064.0
852 0 7064.0
853 0 7064.0
854 0 7064.0
855 0 7064.0
856 0 7064.0
857 0 7064.0
858 0 7064.0
859 0 7064.0
860 0 7064.0
861 0 7064.0
862 0 7064.0
863 0 7064.0
864 0 7064.0
865 0 7064.0
866 0 7064.0
867 0 7064.0
868 0 7064.0
869 0 7064.0
870 0 7064.0
871 0 7064.0
872 0 7064.0
873 0 7064.0
874 0 7064.0
875 0 7064.0
876 0 7064.0
877 0 7064.0
878 0 7064.0
879 0 7064.0
880 0 7064.0
881 0 7064.0
882 0 7064.0
883 0 7064.0
884 0 7064.0
885 0 7064.0
886 0 7064.0
887 0 7064.0
888 0 7064.0
889 0 7064.0
890 0 7064.0
891 0 7064.0
892 0 7064.0
893 0 7064.0
894 0 7064.0
895 0 7064.0
896 0 7064.0
897 0 7064.0
898 0 7064.0
899 0 7064.0
900 0 7064.0
901 0 7064.0
902 0 7064.0
903 0 7064.0
904 0 7064.0
905 0 7064.0
906 0 7064.0
907 0 7064.0
908 0 7064.0
909 0 7064.0
910 0 7064.0
911 0 7064.0
912 0 7064.0
913 0 7064.0
914 0 7064.0
915 0 7064.0
916 0 7064.0
917 0 7064.0
918 0 7064.0
919 0 7064.0
920 0 7064.0
921 0 7064.0
922 0 7064.0
923 0 7064.0
924 0 7064.0
925 0 7064.0
926 0 7064.0
927 0 7064.0
928 0 7064.0
929 0 7064.0
930 0 7064.0
931 0 7064.0
932 0 7064.0
933 0 7064.0
934 0 7064.0
935 0 7064.0
936 0 7064.0
937 0 7064.0
938 0 7064.0
939 0 7064.0
940 0 7064.0
941 0 7064.0
942 0 7064.0
943 0 7064.0
944 0 7064.0
945 0 7064.0
946 0 7064.0
947 0 7064.0
948 0 7064.0
949 0 7064.0
950 0 7064.0
951 0 7064.0
952 0 7064.0
953 0 7064.0
954 0 7064.0
955 0 7064.0
956 0 7064.0
957 0 7064.0
958 0 7064.0
959 0 7064.0
960 0 7064.0
961 0 7064.0
962 0 7064.0
963 0 7064.0
964 0 7064.0
965 0 7064.0
966 0 7064.0
967 0 7064.0
968 0 7064.0
969 0 7064.0
970 0 7064.0
971 0 7064.0
972 0 7064.0
973 0 7064.0
974 0 7064.0
975 0 7064.0
976 0 7064.0
977 0 7064.0
978 0 7064.0
979 0 7064.0
980 0 7064.0
981 0 7064.0
982 0 7064.0
983 0 7064.0
984 0 7064.0
985 0 7064.0
986 0 7064.0
987 0 7064.0
988 0 7064.0
989 0 7064.0
990 0 7064.0
991 0 7064.0
992 0 7064.0
993 0 7064.0
994 0 7064.0
995 0 7064.0
996 0 7064.0
997 0 7064.0
998 0 7064.0
999 0 7064.0
1000 0 7064.0
