1 1 15013.0
2 1 20706.0
3 1 26208.0
4 2 31492.0
5 2 36696.0
6 4 41790.0
7 3 47101.0
8 3 52237.0
9 3 57400.0
10 6 62607.0
11 6 67730.0
12 12 72874.0
13 10 77916.0
14 17 83047.0
15 14 88183.0
16 20 93110.0
17 24 98211.0
18 21 103361.0
19 31 108475.0
20 31 113408.0
21 49 118357.0
22 56 123121.0
23 68 128145.0
24 75 133092.0
25 100 138077.0
26 96 142886.0
27 105 147839.0
28 117 152818.0
29 121 157674.0
30 135 162801.0
31 129 167839.0
32 153 172884.0
33 155 177942.0
34 154 182807.0
35 191 187693.0
36 215 192708.0
37 214 197534.0
38 222 202460.0
39 224 207151.0
40 252 212210.0
41 232 217113.0
42 250 221965.0
43 294 227102.0
44 314 231932.0
45 328 236863.0
46 333 241760.0
47 335 246728.0
48 355 251737.0
49 405 256600.0
50 436 261342.0
51 444 266286.0
52 466 271161.0
53 482 275882.0
54 524 280687.0
55 511 285644.0
56 511 290259.0
57 527 295045.0
58 554 299901.0
59 592 304695.0
60 619 309500.0
61 693 314185.0
62 681 319008.0
63 707 323810.0
64 724 328510.0
65 730 333440.0
66 749 338243.0
67 728 342934.0
68 812 347792.0
69 871 352614.0
70 949 357424.0
71 949 362192.0
72 952 367014.0
73 943 371862.0
74 957 376860.0
75 999 381581.0
76 1135 386581.0
77 1156 391322.0
78 1154 396063.0
79 1111 400807.0
80 1152 405626.0
81 1159 410502.0
82 1275 415185.0
83 1294 419687.0
84 1357 424291.0
85 1459 428800.0
86 1513 433183.0
87 1510 437662.0
88 1504 442042.0
89 1539 446636.0
90 1580 451006.0
91 1728 455664.0
92 1769 460101.0
93 1824 464681.0
94 1820 469248.0
95 1761 473826.0
96 1767 478214.0
97 1907 482770.0
98 2016 487300.0
99 2066 491921.0
100 2027 496195.0
101 2027 500651.0
102 2091 505219.0
103 2120 509729.0
104 2212 514124.0
105 2310 518364.0
106 2394 522865.0
107 2443 527118.0
108 2479 531519.0
109 2451 535735.0
110 2528 539989.0
111 2546 544251.0
112 2652 548444.0
113 2612 552805.0
114 2641 557187.0
115 2715 561182.0
116 2840 565454.0
117 3066 569694.0
118 3163 573745.0
119 3094 577791.0
120 3014 582133.0
121 3043 586348.0
122 3191 590436.0
123 3267 594678.0
124 3361 598796.0
125 3423 603033.0
126 3448 607153.0
127 3398 611242.0
128 3464 615283.0
129 3542 619203.0
130 3638 623189.0
131 3901 627132.0
132 4028 631227.0
133 3924 635094.0
134 3828 639320.0
135 3838 643032.0
136 4057 647042.0
137 4061 650971.0
138 4383 654742.0
139 4580 658457.0
140 4514 662426.0
141 4470 666310.0
142 4520 670027.0
143 4597 673752.0
144 4633 677498.0
145 4814 680972.0
146 4913 684846.0
147 4892 688739.0
148 4901 692407.0
149 4954 696206.0
150 5087 699743.0
151 5018 703323.0
152 5055 707053.0
153 5112 710546.0
154 5227 714153.0
155 5456 717549.0
156 5721 721278.0
157 5662 724769.0
158 5440 728347.0
159 5679 731774.0
160 5968 734940.0
161 6340 738156.0
162 6559 741158.0
163 6392 744503.0
164 6186 747548.0
165 6331 750987.0
166 6321 753905.0
167 6691 757274.0
168 6714 760236.0
169 6970 763499.0
170 6802 766813.0
171 6556 770105.0
172 6640 773192.0
173 6785 776367.0
174 7092 779275.0
175 7209 782404.0
176 7141 785561.0
177 7145 788657.0
178 7298 791799.0
179 7368 794478.0
180 7645 797375.0
181 7432 800453.0
182 7386 803366.0
183 7511 806471.0
184 7946 809304.0
185 8379 811751.0
186 8394 814428.0
187 8275 817351.0
188 8059 820318.0
189 8095 823167.0
190 8408 826021.0
191 8896 828586.0
192 9131 831004.0
193 9176 833703.0
194 8909 836328.0
195 8931 838809.0
196 9014 841407.0
197 9205 843727.0
198 9396 846097.0
199 9403 848609.0
200 9702 845742.0
201 9351 839170.0
202 8792 832915.0
203 8280 826929.0
204 7887 820768.0
205 7489 814792.0
206 7318 808832.0
207 7438 802606.0
208 7458 796879.0
209 7241 790761.0
210 6978 785220.0
211 6705 779286.0
212 6943 773530.0
213 6823 767542.0
214 6980 761528.0
215 6971 755704.0
216 6798 750067.0
217 6677 744373.0
218 6541 738435.0
219 6655 732676.0
220 6666 726815.0
221 6380 721181.0
222 6224 715699.0
223 6537 709740.0
224 6822 704184.0
225 6723 698263.0
226 6598 692743.0
227 6396 687196.0
228 6556 681610.0
229 6674 675623.0
230 6774 670059.0
231 6428 664430.0
232 6348 658767.0
233 6502 652920.0
234 6794 647283.0
235 6804 641613.0
236 6513 635957.0
237 6372 630707.0
238 6251 625411.0
239 6400 619880.0
240 6758 614260.0
241 6932 608485.0
242 6844 602788.0
243 6760 597112.0
244 6739 591711.0
245 6409 586120.0
246 6308 580818.0
247 6333 575269.0
248 6544 569732.0
249 6566 564064.0
250 6821 558504.0
251 6781 552857.0
252 6703 547779.0
253 6422 542220.0
254 6579 536852.0
255 6597 531062.0
256 6690 525732.0
257 6621 520182.0
258 6897 514833.0
259 6723 509497.0
260 6496 504313.0
261 6385 498841.0
262 6464 493605.0
263 6448 488492.0
264 6333 483163.0
265 6318 478117.0
266 6283 473000.0
267 6118 467908.0
268 6062 462796.0
269 5855 457775.0
270 6099 452593.0
271 6416 447300.0
272 6686 442056.0
273 6601 437084.0
274 6272 432105.0
275 6109 427161.0
276 5846 422285.0
277 5757 417566.0
278 5681 412800.0
279 5852 407712.0
280 5967 402765.0
281 5999 398047.0
282 5766 393170.0
283 5637 388495.0
284 5487 383732.0
285 5483 378895.0
286 5674 374246.0
287 5777 369216.0
288 5987 364649.0
289 5782 359812.0
290 5474 355222.0
291 5349 350814.0
292 5266 346315.0
293 5466 341800.0
294 5347 337274.0
295 5324 332773.0
296 5289 328268.0
297 5232 323928.0
298 5146 319580.0
299 5123 315263.0
300 5060 310736.0
301 5200 306228.0
302 5191 301818.0
303 5276 297776.0
304 5039 293502.0
305 4978 289208.0
306 5030 284910.0
307 4943 280875.0
308 4869 276622.0
309 4921 272401.0
310 4909 268228.0
311 4793 264257.0
312 4636 260056.0
313 4770 255946.0
314 4947 251862.0
315 4959 247750.0
316 4929 243796.0
317 4700 239813.0
318 4631 235995.0
319 4486 232044.0
320 4434 228306.0
321 4534 224370.0
322 4679 220370.0
323 4509 216597.0
324 4254 213226.0
325 4127 209513.0
326 4353 205885.0
327 4500 201909.0
328 4615 198166.0
329 4407 194438.0
330 4249 190965.0
331 4197 187462.0
332 4051 183943.0
333 3869 180521.0
334 3921 177220.0
335 3851 173662.0
336 3976 170336.0
337 3879 167144.0
338 3740 163939.0
339 3578 160622.0
340 3510 157623.0
341 3428 154339.0
342 3545 151267.0
343 3661 148248.0
344 3667 144992.0
345 3536 142103.0
346 3320 138974.0
347 3448 135992.0
348 3513 133224.0
349 3278 130481.0
350 3145 127746.0
351 3012 124983.0
352 2890 122120.0
353 2903 119701.0
354 2798 117055.0
355 2837 114548.0
356 2891 111784.0
357 3012 109272.0
358 2876 106698.0
359 2831 104336.0
360 2682 101845.0
361 2601 99521.0
362 2523 97392.0
363 2445 95027.0
364 2498 92864.0
365 2566 90520.0
366 2633 88287.0
367 2602 86044.0
368 2580 84009.0
369 2507 81905.0
370 2438 79833.0
371 2414 77700.0
372 2424 75619.0
373 2460 73397.0
374 2438 71494.0
375 2331 69621.0
376 2288 67690.0
377 2186 65838.0
378 2090 64025.0
379 2034 62230.0
380 2049 60623.0
381 1956 58916.0
382 1868 57263.0
383 1795 55662.0
384 1771 54253.0
385 1789 52819.0
386 1784 51448.0
387 1653 49986.0
388 1642 48514.0
389 1657 47122.0
390 1754 45673.0
391 1758 44373.0
392 1693 42976.0
393 1668 41709.0
394 1534 40535.0
395 1424 39436.0
396 1323 38350.0
397 1261 37323.0
398 1209 36366.0
399 1106 35454.0
400 1048 34501.0
401 977 33637.0
402 867 32927.0
403 783 32026.0
404 764 31177.0
405 759 30222.0
406 735 29499.0
407 743 28842.0
408 757 28053.0
409 774 27175.0
410 762 26335.0
411 707 25570.0
412 671 24894.0
413 655 24346.0
414 673 23671.0
415 661 23015.0
416 574 22350.0
417 513 21842.0
418 479 21418.0
419 421 20776.0
420 378 20283.0
421 336 19897.0
422 329 19461.0
423 345 19137.0
424 346 18677.0
425 353 18219.0
426 349 17833.0
427 349 17450.0
428 375 17004.0
429 399 16603.0
430 360 16198.0
431 317 15819.0
432 287 15441.0
433 233 15130.0
434 195 14908.0
435 184 14565.0
436 160 14232.0
437 149 14029.0
438 145 13740.0
439 149 13555.0
440 157 13246.0
441 139 13002.0
442 117 12914.0
443 100 12675.0
444 90 12473.0
445 101 12129.0
446 99 11838.0
447 98 11700.0
448 115 11519.0
449 121 11447.0
450 98 11197.0
451 94 11062.0
452 82 11004.0
453 75 10797.0
454 67 10626.0
455 51 10511.0
456 34 10405.0
457 25 10378.0
458 22 10146.0
459 17 9915.0
460 16 9829.0
461 18 9731.0
462 20 9601.0
463 17 9574.0
464 15 9377.0
465 14 9377.0
466 11 9253.0
467 13 9211.0
468 9 9157.0
469 6 9149.0
470 4 9019.0
471 4 8950.0
472 3 8811.0
473 6 8687.0
474 4 8697.0
475 2 8624.0
476 2 8455.0
477 1 8511.0
478 0 8425.0
479 0 8313.0
480 0 8165.0
481 0 8143.0
482 0 8140.0
483 0 8116.0
484 0 8032.0
485 0 8007.0
486 0 7931.0
487 0 7809.0
488 0 7787.0
489 0 7772.0
490 0 7679.0
491 0 7753.0
492 0 7673.0
493 0 7691.0
494 0 7670.0
495 0 7577.0
496 0 7524.0
497 0 7409.0
498 0 7343.0
499 0 7287.0
500 0 7369.0
501 0 7274.0
502 0 7278.0
503 0 7431.0
504 0 7386.0
505 0 7427.0
506 0 7542.0
507 0 7381.0
508 0 7507.0
509 0 7401.0
510 0 7392.0
511 0 7448.0
512 0 7332.0
513 0 7384.0
514 0 7386.0
515 0 7416.0
516 0 7335.0
517 0 7253.0
518 0 7176.0
519 0 7221.0
520 0 7266.0
521 0 7262.0
522 0 7259.0
523 0 7279.0
524 0 7303.0
525 0 7339.0
526 0 7288.0
527 0 7179.0
528 0 7189.0
529 0 7086.0
530 0 7043.0
531 0 7098.0
532 0 7142.0
533 0 7175.0
534 0 7225.0
535 0 7166.0
536 0 7117.0
537 0 7029.0
538 0 7078.0
539 0 7205.0
540 0 7128.0
541 0 7023.0
542 0 6864.0
543 0 7011.0
544 0 7088.0
545 0 7146.0
546 0 7158.0
547 0 7216.0
548 0 7166.0
549 0 7299.0
550 0 7269.0
551 0 7130.0
552 0 7134.0
553 0 7062.0
554 0 7094.0
555 0 7024.0
556 0 7117.0
557 0 7025.0
558 0 7114.0
559 0 7161.0
560 0 7136.0
561 0 6996.0
562 0 7142.0
563 0 7104.0
564 0 7052.0
565 0 6968.0
566 0 7119.0
567 0 7072.0
568 0 6957.0
569 0 7090.0
570 0 7033.0
571 0 7047.0
572 0 6983.0
573 0 6984.0
574 0 7035.0
575 0 7051.0
576 0 6964.0
577 0 6840.0
578 0 6783.0
579 0 6787.0
580 0 6796.0
581 0 6932.0
582 0 6971.0
583 0 7000.0
584 0 7065.0
585 0 7102.0
586 0 7266.0
587 0 7170.0
588 0 7098.0
589 0 7171.0
590 0 7211.0
591 0 7198.0
592 0 7244.0
593 0 7114.0
594 0 7071.0
595 0 7145.0
596 0 7096.0
597 0 7062.0
598 0 7090.0
599 0 7035.0
600 0 7035.0
601 0 7035.0
602 0 7035.0
603 0 7035.0
604 0 7035.0
605 0 7035.0
606 0 7035.0
607 0 7035.0
608 0 7035.0
609 0 7035.0
610 0 7035.0
611 0 7035.0
612 0 7035.0
613 0 7035.0
614 0 7035.0
615 0 7035.0
616 0 7035.0
617 0 7035.0
618 0 7035.0
619 0 7035.0
620 0 7035.0
621 0 7035.0
622 0 7035.0
623 0 7035.0
624 0 7035.0
625 0 7035.0
626 0 7035.0
627 0 7035.0
628 0 7035.0
629 0 7035.0
630 0 7035.0
631 0 7035.0
632 0 7035.0
633 0 7035.0
634 0 7035.0
635 0 7035.0
636 0 7035.0
637 0 7035.0
638 0 7035.0
639 0 7035.0
640 0 7035.0
641 0 7035.0
642 0 7035.0
643 0 7035.0
644 0 7035.0
645 0 7035.0
646 0 7035.0
647 0 7035.0
648 0 7035.0
649 0 7035.0
650 0 7035.0
651 0 7035.0
652 0 7035.0
653 0 7035.0
654 0 7035.0
655 0 7035.0
656 0 7035.0
657 0 7035.0
658 0 7035.0
659 0 7035.0
660 0 7035.0
661 0 7035.0
662 0 7035.0
663 0 7035.0
664 0 7035.0
665 0 7035.0
666 0 7035.0
667 0 7035.0
668 0 7035.0
669 0 7035.0
670 0 7035.0
671 0 7035.0
672 0 7035.0
673 0 7035.0
674 0 7035.0
675 0 7035.0
676 0 7035.0
677 0 7035.0
678 0 7035.0
679 0 7035.0
680 0 7035.0
681 0 7035.0
682 0 7035.0
683 0 7035.0
684 0 7035.0
685 0 7035.0
686 0 7035.0
687 0 7035.0
688 0 7035.0
689 0 7035.0
690 0 7035.0
691 0 7035.0
692 0 7035.0
693 0 7035.0
694 0 7035.0
695 0 7035.0
696 0 7035.0
697 0 7035.0
698 0 7035.0
699 0 7035.0
700 0 7035.0
701 0 7035.0
702 0 7035.0
703 0 7035.0
704 0 7035.0
705 0 7035.0
706 0 7035.0
707 0 7035.0
708 0 7035.0
709 0 7035.0
710 0 7035.0
711 0 7035.0
712 0 7035.0
713 0 7035.0
714 0 7035.0
715 0 7035.0
716 0 7035.0
717 0 7035.0
718 0 7035.0
719 0 7035.0
720 0 7035.0
721 0 7035.0
722 0 7035.0
723 0 7035.0
724 0 7035.0
725 0 7035.0
726 0 7035.0
727 0 7035.0
728 0 7035.0
729 0 7035.0
730 0 7035.0
731 0 7035.0
732 0 7035.0
733 0 7035.0
734 0 7035.0
735 0 7035.0
736 0 7035.0
737 0 7035.0
738 0 7035.0
739 0 7035.0
740 0 7035.0
741 0 7035.0
742 0 7035.0
743 0 7035.0
744 0 7035.0
745 0 7035.0
746 0 7035.0
747 0 7035.0
748 0 7035.0
749 0 7035.0
750 0 7035.0
751 0 7035.0
752 0 7035.0
753 0 7035.0
754 0 7035.0
755 0 7035.0
756 0 7035.0
757 0 7035.0
758 0 7035.0
759 0 7035.0
760 0 7035.0
761 0 7035.0
762 0 7035.0
763 0 7035.0
764 0 7035.0
765 0 7035.0
766 0 7035.0
767 0 7035.0
768 0 7035.0
769 0 7035.0
770 0 7035.0
771 0 7035.0
772 0 7035.0
773 0 7035.0
774 0 7035.0
775 0 7035.0
776 0 7035.0
777 0 7035.0
778 0 7035.0
779 0 7035.0
780 0 7035.0
781 0 7035.0
782 0 7035.0
783 0 7035.0
784 0 7035.0
785 0 7035.0
786 0 7035.0
787 0 7035.0
788 0 7035.0
789 0 7035.0
790 0 7035.0
791 0 7035.0
792 0 7035.0
793 0 7035.0
794 0 7035.0
795 0 7035.0
796 0 7035.0
797 0 7035.0
798 0 7035.0
799 0 7035.0
800 0 7035.0
801 0 7035.0
802 0 7035.0
803 0 7035.0
804 0 7035.0
805 0 7035.0
806 0 7035.0
807 0 7035.0
808 0 7035.0
809 0 7035.0
810 0 7035.0
811 0 7035.0
812 0 7035.0
813 0 7035.0
814 0 7035.0
815 0 7035.0
816 0 7035.0
817 0 7035.0
818 0 7035.0
819 0 7035.0
820 0 7035.0
821 0 7035.0
822 0 7035.0
823 0 7035.0
824 0 7035.0
825 0 7035.0
826 0 7035.0
827 0 7035.0
828 0 7035.0
829 0 7035.0
830 0 7035.0
831 0 7035.0
832 0 7035.0
833 0 7035.0
834 0 7035.0
835 0 7035.0
836 0 7035.0
837 0 7035.0
838 0 7035.0
839 0 7035.0
840 0 7035.0
841 0 7035.0
842 0 7035.0
843 0 7035.0
844 0 7035.0
845 0 7035.0
846 0 7035.0
847 0 7035.0
848 0 7035.0
849 0 7035.0
850 0 7035.0
851 0 7035.0
852 0 7035.0
853 0 7035.0
854 0 7035.0
855 0 7035.0
856 0 7035.0
857 0 7035.0
858 0 7035.0
859 0 7035.0
860 0 7035.0
861 0 7035.0
862 0 7035.0
863 0 7035.0
864 0 7035.0
865 0 7035.0
866 0 7035.0
867 0 7035.0
868 0 7035.0
869 0 7035.0
870 0 7035.0
871 0 7035.0
872 0 7035.0
873 0 7035.0
874 0 7035.0
875 0 7035.0
876 0 7035.0
877 0 7035.0
878 0 7035.0
879 0 7035.0
880 0 7035.0
881 0 7035.0
882 0 7035.0
883 0 7035.0
884 0 7035.0
885 0 7035.0
886 0 7035.0
887 0 7035.0
888 0 7035.0
889 0 7035.0
890 0 7035.0
891 0 7035.0
892 0 7035.0
893 0 7035.0
894 0 7035.0
895 0 7035.0
896 0 7035.0
897 0 7035.0
898 0 7035.0
899 0 7035.0
900 0 7035.0
901 0 7035.0
902 0 7035.0
903 0 7035.0
904 0 7035.0
905 0 7035.0
906 0 7035.0
907 0 7035.0
908 0 7035.0
909 0 7035.0
910 0 7035.0
911 0 7035.0
912 0 7035.0
913 0 7035.0
914 0 7035.0
915 0 7035.0
916 0 7035.0
917 0 7035.0
918 0 7035.0
919 0 7035.0
920 0 7035.0
921 0 7035.0
922 0 7035.0
923 0 7035.0
924 0 7035.0
925 0 7035.0
926 0 7035.0
927 0 7035.0
928 0 7035.0
929 0 7035.0
930 0 7035.0
931 0 7035.0
932 0 7035.0
933 0 7035.0
934 0 7035.0
935 0 7035.0
936 0 7035.0
937 0 7035.0
938 0 7035.0
939 0 7035.0
940 0 7035.0
941 0 7035.0
942 0 7035.0
943 0 7035.0
944 0 7035.0
945 0 7035.0
946 0 7035.0
947 0 7035.0
948 0 7035.0
949 0 7035.0
950 0 7035.0
951 0 7035.0
952 0 7035.0
953 0 7035.0
954 0 7035.0
955 0 7035.0
956 0 7035.0
957 0 7035.0
958 0 7035.0
959 0 7035.0
960 0 7035.0
961 0 7035.0
962 0 7035.0
963 0 7035.0
964 0 7035.0
965 0 7035.0
966 0 7035.0
967 0 7035.0
968 0 7035.0
969 0 7035.0
970 0 7035.0
971 0 7035.0
972 0 7035.0
973 0 7035.0
974 0 7035.0
975 0 7035.0
976 0 7035.0
977 0 7035.0
978 0 7035.0
979 0 7035.0
980 0 7035.0
981 0 7035.0
982 0 7035.0
983 0 7035.0
984 0 7035.0
985 0 7035.0
986 0 7035.0
987 0 7035.0
988 0 7035.0
989 0 7035.0
990 0 7035.0
991 0 7035.0
992 0 7035.0
993 0 7035.0
994 0 7035.0
995 0 7035.0
996 0 7035.0
997 0 7035.0
998 0 7035.0
999 0 7035.0
1000 0 7035.0
