1 1 15153.0
2 2 20887.0
3 1 26368.0
4 2 31678.0
5 1 37006.0
6 1 42304.0
7 1 47295.0
8 2 52396.0
9 2 57334.0
10 4 62368.0
11 4 66910.0
12 8 71985.0
13 6 77106.0
14 5 82115.0
15 7 87081.0
16 10 92204.0
17 14 97338.0
18 17 102524.0
19 18 107562.0
20 27 112479.0
21 24 117401.0
22 25 122604.0
23 39 127574.0
24 43 132472.0
25 40 137444.0
26 42 142405.0
27 44 147403.0
28 49 152326.0
29 63 157162.0
30 79 162032.0
31 100 167039.0
32 100 172050.0
33 96 177146.0
34 116 182130.0
35 121 187134.0
36 134 192141.0
37 153 197242.0
38 160 202039.0
39 167 207149.0
40 201 212148.0
41 191 217076.0
42 192 222064.0
43 218 227084.0
44 214 232143.0
45 270 237094.0
46 266 242254.0
47 258 247151.0
48 316 251967.0
49 336 256766.0
50 387 261824.0
51 406 266789.0
52 422 271568.0
53 441 276535.0
54 397 281462.0
55 385 286303.0
56 382 291171.0
57 476 296066.0
58 525 300831.0
59 588 305613.0
60 578 310343.0
61 584 315145.0
62 573 320210.0
63 651 325012.0
64 647 329962.0
65 650 334716.0
66 700 339599.0
67 792 344590.0
68 798 349362.0
69 826 354190.0
70 826 359010.0
71 830 363968.0
72 796 368816.0
73 906 373490.0
74 931 378174.0
75 995 382949.0
76 1059 387628.0
77 1087 392271.0
78 1055 397100.0
79 1049 401494.0
80 1158 406199.0
81 1217 410985.0
82 1208 415738.0
83 1252 420421.0
84 1243 424998.0
85 1231 429656.0
86 1232 434045.0
87 1357 438656.0
88 1485 443417.0
89 1526 448175.0
90 1586 452702.0
91 1642 457245.0
92 1683 461733.0
93 1725 466247.0
94 1803 470711.0
95 1767 475099.0
96 1745 479512.0
97 1882 484034.0
98 1916 488288.0
99 1933 493003.0
100 1849 497359.0
101 2004 502034.0
102 1988 506351.0
103 2132 510814.0
104 2183 515363.0
105 2120 519768.0
106 2218 524128.0
107 2313 528331.0
108 2407 532656.0
109 2424 536996.0
110 2505 541531.0
111 2524 545627.0
112 2634 550206.0
113 2598 554446.0
114 2587 558687.0
115 2662 562840.0
116 2778 567214.0
117 2920 571355.0
118 3067 575564.0
119 2918 579831.0
120 2955 584035.0
121 3008 588166.0
122 2949 592519.0
123 3015 596615.0
124 3200 600636.0
125 3306 604718.0
126 3448 608966.0
127 3452 612998.0
128 3463 617141.0
129 3415 621287.0
130 3545 625442.0
131 3532 629736.0
132 3565 633907.0
133 3564 637962.0
134 3710 642007.0
135 3934 645690.0
136 4064 649585.0
137 4219 653455.0
138 4148 657125.0
139 4128 661028.0
140 4254 664679.0
141 4409 668635.0
142 4438 672217.0
143 4531 676166.0
144 4566 680137.0
145 4563 683996.0
146 4530 687821.0
147 4680 691368.0
148 5002 694972.0
149 5110 698540.0
150 5194 702129.0
151 5041 705719.0
152 5195 709396.0
153 5275 712681.0
154 5410 716399.0
155 5425 719696.0
156 5344 723400.0
157 5259 726973.0
158 5419 730354.0
159 5775 733689.0
160 5894 737106.0
161 5658 740571.0
162 5667 744022.0
163 5736 747329.0
164 5955 750674.0
165 5926 753989.0
166 5992 757271.0
167 6153 760659.0
168 6421 763683.0
169 6686 766762.0
170 6650 769941.0
171 6412 773503.0
172 6081 776837.0
173 6156 780365.0
174 6442 783528.0
175 6760 786746.0
176 6839 789720.0
177 6922 792687.0
178 7065 795635.0
179 6880 798669.0
180 7029 801614.0
181 7446 804537.0
182 7778 807354.0
183 7728 810366.0
184 7819 813366.0
185 7844 816563.0
186 7679 819410.0
187 7765 822354.0
188 8099 824972.0
189 8408 827806.0
190 8366 830562.0
191 8336 833331.0
192 8334 836030.0
193 8545 838824.0
194 8786 841296.0
195 8938 843779.0
196 8597 846520.0
197 8541 849138.0
198 8673 851617.0
199 8962 853751.0
200 9262 851238.0
201 8673 844525.0
202 8334 838273.0
203 7833 832008.0
204 7498 826291.0
205 7344 820319.0
206 7172 814380.0
207 6924 808513.0
208 6715 802807.0
209 6670 797054.0
210 6792 790862.0
211 7118 785106.0
212 6916 779043.0
213 6846 773134.0
214 6576 767243.0
215 6512 761574.0
216 6620 755615.0
217 6943 749486.0
218 6972 743408.0
219 6845 737798.0
220 6735 731728.0
221 6922 725607.0
222 6844 719867.0
223 6665 714240.0
224 6283 708656.0
225 6263 703153.0
226 6215 697283.0
227 6543 691527.0
228 6641 685872.0
229 6611 680174.0
230 6468 674593.0
231 6246 669117.0
232 6252 663482.0
233 6379 657859.0
234 6566 652156.0
235 6461 646833.0
236 6488 640960.0
237 6787 635345.0
238 6727 629796.0
239 6668 624373.0
240 6486 618681.0
241 6376 613152.0
242 6279 607633.0
243 6229 602296.0
244 6207 596551.0
245 6443 591249.0
246 6510 585561.0
247 6563 580009.0
248 6442 574699.0
249 6412 569159.0
250 6271 563906.0
251 6262 558276.0
252 6594 552875.0
253 6558 547375.0
254 6287 542044.0
255 6101 536756.0
256 6122 531333.0
257 6356 525987.0
258 6428 520705.0
259 6186 515393.0
260 6135 510194.0
261 6143 504936.0
262 6180 499634.0
263 6213 494393.0
264 6159 489203.0
265 5846 484232.0
266 5785 479350.0
267 6004 473878.0
268 6350 468719.0
269 6322 463450.0
270 6156 458511.0
271 5964 453304.0
272 6027 448309.0
273 6088 442698.0
274 6474 437395.0
275 6384 432274.0
276 6321 427314.0
277 6199 422278.0
278 6074 417345.0
279 6019 412182.0
280 6107 407358.0
281 5912 402340.0
282 5904 397574.0
283 5652 392665.0
284 5743 387652.0
285 5959 382955.0
286 5864 378257.0
287 5800 373552.0
288 5822 368709.0
289 5714 363775.0
290 5552 359250.0
291 5514 354466.0
292 5417 349900.0
293 5247 345102.0
294 5403 340584.0
295 5499 335679.0
296 5639 330997.0
297 5485 326248.0
298 5471 321998.0
299 5270 317277.0
300 5333 312923.0
301 5206 308329.0
302 5308 303873.0
303 5345 299376.0
304 5174 294970.0
305 4969 290671.0
306 5051 286447.0
307 5092 282034.0
308 4984 277897.0
309 4776 273556.0
310 4831 269382.0
311 4875 265086.0
312 4898 261009.0
313 4777 256980.0
314 4682 252934.0
315 4678 248908.0
316 4516 244989.0
317 4472 240788.0
318 4450 237122.0
319 4471 233052.0
320 4624 229193.0
321 4505 225281.0
322 4471 221454.0
323 4448 217669.0
324 4484 213620.0
325 4511 209745.0
326 4338 206118.0
327 4247 202417.0
328 4289 198634.0
329 4291 195115.0
330 4138 191614.0
331 4119 187914.0
332 4166 184541.0
333 4021 181016.0
334 4097 177488.0
335 4033 174051.0
336 3859 170902.0
337 3714 167623.0
338 3749 164246.0
339 3718 160866.0
340 3700 157480.0
341 3693 154467.0
342 3623 151307.0
343 3671 148244.0
344 3707 145072.0
345 3694 142044.0
346 3683 138968.0
347 3654 135867.0
348 3507 132809.0
349 3513 130014.0
350 3443 127220.0
351 3286 124190.0
352 3171 121601.0
353 3018 118662.0
354 3129 115935.0
355 3157 113350.0
356 3083 110709.0
357 2962 108059.0
358 2834 105463.0
359 2787 103016.0
360 2867 100538.0
361 2907 98112.0
362 2867 95673.0
363 2690 93324.0
364 2584 90988.0
365 2429 88709.0
366 2356 86611.0
367 2244 84268.0
368 2250 82232.0
369 2255 80342.0
370 2239 78279.0
371 2081 76416.0
372 1992 74499.0
373 1983 72681.0
374 1988 70873.0
375 1982 69132.0
376 2011 67303.0
377 1976 65624.0
378 1928 63815.0
379 1928 62051.0
380 1868 60330.0
381 1944 58624.0
382 1874 56994.0
383 1817 55519.0
384 1643 54013.0
385 1571 52503.0
386 1575 51191.0
387 1642 49891.0
388 1628 48532.0
389 1583 47030.0
390 1540 45622.0
391 1469 44473.0
392 1450 43107.0
393 1395 41786.0
394 1326 40708.0
395 1271 39506.0
396 1257 38261.0
397 1214 37298.0
398 1152 36347.0
399 1151 35367.0
400 1114 34358.0
401 1074 33395.0
402 1048 32362.0
403 1017 31548.0
404 931 30764.0
405 856 29898.0
406 779 29192.0
407 724 28407.0
408 686 27703.0
409 671 26871.0
410 701 26269.0
411 690 25515.0
412 649 24752.0
413 628 24102.0
414 618 23433.0
415 550 22864.0
416 535 22216.0
417 525 21636.0
418 543 21042.0
419 500 20332.0
420 466 19774.0
421 404 19243.0
422 370 18935.0
423 363 18426.0
424 354 18020.0
425 328 17655.0
426 300 17254.0
427 272 16755.0
428 257 16440.0
429 228 16222.0
430 204 15898.0
431 173 15395.0
432 175 15135.0
433 152 14883.0
434 129 14637.0
435 136 14436.0
436 138 14050.0
437 119 13904.0
438 93 13756.0
439 91 13541.0
440 73 13179.0
441 64 13177.0
442 59 12960.0
443 45 12619.0
444 38 12483.0
445 34 12284.0
446 35 11994.0
447 28 11642.0
448 24 11539.0
449 24 11443.0
450 30 11217.0
451 29 10967.0
452 24 10980.0
453 22 10798.0
454 19 10625.0
455 16 10504.0
456 15 10434.0
457 16 10302.0
458 23 10238.0
459 22 10129.0
460 20 9939.0
461 18 9876.0
462 17 9756.0
463 21 9636.0
464 16 9681.0
465 10 9431.0
466 6 9325.0
467 6 9229.0
468 6 9210.0
469 4 9010.0
470 4 9072.0
471 2 8986.0
472 2 8908.0
473 1 8997.0
474 1 8808.0
475 2 8845.0
476 1 8746.0
477 0 8652.0
478 0 8441.0
479 0 8452.0
480 0 8343.0
481 0 8335.0
482 0 8305.0
483 0 8284.0
484 0 8303.0
485 0 8139.0
486 0 8117.0
487 0 8115.0
488 0 8060.0
489 0 8081.0
490 0 8168.0
491 0 8003.0
492 0 7844.0
493 0 7796.0
494 0 7618.0
495 0 7649.0
496 0 7734.0
497 0 7665.0
498 0 7526.0
499 0 7478.0
500 0 7435.0
501 0 7282.0
502 0 7235.0
503 0 7293.0
504 0 7159.0
505 0 7190.0
506 0 7122.0
507 0 7158.0
508 0 7081.0
509 0 7200.0
510 0 7279.0
511 0 7266.0
512 0 7162.0
513 0 7197.0
514 0 7159.0
515 0 7169.0
516 0 7239.0
517 0 7298.0
518 0 7228.0
519 0 7317.0
520 0 7236.0
521 0 7194.0
522 0 7185.0
523 0 7096.0
524 0 7123.0
525 0 7186.0
526 0 7289.0
527 0 7215.0
528 0 7099.0
529 0 7164.0
530 0 7112.0
531 0 7204.0
532 0 7250.0
533 0 7285.0
534 0 7180.0
535 0 7165.0
536 0 7143.0
537 0 7215.0
538 0 7186.0
539 0 7211.0
540 0 7124.0
541 0 7195.0
542 0 7102.0
543 0 7285.0
544 0 7273.0
545 0 7287.0
546 0 7335.0
547 0 7233.0
548 0 7256.0
549 0 7106.0
550 0 7157.0
551 0 7264.0
552 0 7226.0
553 0 7291.0
554 0 7097.0
555 0 7052.0
556 0 7071.0
557 0 7025.0
558 0 7087.0
559 0 7041.0
560 0 7125.0
561 0 7108.0
562 0 7151.0
563 0 7074.0
564 0 7057.0
565 0 7009.0
566 0 7114.0
567 0 7117.0
568 0 7295.0
569 0 7185.0
570 0 7161.0
571 0 7112.0
572 0 7196.0
573 0 7123.0
574 0 7081.0
575 0 7135.0
576 0 7091.0
577 0 7007.0
578 0 7170.0
579 0 7019.0
580 0 7070.0
581 0 7059.0
582 0 7120.0
583 0 7014.0
584 0 7068.0
585 0 7111.0
586 0 7102.0
587 0 7110.0
588 0 7063.0
589 0 7009.0
590 0 7053.0
591 0 7026.0
592 0 7052.0
593 0 7090.0
594 0 7066.0
595 0 7055.0
596 0 7081.0
597 0 7019.0
598 0 7101.0
599 0 7114.0
600 0 7114.0
601 0 7114.0
602 0 7114.0
603 0 7114.0
604 0 7114.0
605 0 7114.0
606 0 7114.0
607 0 7114.0
608 0 7114.0
609 0 7114.0
610 0 7114.0
611 0 7114.0
612 0 7114.0
613 0 7114.0
614 0 7114.0
615 0 7114.0
616 0 7114.0
617 0 7114.0
618 0 7114.0
619 0 7114.0
620 0 7114.0
621 0 7114.0
622 0 7114.0
623 0 7114.0
624 0 7114.0
625 0 7114.0
626 0 7114.0
627 0 7114.0
628 0 7114.0
629 0 7114.0
630 0 7114.0
631 0 7114.0
632 0 7114.0
633 0 7114.0
634 0 7114.0
635 0 7114.0
636 0 7114.0
637 0 7114.0
638 0 7114.0
639 0 7114.0
640 0 7114.0
641 0 7114.0
642 0 7114.0
643 0 7114.0
644 0 7114.0
645 0 7114.0
646 0 7114.0
647 0 7114.0
648 0 7114.0
649 0 7114.0
650 0 7114.0
651 0 7114.0
652 0 7114.0
653 0 7114.0
654 0 7114.0
655 0 7114.0
656 0 7114.0
657 0 7114.0
658 0 7114.0
659 0 7114.0
660 0 7114.0
661 0 7114.0
662 0 7114.0
663 0 7114.0
664 0 7114.0
665 0 7114.0
666 0 7114.0
667 0 7114.0
668 0 7114.0
669 0 7114.0
670 0 7114.0
671 0 7114.0
672 0 7114.0
673 0 7114.0
674 0 7114.0
675 0 7114.0
676 0 7114.0
677 0 7114.0
678 0 7114.0
679 0 7114.0
680 0 7114.0
681 0 7114.0
682 0 7114.0
683 0 7114.0
684 0 7114.0
685 0 7114.0
686 0 7114.0
687 0 7114.0
688 0 7114.0
689 0 7114.0
690 0 7114.0
691 0 7114.0
692 0 7114.0
693 0 7114.0
694 0 7114.0
695 0 7114.0
696 0 7114.0
697 0 7114.0
698 0 7114.0
699 0 7114.0
700 0 7114.0
701 0 7114.0
702 0 7114.0
703 0 7114.0
704 0 7114.0
705 0 7114.0
706 0 7114.0
707 0 7114.0
708 0 7114.0
709 0 7114.0
710 0 7114.0
711 0 7114.0
712 0 7114.0
713 0 7114.0
714 0 7114.0
715 0 7114.0
716 0 7114.0
717 0 7114.0
718 0 7114.0
719 0 7114.0
720 0 7114.0
721 0 7114.0
722 0 7114.0
723 0 7114.0
724 0 7114.0
725 0 7114.0
726 0 7114.0
727 0 7114.0
728 0 7114.0
729 0 7114.0
730 0 7114.0
731 0 7114.0
732 0 7114.0
733 0 7114.0
734 0 7114.0
735 0 7114.0
736 0 7114.0
737 0 7114.0
738 0 7114.0
739 0 7114.0
740 0 7114.0
741 0 7114.0
742 0 7114.0
743 0 7114.0
744 0 7114.0
745 0 7114.0
746 0 7114.0
747 0 7114.0
748 0 7114.0
749 0 7114.0
750 0 7114.0
751 0 7114.0
752 0 7114.0
753 0 7114.0
754 0 7114.0
755 0 7114.0
756 0 7114.0
757 0 7114.0
758 0 7114.0
759 0 7114.0
760 0 7114.0
761 0 7114.0
762 0 7114.0
763 0 7114.0
764 0 7114.0
765 0 7114.0
766 0 7114.0
767 0 7114.0
768 0 7114.0
769 0 7114.0
770 0 7114.0
771 0 7114.0
772 0 7114.0
773 0 7114.0
774 0 7114.0
775 0 7114.0
776 0 7114.0
777 0 7114.0
778 0 7114.0
779 0 7114.0
780 0 7114.0
781 0 7114.0
782 0 7114.0
783 0 7114.0
784 0 7114.0
785 0 7114.0
786 0 7114.0
787 0 7114.0
788 0 7114.0
789 0 7114.0
790 0 7114.0
791 0 7114.0
792 0 7114.0
793 0 7114.0
794 0 7114.0
795 0 7114.0
796 0 7114.0
797 0 7114.0
798 0 7114.0
799 0 7114.0
800 0 7114.0
801 0 7114.0
802 0 7114.0
803 0 7114.0
804 0 7114.0
805 0 7114.0
806 0 7114.0
807 0 7114.0
808 0 7114.0
809 0 7114.0
810 0 7114.0
811 0 7114.0
812 0 7114.0
813 0 7114.0
814 0 7114.0
815 0 7114.0
816 0 7114.0
817 0 7114.0
818 0 7114.0
819 0 7114.0
820 0 7114.0
821 0 7114.0
822 0 7114.0
823 0 7114.0
824 0 7114.0
825 0 7114.0
826 0 7114.0
827 0 7114.0
828 0 7114.0
829 0 7114.0
830 0 7114.0
831 0 7114.0
832 0 7114.0
833 0 7114.0
834 0 7114.0
835 0 7114.0
836 0 7114.0
837 0 7114.0
838 0 7114.0
839 0 7114.0
840 0 7114.0
841 0 7114.0
842 0 7114.0
843 0 7114.0
844 0 7114.0
845 0 7114.0
846 0 7114.0
847 0 7114.0
848 0 7114.0
849 0 7114.0
850 0 7114.0
851 0 7114.0
852 0 7114.0
853 0 7114.0
854 0 7114.0
855 0 7114.0
856 0 7114.0
857 0 7114.0
858 0 7114.0
859 0 7114.0
860 0 7114.0
861 0 7114.0
862 0 7114.0
863 0 7114.0
864 0 7114.0
865 0 7114.0
866 0 7114.0
867 0 7114.0
868 0 7114.0
869 0 7114.0
870 0 7114.0
871 0 7114.0
872 0 7114.0
873 0 7114.0
874 0 7114.0
875 0 7114.0
876 0 7114.0
877 0 7114.0
878 0 7114.0
879 0 7114.0
880 0 7114.0
881 0 7114.0
882 0 7114.0
883 0 7114.0
884 0 7114.0
885 0 7114.0
886 0 7114.0
887 0 7114.0
888 0 7114.0
889 0 7114.0
890 0 7114.0
891 0 7114.0
892 0 7114.0
893 0 7114.0
894 0 7114.0
895 0 7114.0
896 0 7114.0
897 0 7114.0
898 0 7114.0
899 0 7114.0
900 0 7114.0
901 0 7114.0
902 0 7114.0
903 0 7114.0
904 0 7114.0
905 0 7114.0
906 0 7114.0
907 0 7114.0
908 0 7114.0
909 0 7114.0
910 0 7114.0
911 0 7114.0
912 0 7114.0
913 0 7114.0
914 0 7114.0
915 0 7114.0
916 0 7114.0
917 0 7114.0
918 0 7114.0
919 0 7114.0
920 0 7114.0
921 0 7114.0
922 0 7114.0
923 0 7114.0
924 0 7114.0
925 0 7114.0
926 0 7114.0
927 0 7114.0
928 0 7114.0
929 0 7114.0
930 0 7114.0
931 0 7114.0
932 0 7114.0
933 0 7114.0
934 0 7114.0
935 0 7114.0
936 0 7114.0
937 0 7114.0
938 0 7114.0
939 0 7114.0
940 0 7114.0
941 0 7114.0
942 0 7114.0
943 0 7114.0
944 0 7114.0
945 0 7114.0
946 0 7114.0
947 0 7114.0
948 0 7114.0
949 0 7114.0
950 0 7114.0
951 0 7114.0
952 0 7114.0
953 0 7114.0
954 0 7114.0
955 0 7114.0
956 0 7114.0
957 0 7114.0
958 0 7114.0
959 0 7114.0
960 0 7114.0
961 0 7114.0
962 0 7114.0
963 0 7114.0
964 0 7114.0
965 0 7114.0
966 0 7114.0
967 0 7114.0
968 0 7114.0
969 0 7114.0
970 0 7114.0
971 0 7114.0
972 0 7114.0
973 0 7114.0
974 0 7114.0
975 0 7114.0
976 0 7114.0
977 0 7114.0
978 0 7114.0
979 0 7114.0
980 0 7114.0
981 0 7114.0
982 0 7114.0
983 0 7114.0
984 0 7114.0
985 0 7114.0
986 0 7114.0
987 0 7114.0
988 0 7114.0
989 0 7114.0
990 0 7114.0
991 0 7114.0
992 0 7114.0
993 0 7114.0
994 0 7114.0
995 0 7114.0
996 0 7114.0
997 0 7114.0
998 0 7114.0
999 0 7114.0
1000 0 7114.0
