1 1 15165.0
2 2 20715.0
3 1 26325.0
4 2 31747.0
5 2 36948.0
6 2 42230.0
7 2 47382.0
8 4 52584.0
9 3 57687.0
10 6 62610.0
11 6 67801.0
12 12 73027.0
13 9 78094.0
14 12 83157.0
15 13 88250.0
16 11 93384.0
17 20 98488.0
18 19 103416.0
19 29 108534.0
20 31 113426.0
21 33 118141.0
22 43 123014.0
23 42 128164.0
24 51 132801.0
25 56 137810.0
26 68 142699.0
27 81 147622.0
28 89 152675.0
29 99 157625.0
30 111 162681.0
31 133 167667.0
32 133 172703.0
33 164 177653.0
34 183 182743.0
35 161 187719.0
36 167 192570.0
37 183 197571.0
38 179 202506.0
39 196 207303.0
40 223 212148.0
41 234 216974.0
42 244 221908.0
43 266 226823.0
44 276 231849.0
45 275 236862.0
46 303 241604.0
47 303 246535.0
48 334 251420.0
49 391 256407.0
50 398 261213.0
51 404 265996.0
52 437 270928.0
53 470 275755.0
54 506 280715.0
55 500 285706.0
56 523 290689.0
57 534 295806.0
58 557 300711.0
59 557 305496.0
60 596 310192.0
61 670 315127.0
62 730 319851.0
63 761 324771.0
64 806 329701.0
65 789 334490.0
66 801 339133.0
67 811 344064.0
68 834 348645.0
69 888 353472.0
70 906 358300.0
71 940 362933.0
72 963 367657.0
73 1000 372181.0
74 1032 376965.0
75 1031 381682.0
76 1063 386524.0
77 1100 391234.0
78 1119 395881.0
79 1164 400509.0
80 1148 405069.0
81 1184 409685.0
82 1311 414048.0
83 1405 418793.0
84 1442 423320.0
85 1569 427841.0
86 1518 432422.0
87 1477 437044.0
88 1490 441395.0
89 1561 445894.0
90 1644 450414.0
91 1701 455071.0
92 1754 459607.0
93 1702 464078.0
94 1718 468540.0
95 1813 473050.0
96 1854 477236.0
97 1994 481895.0
98 1943 486285.0
99 2060 490684.0
100 2074 495019.0
101 2064 499582.0
102 2100 503886.0
103 2185 508308.0
104 2160 512855.0
105 2301 517269.0
106 2435 521749.0
107 2475 526199.0
108 2414 530497.0
109 2441 534888.0
110 2550 539264.0
111 2541 543355.0
112 2515 547620.0
113 2623 551886.0
114 2850 556146.0
115 2931 560323.0
116 2908 564550.0
117 2799 569140.0
118 2704 573366.0
119 2957 577591.0
120 3061 581700.0
121 3146 585830.0
122 3144 589798.0
123 3140 593911.0
124 3090 598086.0
125 3139 602360.0
126 3270 606334.0
127 3519 610528.0
128 3616 614401.0
129 3729 618622.0
130 3718 622428.0
131 3843 626626.0
132 3791 630295.0
133 3788 634433.0
134 3763 638223.0
135 4022 642002.0
136 4080 645844.0
137 4142 649675.0
138 4306 653522.0
139 4201 657427.0
140 4084 661408.0
141 4065 665445.0
142 4250 669442.0
143 4422 673079.0
144 4630 676726.0
145 4769 680511.0
146 4832 684294.0
147 4660 688021.0
148 4657 691750.0
149 4669 695520.0
150 4938 699264.0
151 5076 702567.0
152 5265 705887.0
153 5482 709375.0
154 5602 712739.0
155 5437 716167.0
156 5423 719570.0
157 5517 722879.0
158 5573 726397.0
159 5659 729868.0
160 5791 733338.0
161 5852 736555.0
162 6161 739973.0
163 6087 743238.0
164 5917 746668.0
165 5981 750035.0
166 6100 753293.0
167 6273 756641.0
168 6233 759692.0
169 6424 763018.0
170 6502 766447.0
171 6586 769642.0
172 6783 772601.0
173 7065 775674.0
174 6984 778769.0
175 6987 781977.0
176 7005 785256.0
177 6975 788306.0
178 7355 791504.0
179 7374 794469.0
180 7494 797438.0
181 7506 800478.0
182 7523 803405.0
183 7607 806345.0
184 7666 809195.0
185 7708 812022.0
186 7780 814942.0
187 7945 817958.0
188 8020 820768.0
189 8294 823420.0
190 8558 825919.0
191 8702 828490.0
192 8626 831317.0
193 8389 834143.0
194 8368 836859.0
195 8478 839449.0
196 8954 842070.0
197 9104 844559.0
198 9111 846944.0
199 9014 849683.0
200 8916 846832.0
201 9026 840228.0
202 8542 833701.0
203 8211 827672.0
204 7857 821580.0
205 7654 815622.0
206 7313 809628.0
207 7212 803536.0
208 7189 797676.0
209 6957 791756.0
210 6852 785803.0
211 6946 779752.0
212 6927 774023.0
213 6662 768194.0
214 6569 762398.0
215 6573 756240.0
216 6554 750409.0
217 6389 744376.0
218 6701 738586.0
219 6735 732642.0
220 6651 727071.0
221 6619 721306.0
222 6780 715515.0
223 6742 709654.0
224 6612 703921.0
225 6509 698144.0
226 6638 692418.0
227 6657 686492.0
228 6731 680872.0
229 6649 675021.0
230 6666 669309.0
231 6637 663673.0
232 6440 657901.0
233 6475 652481.0
234 6353 646858.0
235 6191 641474.0
236 6252 635940.0
237 6662 630095.0
238 6634 624423.0
239 6329 619082.0
240 6115 613829.0
241 6072 608546.0
242 6149 603052.0
243 6358 597421.0
244 6519 591820.0
245 6583 586285.0
246 6491 580712.0
247 6186 575586.0
248 6202 570037.0
249 6433 564792.0
250 6181 559304.0
251 6386 553995.0
252 6151 548609.0
253 5900 543385.0
254 6071 538177.0
255 6189 532656.0
256 6457 527361.0
257 6460 522019.0
258 6435 516565.0
259 6494 511504.0
260 6294 506165.0
261 6097 500891.0
262 5943 495604.0
263 6050 490585.0
264 6148 485415.0
265 6309 480202.0
266 6319 475142.0
267 6235 470025.0
268 6087 465053.0
269 5924 460099.0
270 5891 455276.0
271 5827 450067.0
272 6018 445086.0
273 6195 439960.0
274 6222 434947.0
275 5922 430118.0
276 5622 425061.0
277 5815 420188.0
278 5958 415202.0
279 6149 410109.0
280 6193 405240.0
281 5914 400372.0
282 5758 395556.0
283 5620 390681.0
284 5724 385877.0
285 5822 381134.0
286 5823 376193.0
287 5806 371208.0
288 5766 366560.0
289 5819 361797.0
290 5837 356815.0
291 5789 352252.0
292 5662 347661.0
293 5505 342980.0
294 5524 338284.0
295 5606 333641.0
296 5660 328974.0
297 5495 324479.0
298 5308 319923.0
299 5212 315657.0
300 5084 311220.0
301 5363 306675.0
302 5482 301942.0
303 5384 297793.0
304 5197 293289.0
305 5336 288734.0
306 5362 284393.0
307 5279 280118.0
308 5113 275810.0
309 5075 271699.0
310 5032 267526.0
311 5004 263396.0
312 4907 259222.0
313 4875 255405.0
314 4819 251496.0
315 4603 247662.0
316 4558 243461.0
317 4688 239537.0
318 4660 235404.0
319 4671 231595.0
320 4572 227777.0
321 4644 223749.0
322 4754 219884.0
323 4724 215928.0
324 4472 212191.0
325 4236 208523.0
326 4191 204920.0
327 4120 201123.0
328 4123 197531.0
329 4069 193866.0
330 4091 190265.0
331 4060 186682.0
332 4121 183102.0
333 4151 179535.0
334 4130 176144.0
335 4108 172664.0
336 3955 169128.0
337 3779 165863.0
338 3785 162511.0
339 3728 159267.0
340 3531 156248.0
341 3392 152996.0
342 3483 149896.0
343 3496 146659.0
344 3472 143794.0
345 3306 140818.0
346 3355 137835.0
347 3494 134798.0
348 3489 131907.0
349 3301 128896.0
350 3178 126069.0
351 3190 123289.0
352 3210 120580.0
353 3166 117751.0
354 3169 115146.0
355 3019 112468.0
356 2908 109763.0
357 2908 107386.0
358 2799 104859.0
359 2721 102392.0
360 2632 100049.0
361 2604 97685.0
362 2656 95293.0
363 2686 93062.0
364 2536 91005.0
365 2446 88841.0
366 2353 86663.0
367 2343 84442.0
368 2455 82338.0
369 2428 80313.0
370 2305 78167.0
371 2176 76271.0
372 2156 74369.0
373 2180 72422.0
374 2211 70468.0
375 2208 68546.0
376 2187 66764.0
377 2072 64928.0
378 2014 63108.0
379 2056 61220.0
380 2123 59547.0
381 2057 57783.0
382 2061 56294.0
383 2073 54629.0
384 2016 53091.0
385 1866 51630.0
386 1692 50174.0
387 1564 48757.0
388 1445 47486.0
389 1399 46018.0
390 1353 44736.0
391 1302 43528.0
392 1252 42255.0
393 1182 41130.0
394 1158 39972.0
395 1146 38918.0
396 1087 37750.0
397 1091 36779.0
398 977 35813.0
399 938 34694.0
400 848 33724.0
401 784 32916.0
402 713 32118.0
403 730 31336.0
404 673 30602.0
405 612 29728.0
406 588 29099.0
407 564 28368.0
408 547 27478.0
409 562 26756.0
410 526 26166.0
411 513 25474.0
412 503 24905.0
413 497 24299.0
414 483 23678.0
415 460 23128.0
416 483 22519.0
417 510 21788.0
418 487 21286.0
419 481 20639.0
420 453 20127.0
421 410 19495.0
422 346 19079.0
423 322 18588.0
424 300 18173.0
425 276 17854.0
426 248 17473.0
427 223 17060.0
428 237 16826.0
429 232 16407.0
430 198 16034.0
431 194 15651.0
432 185 15194.0
433 176 14999.0
434 163 14658.0
435 147 14485.0
436 115 14288.0
437 108 13941.0
438 106 13759.0
439 97 13482.0
440 87 13246.0
441 83 13052.0
442 70 12844.0
443 62 12825.0
444 49 12339.0
445 46 12050.0
446 37 11861.0
447 37 11677.0
448 37 11544.0
449 30 11472.0
450 20 11312.0
451 16 11106.0
452 11 11001.0
453 11 10709.0
454 8 10584.0
455 5 10395.0
456 3 10332.0
457 3 10177.0
458 1 10111.0
459 1 10036.0
460 0 9834.0
461 0 9716.0
462 0 9611.0
463 0 9514.0
464 0 9216.0
465 0 9264.0
466 0 9188.0
467 0 9113.0
468 0 9023.0
469 0 8961.0
470 0 8829.0
471 0 8751.0
472 0 8794.0
473 0 8674.0
474 0 8535.0
475 0 8504.0
476 0 8421.0
477 0 8431.0
478 0 8271.0
479 0 8200.0
480 0 8162.0
481 0 8164.0
482 0 8187.0
483 0 8230.0
484 0 8107.0
485 0 8006.0
486 0 8016.0
487 0 7863.0
488 0 7879.0
489 0 7790.0
490 0 7801.0
491 0 7608.0
492 0 7550.0
493 0 7423.0
494 0 7411.0
495 0 7508.0
496 0 7529.0
497 0 7558.0
498 0 7535.0
499 0 7337.0
500 0 7427.0
501 0 7315.0
502 0 7276.0
503 0 7294.0
504 0 7268.0
505 0 7361.0
506 0 7298.0
507 0 7396.0
508 0 7435.0
509 0 7356.0
510 0 7258.0
511 0 7214.0
512 0 7293.0
513 0 7375.0
514 0 7339.0
515 0 7209.0
516 0 7192.0
517 0 7245.0
518 0 7250.0
519 0 7225.0
520 0 7217.0
521 0 7145.0
522 0 7114.0
523 0 7145.0
524 0 7203.0
525 0 7154.0
526 0 7120.0
527 0 7089.0
528 0 7113.0
529 0 7275.0
530 0 7318.0
531 0 7379.0
532 0 7306.0
533 0 7173.0
534 0 7121.0
535 0 7015.0
536 0 6942.0
537 0 6995.0
538 0 7060.0
539 0 7169.0
540 0 7201.0
541 0 7141.0
542 0 7138.0
543 0 7165.0
544 0 7160.0
545 0 7243.0
546 0 7252.0
547 0 7058.0
548 0 7114.0
549 0 7281.0
550 0 7276.0
551 0 7206.0
552 0 7153.0
553 0 7135.0
554 0 7101.0
555 0 6992.0
556 0 7129.0
557 0 7283.0
558 0 7194.0
559 0 7105.0
560 0 7212.0
561 0 7145.0
562 0 7114.0
563 0 7061.0
564 0 7073.0
565 0 7094.0
566 0 7015.0
567 0 6969.0
568 0 7001.0
569 0 6888.0
570 0 6918.0
571 0 6947.0
572 0 6961.0
573 0 7123.0
574 0 7232.0
575 0 7100.0
576 0 7044.0
577 0 6969.0
578 0 6923.0
579 0 7006.0
580 0 7026.0
581 0 7053.0
582 0 7090.0
583 0 7120.0
584 0 7155.0
585 0 7021.0
586 0 7013.0
587 0 6998.0
588 0 6916.0
589 0 6985.0
590 0 6973.0
591 0 6878.0
592 0 6866.0
593 0 6958.0
594 0 7037.0
595 0 7054.0
596 0 7060.0
597 0 7001.0
598 0 7088.0
599 0 7095.0
600 0 7095.0
601 0 7095.0
602 0 7095.0
603 0 7095.0
604 0 7095.0
605 0 7095.0
606 0 7095.0
607 0 7095.0
608 0 7095.0
609 0 7095.0
610 0 7095.0
611 0 7095.0
612 0 7095.0
613 0 7095.0
614 0 7095.0
615 0 7095.0
616 0 7095.0
617 0 7095.0
618 0 7095.0
619 0 7095.0
620 0 7095.0
621 0 7095.0
622 0 7095.0
623 0 7095.0
624 0 7095.0
625 0 7095.0
626 0 7095.0
627 0 7095.0
628 0 7095.0
629 0 7095.0
630 0 7095.0
631 0 7095.0
632 0 7095.0
633 0 7095.0
634 0 7095.0
635 0 7095.0
636 0 7095.0
637 0 7095.0
638 0 7095.0
639 0 7095.0
640 0 7095.0
641 0 7095.0
642 0 7095.0
643 0 7095.0
644 0 7095.0
645 0 7095.0
646 0 7095.0
647 0 7095.0
648 0 7095.0
649 0 7095.0
650 0 7095.0
651 0 7095.0
652 0 7095.0
653 0 7095.0
654 0 7095.0
655 0 7095.0
656 0 7095.0
657 0 7095.0
658 0 7095.0
659 0 7095.0
660 0 7095.0
661 0 7095.0
662 0 7095.0
663 0 7095.0
664 0 7095.0
665 0 7095.0
666 0 7095.0
667 0 7095.0
668 0 7095.0
669 0 7095.0
670 0 7095.0
671 0 7095.0
672 0 7095.0
673 0 7095.0
674 0 7095.0
675 0 7095.0
676 0 7095.0
677 0 7095.0
678 0 7095.0
679 0 7095.0
680 0 7095.0
681 0 7095.0
682 0 7095.0
683 0 7095.0
684 0 7095.0
685 0 7095.0
686 0 7095.0
687 0 7095.0
688 0 7095.0
689 0 7095.0
690 0 7095.0
691 0 7095.0
692 0 7095.0
693 0 7095.0
694 0 7095.0
695 0 7095.0
696 0 7095.0
697 0 7095.0
698 0 7095.0
699 0 7095.0
700 0 7095.0
701 0 7095.0
702 0 7095.0
703 0 7095.0
704 0 7095.0
705 0 7095.0
706 0 7095.0
707 0 7095.0
708 0 7095.0
709 0 7095.0
710 0 7095.0
711 0 7095.0
712 0 7095.0
713 0 7095.0
714 0 7095.0
715 0 7095.0
716 0 7095.0
717 0 7095.0
718 0 7095.0
719 0 7095.0
720 0 7095.0
721 0 7095.0
722 0 7095.0
723 0 7095.0
724 0 7095.0
725 0 7095.0
726 0 7095.0
727 0 7095.0
728 0 7095.0
729 0 7095.0
730 0 7095.0
731 0 7095.0
732 0 7095.0
733 0 7095.0
734 0 7095.0
735 0 7095.0
736 0 7095.0
737 0 7095.0
738 0 7095.0
739 0 7095.0
740 0 7095.0
741 0 7095.0
742 0 7095.0
743 0 7095.0
744 0 7095.0
745 0 7095.0
746 0 7095.0
747 0 7095.0
748 0 7095.0
749 0 7095.0
750 0 7095.0
751 0 7095.0
752 0 7095.0
753 0 7095.0
754 0 7095.0
755 0 7095.0
756 0 7095.0
757 0 7095.0
758 0 7095.0
759 0 7095.0
760 0 7095.0
761 0 7095.0
762 0 7095.0
763 0 7095.0
764 0 7095.0
765 0 7095.0
766 0 7095.0
767 0 7095.0
768 0 7095.0
769 0 7095.0
770 0 7095.0
771 0 7095.0
772 0 7095.0
773 0 7095.0
774 0 7095.0
775 0 7095.0
776 0 7095.0
777 0 7095.0
778 0 7095.0
779 0 7095.0
780 0 7095.0
781 0 7095.0
782 0 7095.0
783 0 7095.0
784 0 7095.0
785 0 7095.0
786 0 7095.0
787 0 7095.0
788 0 7095.0
789 0 7095.0
790 0 7095.0
791 0 7095.0
792 0 7095.0
793 0 7095.0
794 0 7095.0
795 0 7095.0
796 0 7095.0
797 0 7095.0
798 0 7095.0
799 0 7095.0
800 0 7095.0
801 0 7095.0
802 0 7095.0
803 0 7095.0
804 0 7095.0
805 0 7095.0
806 0 7095.0
807 0 7095.0
808 0 7095.0
809 0 7095.0
810 0 7095.0
811 0 7095.0
812 0 7095.0
813 0 7095.0
814 0 7095.0
815 0 7095.0
816 0 7095.0
817 0 7095.0
818 0 7095.0
819 0 7095.0
820 0 7095.0
821 0 7095.0
822 0 7095.0
823 0 7095.0
824 0 7095.0
825 0 7095.0
826 0 7095.0
827 0 7095.0
828 0 7095.0
829 0 7095.0
830 0 7095.0
831 0 7095.0
832 0 7095.0
833 0 7095.0
834 0 7095.0
835 0 7095.0
836 0 7095.0
837 0 7095.0
838 0 7095.0
839 0 7095.0
840 0 7095.0
841 0 7095.0
842 0 7095.0
843 0 7095.0
844 0 7095.0
845 0 7095.0
846 0 7095.0
847 0 7095.0
848 0 7095.0
849 0 7095.0
850 0 7095.0
851 0 7095.0
852 0 7095.0
853 0 7095.0
854 0 7095.0
855 0 7095.0
856 0 7095.0
857 0 7095.0
858 0 7095.0
859 0 7095.0
860 0 7095.0
861 0 7095.0
862 0 7095.0
863 0 7095.0
864 0 7095.0
865 0 7095.0
866 0 7095.0
867 0 7095.0
868 0 7095.0
869 0 7095.0
870 0 7095.0
871 0 7095.0
872 0 7095.0
873 0 7095.0
874 0 7095.0
875 0 7095.0
876 0 7095.0
877 0 7095.0
878 0 7095.0
879 0 7095.0
880 0 7095.0
881 0 7095.0
882 0 7095.0
883 0 7095.0
884 0 7095.0
885 0 7095.0
886 0 7095.0
887 0 7095.0
888 0 7095.0
889 0 7095.0
890 0 7095.0
891 0 7095.0
892 0 7095.0
893 0 7095.0
894 0 7095.0
895 0 7095.0
896 0 7095.0
897 0 7095.0
898 0 7095.0
899 0 7095.0
900 0 7095.0
901 0 7095.0
902 0 7095.0
903 0 7095.0
904 0 7095.0
905 0 7095.0
906 0 7095.0
907 0 7095.0
908 0 7095.0
909 0 7095.0
910 0 7095.0
911 0 7095.0
912 0 7095.0
913 0 7095.0
914 0 7095.0
915 0 7095.0
916 0 7095.0
917 0 7095.0
918 0 7095.0
919 0 7095.0
920 0 7095.0
921 0 7095.0
922 0 7095.0
923 0 7095.0
924 0 7095.0
925 0 7095.0
926 0 7095.0
927 0 7095.0
928 0 7095.0
929 0 7095.0
930 0 7095.0
931 0 7095.0
932 0 7095.0
933 0 7095.0
934 0 7095.0
935 0 7095.0
936 0 7095.0
937 0 7095.0
938 0 7095.0
939 0 7095.0
940 0 7095.0
941 0 7095.0
942 0 7095.0
943 0 7095.0
944 0 7095.0
945 0 7095.0
946 0 7095.0
947 0 7095.0
948 0 7095.0
949 0 7095.0
950 0 7095.0
951 0 7095.0
952 0 7095.0
953 0 7095.0
954 0 7095.0
955 0 7095.0
956 0 7095.0
957 0 7095.0
958 0 7095.0
959 0 7095.0
960 0 7095.0
961 0 7095.0
962 0 7095.0
963 0 7095.0
964 0 7095.0
965 0 7095.0
966 0 7095.0
967 0 7095.0
968 0 7095.0
969 0 7095.0
970 0 7095.0
971 0 7095.0
972 0 7095.0
973 0 7095.0
974 0 7095.0
975 0 7095.0
976 0 7095.0
977 0 7095.0
978 0 7095.0
979 0 7095.0
980 0 7095.0
981 0 7095.0
982 0 7095.0
983 0 7095.0
984 0 7095.0
985 0 7095.0
986 0 7095.0
987 0 7095.0
988 0 7095.0
989 0 7095.0
990 0 7095.0
991 0 7095.0
992 0 7095.0
993 0 7095.0
994 0 7095.0
995 0 7095.0
996 0 7095.0
997 0 7095.0
998 0 7095.0
999 0 7095.0
1000 0 7095.0
