1 1 14999.0
2 2 20536.0
3 2 25947.0
4 4 31323.0
5 3 36651.0
6 2 41804.0
7 1 47098.0
8 2 52488.0
9 2 57763.0
10 4 62757.0
11 3 67686.0
12 6 72884.0
13 4 77870.0
14 7 83027.0
15 5 87933.0
16 4 92789.0
17 8 97767.0
18 8 102880.0
19 16 107915.0
20 14 112864.0
21 15 117817.0
22 14 122922.0
23 20 128019.0
24 20 133015.0
25 26 138078.0
26 28 143307.0
27 36 148349.0
28 42 153401.0
29 48 158183.0
30 51 163063.0
31 65 168067.0
32 80 173032.0
33 92 178037.0
34 109 183118.0
35 132 188145.0
36 145 193181.0
37 142 198231.0
38 159 203345.0
39 172 208443.0
40 191 213398.0
41 206 218124.0
42 213 222927.0
43 235 227906.0
44 247 232838.0
45 273 237720.0
46 313 242556.0
47 329 247398.0
48 300 252325.0
49 309 257242.0
50 322 262307.0
51 373 267168.0
52 370 272129.0
53 415 276947.0
54 448 281755.0
55 484 286632.0
56 520 291509.0
57 517 296428.0
58 543 301222.0
59 617 305897.0
60 607 310746.0
61 611 315660.0
62 614 320523.0
63 613 325229.0
64 658 330020.0
65 700 334724.0
66 736 339449.0
67 733 344234.0
68 746 349000.0
69 754 353747.0
70 789 358432.0
71 831 363112.0
72 933 367728.0
73 934 372375.0
74 928 377305.0
75 953 381724.0
76 1030 386484.0
77 1085 391290.0
78 1167 395950.0
79 1216 400633.0
80 1177 405419.0
81 1203 410084.0
82 1179 414721.0
83 1250 419425.0
84 1288 424171.0
85 1342 428822.0
86 1343 433412.0
87 1334 438078.0
88 1332 442621.0
89 1366 447296.0
90 1369 451773.0
91 1526 456369.0
92 1567 460984.0
93 1649 465550.0
94 1690 469837.0
95 1760 474374.0
96 1725 478859.0
97 1691 483380.0
98 1718 487953.0
99 1874 492354.0
100 1961 491783.0
101 1886 486248.0
102 1816 480967.0
103 1673 475808.0
104 1620 470578.0
105 1567 465420.0
106 1548 460233.0
107 1564 455101.0
108 1547 449829.0
109 1580 444636.0
110 1621 439190.0
111 1628 433877.0
112 1490 428657.0
113 1477 423534.0
114 1484 418533.0
115 1485 413275.0
116 1471 408034.0
117 1522 402739.0
118 1633 397709.0
119 1505 392450.0
120 1356 387318.0
121 1382 382402.0
122 1474 377136.0
123 1587 371904.0
124 1488 366798.0
125 1467 361880.0
126 1432 356701.0
127 1467 351645.0
128 1400 346589.0
129 1408 341417.0
130 1447 336483.0
131 1445 331464.0
132 1411 326467.0
133 1351 321511.0
134 1278 316445.0
135 1392 311376.0
136 1386 306341.0
137 1455 301315.0
138 1435 296256.0
139 1503 291338.0
140 1487 286517.0
141 1508 281622.0
142 1435 276680.0
143 1410 271552.0
144 1405 266568.0
145 1416 261698.0
146 1438 256726.0
147 1463 251923.0
148 1401 246898.0
149 1469 242216.0
150 1430 237488.0
151 1329 232858.0
152 1285 228170.0
153 1279 223261.0
154 1291 218564.0
155 1275 214150.0
156 1180 209525.0
157 1078 205160.0
158 1057 200501.0
159 1003 196012.0
160 1069 191618.0
161 1065 187086.0
162 1012 182664.0
163 1017 178252.0
164 986 173924.0
165 947 169673.0
166 991 165528.0
167 1024 161358.0
168 1028 157285.0
169 1015 153189.0
170 1040 149474.0
171 1028 145607.0
172 918 142004.0
173 852 138365.0
174 846 134550.0
175 849 130840.0
176 764 127311.0
177 719 123902.0
178 693 120497.0
179 709 117044.0
180 673 113626.0
181 698 110453.0
182 668 107226.0
183 613 104029.0
184 568 100976.0
185 567 98035.0
186 524 95195.0
187 486 92447.0
188 482 89525.0
189 426 86778.0
190 386 83936.0
191 394 81281.0
192 383 78476.0
193 365 75969.0
194 355 73483.0
195 341 71056.0
196 341 68646.0
197 344 66278.0
198 331 64152.0
199 323 62025.0
200 319 59994.0
201 313 57899.0
202 324 55794.0
203 331 53897.0
204 313 51970.0
205 294 50253.0
206 256 48398.0
207 244 46641.0
208 232 45125.0
209 194 43684.0
210 170 42045.0
211 166 40645.0
212 161 39249.0
213 174 38042.0
214 148 36676.0
215 125 35528.0
216 119 34197.0
217 137 32982.0
218 130 31853.0
219 119 30867.0
220 94 29796.0
221 73 28753.0
222 63 27788.0
223 59 26705.0
224 56 25781.0
225 54 24850.0
226 48 24073.0
227 49 23412.0
228 53 22695.0
229 53 21893.0
230 45 21062.0
231 39 20536.0
232 41 19900.0
233 40 19194.0
234 44 18596.0
235 39 17943.0
236 39 17459.0
237 29 16904.0
238 26 16376.0
239 25 15757.0
240 23 15433.0
241 16 14927.0
242 11 14572.0
243 11 14091.0
244 9 13720.0
245 9 13428.0
246 10 13099.0
247 10 12738.0
248 16 12449.0
249 15 12190.0
250 18 11969.0
251 15 11708.0
252 9 11279.0
253 8 11037.0
254 5 10839.0
255 4 10597.0
256 4 10386.0
257 3 10204.0
258 2 9875.0
259 1 9650.0
260 0 9551.0
261 0 9394.0
262 0 9200.0
263 0 9179.0
264 0 9015.0
265 0 8890.0
266 0 8738.0
267 0 8597.0
268 0 8479.0
269 0 8465.0
270 0 8447.0
271 0 8469.0
272 0 8313.0
273 0 8222.0
274 0 8256.0
275 0 8250.0
276 2 8189.0
277 1 8044.0
278 1 7955.0
279 2 7867.0
280 2 7865.0
281 4 14202.0
282 3 20109.0
283 5 25865.0
284 4 31257.0
285 4 36597.0
286 7 41952.0
287 6 46831.0
288 9 51960.0
289 9 57047.0
290 18 57047.0
291 13 57039.0
292 16 57035.0
293 14 57032.0
294 13 57029.0
295 13 57023.0
296 18 57016.0
297 17 57010.0
298 17 57004.0
299 16 57002.0
300 16 56995.0
301 17 56992.0
302 18 56983.0
303 20 56979.0
304 19 56973.0
305 18 56967.0
306 18 56959.0
307 22 56955.0
308 21 56945.0
309 22 56940.0
310 25 56930.0
311 27 56922.0
312 29 56909.0
313 30 56902.0
314 23 56897.0
315 21 56891.0
316 24 56883.0
317 26 56874.0
318 26 56869.0
319 22 56859.0
320 25 56855.0
321 25 56845.0
322 23 56838.0
323 19 56833.0
324 22 56826.0
325 26 56817.0
326 23 56808.0
327 23 56800.0
328 27 56791.0
329 28 56784.0
330 26 56774.0
331 34 56763.0
332 38 56748.0
333 39 56735.0
334 47 56718.0
335 55 56700.0
336 56 56684.0
337 47 56672.0
338 39 56666.0
339 37 56650.0
340 46 56638.0
341 54 56619.0
342 51 56602.0
343 49 56589.0
344 46 56575.0
345 47 56562.0
346 44 56551.0
347 44 56532.0
348 50 56518.0
349 54 56500.0
350 54 56488.0
351 53 56472.0
352 52 56452.0
353 65 56434.0
354 72 56403.0
355 75 56389.0
356 57 56371.0
357 62 56358.0
358 56 56340.0
359 52 56327.0
360 56 56304.0
361 62 56288.0
362 53 56272.0
363 60 56256.0
364 63 56229.0
365 76 56216.0
366 72 56181.0
367 76 56165.0
368 67 56139.0
369 68 56130.0
370 48 56112.0
371 53 56105.0
372 52 56080.0
373 58 56066.0
374 58 56043.0
375 64 56030.0
376 56 56010.0
377 57 55996.0
378 57 55975.0
379 64 55953.0
380 57 55934.0
381 56 55921.0
382 47 55904.0
383 51 55892.0
384 53 55872.0
385 62 55853.0
386 70 55829.0
387 70 55811.0
388 61 55798.0
389 47 55784.0
390 45 55780.0
391 41 55762.0
392 42 55755.0
393 43 55737.0
394 49 55723.0
395 44 55713.0
396 41 55693.0
397 44 55682.0
398 48 55666.0
399 45 55650.0
400 45 55638.0
401 44 55622.0
402 55 55604.0
403 56 55586.0
404 53 55573.0
405 45 55559.0
406 40 55551.0
407 33 55542.0
408 29 55536.0
409 25 55530.0
410 25 55522.0
411 27 55513.0
412 29 55506.0
413 28 55495.0
414 30 55485.0
415 30 55477.0
416 29 55467.0
417 29 55461.0
418 29 55447.0
419 33 55445.0
420 27 55431.0
421 31 55425.0
422 31 55416.0
423 30 55412.0
424 27 55395.0
425 35 55391.0
426 32 55378.0
427 31 55374.0
428 23 55365.0
429 26 55360.0
430 28 55351.0
431 28 55341.0
432 25 55337.0
433 32 55322.0
434 37 55311.0
435 38 55298.0
436 38 55289.0
437 34 55280.0
438 32 55272.0
439 30 55262.0
440 30 55251.0
441 35 55245.0
442 29 55231.0
443 28 55225.0
444 30 55215.0
445 32 55204.0
446 35 55189.0
447 32 55182.0
448 30 55174.0
449 26 55169.0
450 28 55155.0
451 39 55145.0
452 36 55131.0
453 34 55122.0
454 35 55110.0
455 42 55091.0
456 50 55077.0
457 52 55062.0
458 48 55048.0
459 46 55036.0
460 44 55021.0
461 49 50884.0
462 59 46599.0
463 60 42648.0
464 59 39338.0
465 58 36100.0
466 60 33137.0
467 48 30583.0
468 41 28365.0
469 40 26044.0
470 44 24057.0
471 45 22260.0
472 52 20588.0
473 40 19140.0
474 40 17730.0
475 39 16502.0
476 34 15554.0
477 26 14648.0
478 25 13832.0
479 20 13050.0
480 26 12286.0
481 20 11845.0
482 20 11317.0
483 14 10721.0
484 12 10332.0
485 9 9996.0
486 8 9704.0
487 7 9499.0
488 8 9301.0
489 7 8922.0
490 4 8840.0
491 3 8540.0
492 2 8385.0
493 2 8221.0
494 2 8113.0
495 4 8067.0
496 3 7893.0
497 1 7746.0
498 0 7718.0
499 0 7632.0
500 0 7664.0
501 0 7658.0
502 0 7561.0
503 0 7466.0
504 0 7422.0
505 0 7330.0
506 0 7346.0
507 0 7435.0
508 0 7424.0
509 0 7392.0
510 0 7332.0
511 0 7312.0
512 0 7281.0
513 0 7226.0
514 0 7238.0
515 0 7174.0
516 0 7060.0
517 0 7178.0
518 0 7252.0
519 0 7096.0
520 0 7115.0
521 0 7161.0
522 0 7146.0
523 0 7169.0
524 0 7152.0
525 0 7084.0
526 0 7142.0
527 0 7118.0
528 0 7129.0
529 0 7155.0
530 0 7203.0
531 0 7218.0
532 0 7180.0
533 0 7239.0
534 0 7204.0
535 0 7181.0
536 0 7103.0
537 0 7185.0
538 0 7117.0
539 0 7087.0
540 0 7212.0
541 0 7174.0
542 0 7123.0
543 0 7056.0
544 0 6974.0
545 0 7039.0
546 0 7163.0
547 0 7248.0
548 0 7241.0
549 0 7269.0
550 0 7230.0
551 0 7102.0
552 0 7141.0
553 0 7046.0
554 0 7101.0
555 0 7143.0
556 0 7158.0
557 0 7027.0
558 0 7197.0
559 0 7156.0
560 0 7170.0
561 0 7209.0
562 0 7161.0
563 0 7089.0
564 0 7158.0
565 0 7147.0
566 0 7081.0
567 0 7039.0
568 0 7089.0
569 0 7017.0
570 0 6952.0
571 0 7120.0
572 0 7086.0
573 0 7157.0
574 0 7095.0
575 0 7120.0
576 0 7130.0
577 0 7255.0
578 0 7159.0
579 0 7082.0
580 0 7070.0
581 0 7079.0
582 0 7048.0
583 0 7146.0
584 0 7183.0
585 0 7161.0
586 0 7203.0
587 0 7169.0
588 0 7135.0
589 0 7158.0
590 0 7123.0
591 0 7093.0
592 0 7090.0
593 0 7059.0
594 0 7006.0
595 0 7110.0
596 0 7195.0
597 0 7123.0
598 0 6964.0
599 0 6999.0
600 0 7014.0
601 0 7035.0
602 0 7049.0
603 0 7127.0
604 0 7140.0
605 0 7044.0
606 0 7056.0
607 0 7028.0
608 0 7181.0
609 0 7105.0
610 0 7086.0
611 0 7061.0
612 0 7003.0
613 0 6990.0
614 0 7062.0
615 0 7050.0
616 0 7038.0
617 0 7112.0
618 0 7069.0
619 0 6963.0
620 0 7040.0
621 0 7006.0
622 0 6957.0
623 0 7086.0
624 0 7093.0
625 0 7086.0
626 0 7185.0
627 0 7124.0
628 0 7053.0
629 0 7014.0
630 0 6981.0
631 0 7084.0
632 0 7148.0
633 0 7110.0
634 0 7204.0
635 0 7112.0
636 0 7108.0
637 0 7175.0
638 0 7223.0
639 0 7173.0
640 0 7243.0
641 0 7352.0
642 0 7271.0
643 0 7263.0
644 0 7275.0
645 0 7339.0
646 0 7377.0
647 0 7307.0
648 0 7268.0
649 0 7301.0
650 0 7271.0
651 0 7159.0
652 0 7098.0
653 0 7035.0
654 0 7057.0
655 0 7138.0
656 0 7244.0
657 0 7182.0
658 0 7070.0
659 0 7006.0
660 0 6936.0
661 0 7031.0
662 0 6944.0
663 0 7040.0
664 0 7043.0
665 0 6985.0
666 0 6893.0
667 0 7118.0
668 0 7067.0
669 0 7081.0
670 0 6983.0
671 0 6990.0
672 0 7003.0
673 0 6944.0
674 0 6994.0
675 0 7011.0
676 0 7018.0
677 0 6993.0
678 0 7027.0
679 0 7023.0
680 0 7105.0
681 0 7097.0
682 0 7019.0
683 0 7233.0
684 0 7239.0
685 0 7227.0
686 0 7225.0
687 0 7070.0
688 0 7142.0
689 0 7133.0
690 0 7219.0
691 0 7255.0
692 0 7242.0
693 0 7090.0
694 0 7146.0
695 0 7091.0
696 0 6985.0
697 0 7049.0
698 0 6948.0
699 0 7105.0
700 0 7132.0
701 0 6997.0
702 0 7007.0
703 0 7047.0
704 0 7090.0
705 0 7060.0
706 0 6933.0
707 0 7042.0
708 0 6989.0
709 0 7079.0
710 0 7073.0
711 0 7071.0
712 0 7040.0
713 0 7070.0
714 0 7172.0
715 0 7143.0
716 0 7065.0
717 0 7108.0
718 0 7208.0
719 0 7153.0
720 0 7077.0
721 0 6843.0
722 0 6849.0
723 0 6970.0
724 0 6956.0
725 0 7090.0
726 0 7124.0
727 0 7077.0
728 0 7061.0
729 0 7215.0
730 0 7173.0
731 0 7066.0
732 0 7094.0
733 0 6974.0
734 0 7141.0
735 0 7119.0
736 0 7120.0
737 0 7085.0
738 0 7117.0
739 0 7053.0
740 0 7056.0
741 0 7084.0
742 0 7064.0
743 0 7026.0
744 0 7100.0
745 0 7013.0
746 0 7047.0
747 0 6966.0
748 0 6928.0
749 0 7020.0
750 0 7024.0
751 0 7139.0
752 0 7028.0
753 0 7083.0
754 0 7178.0
755 0 6984.0
756 0 6966.0
757 0 7019.0
758 0 7130.0
759 0 7069.0
760 0 7142.0
761 0 7031.0
762 0 6952.0
763 0 7018.0
764 0 7041.0
765 0 7108.0
766 0 7020.0
767 0 6873.0
768 0 6930.0
769 0 7143.0
770 0 7259.0
771 0 7258.0
772 0 7208.0
773 0 7182.0
774 0 7096.0
775 0 7190.0
776 0 7116.0
777 0 7171.0
778 0 7203.0
779 0 7001.0
780 0 7104.0
781 0 7057.0
782 0 7021.0
783 0 7014.0
784 0 7189.0
785 0 7046.0
786 0 6978.0
787 0 7086.0
788 0 7068.0
789 0 7025.0
790 0 7097.0
791 0 7038.0
792 0 7079.0
793 0 6967.0
794 0 6951.0
795 0 6966.0
796 0 7025.0
797 0 7064.0
798 0 6988.0
799 0 7015.0
800 0 6942.0
801 0 6984.0
802 0 6989.0
803 0 6841.0
804 0 6888.0
805 0 6900.0
806 0 6853.0
807 0 6901.0
808 0 7083.0
809 0 7062.0
810 0 7087.0
811 0 7103.0
812 0 7090.0
813 0 7137.0
814 0 7081.0
815 0 7000.0
816 0 7031.0
817 0 6940.0
818 0 7014.0
819 0 6978.0
820 0 6898.0
821 0 6933.0
822 0 7011.0
823 0 7037.0
824 0 7029.0
825 0 7025.0
826 0 6983.0
827 0 7034.0
828 0 7224.0
829 0 7227.0
830 0 7137.0
831 0 7074.0
832 0 7184.0
833 0 7050.0
834 0 7079.0
835 0 6954.0
836 0 6859.0
837 0 6968.0
838 0 6839.0
839 0 6976.0
840 0 6909.0
841 0 6959.0
842 0 6979.0
843 0 7043.0
844 0 7024.0
845 0 6818.0
846 0 6928.0
847 0 6873.0
848 0 6992.0
849 0 6981.0
850 0 6984.0
851 0 6991.0
852 0 7095.0
853 0 7155.0
854 0 7217.0
855 0 7268.0
856 0 7124.0
857 0 7075.0
858 0 7093.0
859 0 7091.0
860 0 7060.0
861 0 6953.0
862 0 6965.0
863 0 7054.0
864 0 7131.0
865 0 7143.0
866 0 7111.0
867 0 7102.0
868 0 7066.0
869 0 7096.0
870 0 7033.0
871 0 7028.0
872 0 7048.0
873 0 7050.0
874 0 7000.0
875 0 7033.0
876 0 7153.0
877 0 7308.0
878 0 7104.0
879 0 6911.0
880 0 6921.0
881 0 6979.0
882 0 6956.0
883 0 6927.0
884 0 6900.0
885 0 6966.0
886 0 6911.0
887 0 6953.0
888 0 6892.0
889 0 7060.0
890 0 7081.0
891 0 7117.0
892 0 7154.0
893 0 7062.0
894 0 6982.0
895 0 6960.0
896 0 6978.0
897 0 7031.0
898 0 7065.0
899 0 6984.0
900 0 6954.0
901 0 7115.0
902 0 7178.0
903 0 7148.0
904 0 7043.0
905 0 6953.0
906 0 7053.0
907 0 6994.0
908 0 6959.0
909 0 6900.0
910 0 6960.0
911 0 6994.0
912 0 7041.0
913 0 7071.0
914 0 7096.0
915 0 6960.0
916 0 7004.0
917 0 6974.0
918 0 7096.0
919 0 7159.0
920 0 7175.0
921 0 7224.0
922 0 7123.0
923 0 7074.0
924 0 7160.0
925 0 7119.0
926 0 7152.0
927 0 7177.0
928 0 7099.0
929 0 7099.0
930 0 6999.0
931 0 6968.0
932 0 6897.0
933 0 7067.0
934 0 6891.0
935 0 7000.0
936 0 6951.0
937 0 7055.0
938 0 7142.0
939 0 7289.0
940 0 7156.0
941 0 7070.0
942 0 7149.0
943 0 7153.0
944 0 7206.0
945 0 7208.0
946 0 7213.0
947 0 7126.0
948 0 7086.0
949 0 7028.0
950 0 7186.0
951 0 7181.0
952 0 7050.0
953 0 6991.0
954 0 7095.0
955 0 6967.0
956 0 6975.0
957 0 7008.0
958 0 7098.0
959 0 7179.0
960 0 7070.0
961 0 7070.0
962 0 7195.0
963 0 7151.0
964 0 7081.0
965 0 6968.0
966 0 6909.0
967 0 6964.0
968 0 7021.0
969 0 6889.0
970 0 6926.0
971 0 7014.0
972 0 7029.0
973 0 7096.0
974 0 7072.0
975 0 7090.0
976 0 7123.0
977 0 7069.0
978 0 6989.0
979 0 7033.0
980 0 6894.0
981 0 6904.0
982 0 6871.0
983 0 6937.0
984 0 7038.0
985 0 7010.0
986 0 7064.0
987 0 6998.0
988 0 7040.0
989 0 6930.0
990 0 6988.0
991 0 6983.0
992 0 7076.0
993 0 7069.0
994 0 7052.0
995 0 6982.0
996 0 7078.0
997 0 6922.0
998 0 6822.0
999 0 7054.0
1000 0 7111.0
