1 1 14939.0
2 1 20470.0
3 1 25949.0
4 2 31261.0
5 2 36492.0
6 4 41779.0
7 3 46993.0
8 5 52237.0
9 4 57372.0
10 3 62520.0
11 6 67623.0
12 6 72590.0
13 12 77524.0
14 10 82573.0
15 10 87629.0
16 13 92431.0
17 19 97464.0
18 15 102604.0
19 19 107720.0
20 23 112711.0
21 26 117681.0
22 34 122724.0
23 29 127768.0
24 37 132600.0
25 45 137542.0
26 37 142592.0
27 41 147438.0
28 56 152405.0
29 63 157362.0
30 82 162243.0
31 74 167115.0
32 65 172094.0
33 78 177130.0
34 89 182227.0
35 99 187226.0
36 119 192194.0
37 125 197300.0
38 142 202068.0
39 167 207106.0
40 162 212128.0
41 189 217263.0
42 186 222208.0
43 202 227130.0
44 250 232067.0
45 258 237107.0
46 258 241860.0
47 264 246898.0
48 323 251674.0
49 322 256608.0
50 345 261567.0
51 382 266526.0
52 390 271565.0
53 446 276618.0
54 447 281505.0
55 450 286419.0
56 437 291087.0
57 473 295919.0
58 513 300771.0
59 612 305369.0
60 635 310122.0
61 699 315154.0
62 690 319850.0
63 663 324553.0
64 692 329491.0
65 743 334357.0
66 761 339247.0
67 766 344160.0
68 776 349019.0
69 769 353766.0
70 801 358566.0
71 867 363479.0
72 915 368375.0
73 981 373021.0
74 1045 377574.0
75 1014 382411.0
76 1007 387128.0
77 1014 391792.0
78 1062 396342.0
79 1125 400852.0
80 1230 405571.0
81 1231 410348.0
82 1217 415001.0
83 1261 419696.0
84 1292 424386.0
85 1275 429051.0
86 1371 433634.0
87 1445 438256.0
88 1411 442886.0
89 1427 447381.0
90 1484 451929.0
91 1647 456540.0
92 1675 461141.0
93 1698 465708.0
94 1669 470304.0
95 1625 474939.0
96 1598 479497.0
97 1725 484211.0
98 1804 488575.0
99 1856 493067.0
100 1787 492568.0
101 1696 487290.0
102 1630 482023.0
103 1668 476749.0
104 1664 471551.0
105 1643 466395.0
106 1609 461249.0
107 1504 456207.0
108 1413 451027.0
109 1443 445861.0
110 1588 440451.0
111 1593 435067.0
112 1639 429738.0
113 1682 424631.0
114 1632 419297.0
115 1509 414273.0
116 1453 409163.0
117 1545 404020.0
118 1591 398634.0
119 1575 393522.0
120 1563 388244.0
121 1556 383198.0
122 1480 378027.0
123 1608 372806.0
124 1710 367653.0
125 1719 362737.0
126 1566 357863.0
127 1508 352724.0
128 1545 347623.0
129 1543 342537.0
130 1547 337530.0
131 1499 332436.0
132 1438 327556.0
133 1425 322502.0
134 1493 317325.0
135 1546 312134.0
136 1502 307161.0
137 1486 302132.0
138 1448 297133.0
139 1476 292263.0
140 1531 287246.0
141 1531 282247.0
142 1402 277242.0
143 1412 272469.0
144 1434 267681.0
145 1414 262877.0
146 1294 258043.0
147 1287 253414.0
148 1312 248803.0
149 1347 243967.0
150 1330 239282.0
151 1401 234598.0
152 1367 230017.0
153 1341 225390.0
154 1345 220623.0
155 1382 216109.0
156 1323 211613.0
157 1269 206986.0
158 1280 202434.0
159 1312 198195.0
160 1331 193683.0
161 1305 189385.0
162 1192 184842.0
163 1105 180696.0
164 1074 176305.0
165 1151 172086.0
166 1143 167748.0
167 1071 163697.0
168 1057 159614.0
169 1001 155594.0
170 911 151489.0
171 882 147521.0
172 890 143562.0
173 882 139853.0
174 909 136116.0
175 860 132497.0
176 829 129034.0
177 802 125722.0
178 766 122188.0
179 766 118709.0
180 784 115254.0
181 738 111970.0
182 675 108586.0
183 633 105435.0
184 580 102088.0
185 558 99176.0
186 532 96196.0
187 560 93275.0
188 587 90307.0
189 620 87451.0
190 567 84642.0
191 561 81788.0
192 538 79232.0
193 525 76682.0
194 507 74160.0
195 496 71693.0
196 460 69479.0
197 428 67162.0
198 429 64816.0
199 389 62528.0
200 377 60582.0
201 388 58523.0
202 360 56444.0
203 305 54645.0
204 291 52816.0
205 281 51004.0
206 275 49225.0
207 285 47420.0
208 291 45788.0
209 297 44116.0
210 300 42501.0
211 282 41097.0
212 274 39621.0
213 268 38279.0
214 252 36936.0
215 206 35630.0
216 163 34463.0
217 150 33267.0
218 142 32137.0
219 155 31018.0
220 131 29932.0
221 114 28892.0
222 108 27969.0
223 105 26917.0
224 98 26138.0
225 85 25076.0
226 69 24243.0
227 68 23362.0
228 66 22651.0
229 67 21936.0
230 66 21133.0
231 78 20514.0
232 77 19882.0
233 77 19106.0
234 69 18381.0
235 56 17751.0
236 44 17360.0
237 35 16852.0
238 29 16340.0
239 22 15964.0
240 19 15607.0
241 16 15220.0
242 13 14868.0
243 9 14432.0
244 8 14040.0
245 11 13605.0
246 10 13277.0
247 7 12943.0
248 5 12699.0
249 3 12552.0
250 2 12166.0
251 2 11903.0
252 1 11620.0
253 1 11518.0
254 1 11215.0
255 1 10942.0
256 1 10788.0
257 0 10560.0
258 0 10264.0
259 0 10081.0
260 0 9930.0
261 0 9764.0
262 0 9552.0
263 0 9480.0
264 0 9461.0
265 0 9285.0
266 0 9164.0
267 0 9020.0
268 0 8972.0
269 0 8898.0
270 0 8769.0
271 0 8637.0
272 0 8545.0
273 0 8401.0
274 0 8435.0
275 0 8260.0
276 2 8162.0
277 1 7931.0
278 0 8004.0
279 0 8071.0
280 0 8071.0
281 0 14465.0
282 0 20273.0
283 0 26034.0
284 0 31306.0
285 0 36480.0
286 0 41753.0
287 0 47073.0
288 0 52191.0
289 0 57290.0
290 0 57290.0
291 0 57290.0
292 0 57290.0
293 0 57290.0
294 0 57290.0
295 0 57290.0
296 0 57290.0
297 0 57290.0
298 0 57290.0
299 0 57290.0
300 0 57290.0
301 0 57290.0
302 0 57290.0
303 0 57290.0
304 0 57290.0
305 0 57290.0
306 0 57290.0
307 0 57290.0
308 0 57290.0
309 0 57290.0
310 0 57290.0
311 0 57290.0
312 0 57290.0
313 0 57290.0
314 0 57290.0
315 0 57290.0
316 0 57290.0
317 0 57290.0
318 0 57290.0
319 0 57290.0
320 0 57290.0
321 0 57290.0
322 0 57290.0
323 0 57290.0
324 0 57290.0
325 0 57290.0
326 0 57290.0
327 0 57290.0
328 0 57290.0
329 0 57290.0
330 0 57290.0
331 0 57290.0
332 0 57290.0
333 0 57290.0
334 0 57290.0
335 0 57290.0
336 0 57290.0
337 0 57290.0
338 0 57290.0
339 0 57290.0
340 0 57290.0
341 0 57290.0
342 0 57290.0
343 0 57290.0
344 0 57290.0
345 0 57290.0
346 0 57290.0
347 0 57290.0
348 0 57290.0
349 0 57290.0
350 0 57290.0
351 0 57290.0
352 0 57290.0
353 0 57290.0
354 0 57290.0
355 0 57290.0
356 0 57290.0
357 0 57290.0
358 0 57290.0
359 0 57290.0
360 0 57290.0
361 0 57290.0
362 0 57290.0
363 0 57290.0
364 0 57290.0
365 0 57290.0
366 0 57290.0
367 0 57290.0
368 0 57290.0
369 0 57290.0
370 0 57290.0
371 0 57290.0
372 0 57290.0
373 0 57290.0
374 0 57290.0
375 0 57290.0
376 0 57290.0
377 0 57290.0
378 0 57290.0
379 0 57290.0
380 0 57290.0
381 0 57290.0
382 0 57290.0
383 0 57290.0
384 0 57290.0
385 0 57290.0
386 0 57290.0
387 0 57290.0
388 0 57290.0
389 0 57290.0
390 0 57290.0
391 0 57290.0
392 0 57290.0
393 0 57290.0
394 0 57290.0
395 0 57290.0
396 0 57290.0
397 0 57290.0
398 0 57290.0
399 0 57290.0
400 0 57290.0
401 0 57290.0
402 0 57290.0
403 0 57290.0
404 0 57290.0
405 0 57290.0
406 0 57290.0
407 0 57290.0
408 0 57290.0
409 0 57290.0
410 0 57290.0
411 0 57290.0
412 0 57290.0
413 0 57290.0
414 0 57290.0
415 0 57290.0
416 0 57290.0
417 0 57290.0
418 0 57290.0
419 0 57290.0
420 0 57290.0
421 0 57290.0
422 0 57290.0
423 0 57290.0
424 0 57290.0
425 0 57290.0
426 0 57290.0
427 0 57290.0
428 0 57290.0
429 0 57290.0
430 0 57290.0
431 0 57290.0
432 0 57290.0
433 0 57290.0
434 0 57290.0
435 0 57290.0
436 0 57290.0
437 0 57290.0
438 0 57290.0
439 0 57290.0
440 0 57290.0
441 0 57290.0
442 0 57290.0
443 0 57290.0
444 0 57290.0
445 0 57290.0
446 0 57290.0
447 0 57290.0
448 0 57290.0
449 0 57290.0
450 0 57290.0
451 0 57290.0
452 0 57290.0
453 0 57290.0
454 0 57290.0
455 0 57290.0
456 0 57290.0
457 0 57290.0
458 0 57290.0
459 0 57290.0
460 0 57290.0
461 0 52634.0
462 0 48143.0
463 0 44224.0
464 0 40494.0
465 0 37048.0
466 0 33883.0
467 0 31041.0
468 0 28531.0
469 0 26269.0
470 0 24242.0
471 0 22381.0
472 0 20671.0
473 0 19378.0
474 0 18108.0
475 0 16976.0
476 0 15862.0
477 0 14978.0
478 0 14162.0
479 0 13341.0
480 0 12757.0
481 0 12209.0
482 0 11647.0
483 0 11128.0
484 0 10622.0
485 0 10273.0
486 0 10006.0
487 0 9657.0
488 0 9379.0
489 0 9169.0
490 0 8864.0
491 0 8629.0
492 0 8556.0
493 0 8569.0
494 0 8347.0
495 0 8233.0
496 0 8142.0
497 0 8037.0
498 0 7945.0
499 0 7957.0
500 0 7882.0
501 0 7741.0
502 0 7709.0
503 0 7601.0
504 0 7530.0
505 0 7432.0
506 0 7268.0
507 0 7214.0
508 0 7291.0
509 0 7292.0
510 0 7310.0
511 0 7182.0
512 0 7158.0
513 0 7164.0
514 0 7119.0
515 0 7148.0
516 0 7101.0
517 0 7218.0
518 0 7242.0
519 0 7291.0
520 0 7297.0
521 0 7195.0
522 0 7200.0
523 0 7158.0
524 0 7125.0
525 0 7162.0
526 0 7177.0
527 0 7181.0
528 0 7138.0
529 0 7173.0
530 0 7085.0
531 0 7113.0
532 0 7159.0
533 0 7176.0
534 0 7040.0
535 0 7002.0
536 0 7029.0
537 0 6984.0
538 0 7045.0
539 0 7323.0
540 0 7189.0
541 0 7144.0
542 0 7157.0
543 0 7175.0
544 0 7095.0
545 0 7193.0
546 0 7173.0
547 0 7066.0
548 0 6985.0
549 0 7040.0
550 0 7084.0
551 0 7025.0
552 0 7054.0
553 0 7101.0
554 0 7022.0
555 0 7211.0
556 0 7242.0
557 0 7336.0
558 0 7265.0
559 0 7216.0
560 0 7266.0
561 0 7193.0
562 0 7249.0
563 0 7172.0
564 0 7093.0
565 0 7030.0
566 0 7100.0
567 0 6939.0
568 0 6937.0
569 0 6881.0
570 0 6798.0
571 0 6852.0
572 0 6848.0
573 0 6965.0
574 0 6992.0
575 0 7058.0
576 0 7103.0
577 0 7059.0
578 0 6945.0
579 0 6939.0
580 0 6888.0
581 0 6791.0
582 0 6957.0
583 0 7005.0
584 0 6981.0
585 0 7091.0
586 0 7074.0
587 0 7205.0
588 0 7182.0
589 0 7190.0
590 0 7278.0
591 0 7275.0
592 0 7234.0
593 0 7253.0
594 0 7130.0
595 0 7114.0
596 0 6974.0
597 0 6960.0
598 0 6847.0
599 0 6796.0
600 0 6782.0
601 0 6827.0
602 0 6868.0
603 0 6900.0
604 0 6957.0
605 0 6946.0
606 0 7043.0
607 0 6916.0
608 0 6908.0
609 0 7022.0
610 0 6994.0
611 0 7075.0
612 0 7087.0
613 0 7005.0
614 0 6964.0
615 0 6896.0
616 0 6983.0
617 0 6981.0
618 0 6905.0
619 0 6987.0
620 0 7016.0
621 0 7076.0
622 0 7063.0
623 0 7146.0
624 0 7187.0
625 0 7150.0
626 0 7116.0
627 0 7131.0
628 0 7232.0
629 0 7213.0
630 0 7088.0
631 0 6975.0
632 0 7126.0
633 0 7114.0
634 0 7023.0
635 0 7168.0
636 0 7092.0
637 0 7128.0
638 0 7115.0
639 0 7178.0
640 0 7338.0
641 0 7206.0
642 0 7093.0
643 0 7035.0
644 0 7089.0
645 0 7001.0
646 0 6996.0
647 0 6928.0
648 0 7027.0
649 0 7028.0
650 0 7051.0
651 0 7037.0
652 0 7067.0
653 0 6962.0
654 0 6983.0
655 0 6993.0
656 0 7082.0
657 0 7026.0
658 0 7071.0
659 0 7086.0
660 0 7056.0
661 0 7126.0
662 0 7097.0
663 0 7213.0
664 0 7147.0
665 0 7231.0
666 0 7305.0
667 0 7340.0
668 0 7302.0
669 0 7254.0
670 0 7155.0
671 0 7266.0
672 0 7253.0
673 0 7217.0
674 0 7239.0
675 0 7136.0
676 0 6908.0
677 0 6944.0
678 0 6886.0
679 0 6826.0
680 0 6862.0
681 0 6941.0
682 0 6974.0
683 0 6954.0
684 0 7069.0
685 0 7062.0
686 0 6900.0
687 0 6876.0
688 0 6781.0
689 0 6815.0
690 0 6973.0
691 0 7067.0
692 0 7090.0
693 0 7053.0
694 0 6920.0
695 0 6832.0
696 0 6829.0
697 0 6911.0
698 0 7038.0
699 0 7030.0
700 0 6992.0
701 0 6936.0
702 0 6850.0
703 0 6791.0
704 0 6788.0
705 0 6892.0
706 0 6847.0
707 0 7003.0
708 0 6986.0
709 0 6937.0
710 0 7003.0
711 0 7016.0
712 0 7071.0
713 0 7142.0
714 0 7084.0
715 0 7054.0
716 0 7143.0
717 0 7104.0
718 0 7047.0
719 0 7139.0
720 0 7163.0
721 0 7046.0
722 0 7084.0
723 0 7146.0
724 0 7028.0
725 0 6980.0
726 0 7027.0
727 0 6972.0
728 0 6952.0
729 0 6847.0
730 0 6859.0
731 0 7008.0
732 0 6968.0
733 0 7101.0
734 0 7130.0
735 0 7005.0
736 0 7081.0
737 0 7187.0
738 0 7162.0
739 0 7085.0
740 0 7047.0
741 0 7110.0
742 0 7170.0
743 0 7111.0
744 0 7089.0
745 0 7075.0
746 0 7033.0
747 0 7062.0
748 0 7093.0
749 0 7090.0
750 0 7086.0
751 0 7038.0
752 0 7050.0
753 0 6997.0
754 0 6964.0
755 0 6979.0
756 0 7079.0
757 0 7078.0
758 0 7070.0
759 0 7033.0
760 0 7061.0
761 0 7152.0
762 0 7097.0
763 0 7212.0
764 0 7126.0
765 0 7212.0
766 0 7122.0
767 0 7050.0
768 0 6971.0
769 0 7028.0
770 0 7208.0
771 0 7090.0
772 0 7063.0
773 0 7070.0
774 0 7128.0
775 0 7067.0
776 0 7061.0
777 0 6990.0
778 0 7004.0
779 0 6874.0
780 0 6919.0
781 0 6937.0
782 0 6980.0
783 0 6966.0
784 0 7101.0
785 0 7071.0
786 0 7031.0
787 0 7056.0
788 0 7163.0
789 0 7107.0
790 0 6923.0
791 0 6830.0
792 0 6902.0
793 0 7004.0
794 0 7035.0
795 0 7038.0
796 0 7097.0
797 0 7074.0
798 0 7155.0
799 0 7132.0
800 0 7174.0
801 0 7142.0
802 0 7108.0
803 0 7089.0
804 0 7117.0
805 0 7039.0
806 0 7076.0
807 0 7212.0
808 0 7125.0
809 0 7154.0
810 0 7123.0
811 0 7166.0
812 0 7071.0
813 0 7092.0
814 0 7058.0
815 0 7045.0
816 0 6952.0
817 0 6942.0
818 0 7043.0
819 0 6973.0
820 0 7021.0
821 0 6959.0
822 0 6957.0
823 0 6947.0
824 0 6985.0
825 0 6885.0
826 0 6997.0
827 0 7013.0
828 0 7035.0
829 0 6954.0
830 0 7009.0
831 0 7155.0
832 0 7221.0
833 0 7110.0
834 0 7128.0
835 0 7104.0
836 0 7189.0
837 0 7145.0
838 0 7124.0
839 0 7227.0
840 0 7282.0
841 0 7215.0
842 0 7212.0
843 0 7301.0
844 0 7326.0
845 0 7235.0
846 0 7371.0
847 0 7199.0
848 0 7121.0
849 0 7221.0
850 0 7130.0
851 0 7079.0
852 0 7105.0
853 0 7065.0
854 0 7057.0
855 0 6937.0
856 0 6969.0
857 0 6854.0
858 0 6858.0
859 0 6781.0
860 0 7013.0
861 0 7215.0
862 0 7137.0
863 0 7122.0
864 0 7119.0
865 0 6926.0
866 0 6972.0
867 0 7034.0
868 0 7001.0
869 0 7019.0
870 0 6985.0
871 0 6952.0
872 0 6914.0
873 0 6984.0
874 0 7072.0
875 0 7196.0
876 0 7137.0
877 0 7034.0
878 0 6985.0
879 0 6911.0
880 0 7010.0
881 0 7005.0
882 0 7096.0
883 0 7006.0
884 0 7108.0
885 0 7249.0
886 0 7233.0
887 0 7144.0
888 0 7293.0
889 0 7195.0
890 0 7162.0
891 0 7252.0
892 0 7174.0
893 0 7163.0
894 0 7276.0
895 0 7209.0
896 0 7153.0
897 0 7159.0
898 0 7219.0
899 0 7277.0
900 0 7196.0
901 0 7194.0
902 0 7122.0
903 0 7102.0
904 0 7142.0
905 0 7248.0
906 0 7272.0
907 0 7290.0
908 0 7177.0
909 0 7078.0
910 0 7103.0
911 0 7160.0
912 0 7226.0
913 0 7266.0
914 0 7288.0
915 0 7072.0
916 0 7149.0
917 0 7170.0
918 0 7237.0
919 0 7318.0
920 0 7253.0
921 0 7319.0
922 0 7325.0
923 0 7311.0
924 0 7275.0
925 0 7023.0
926 0 6932.0
927 0 6790.0
928 0 6901.0
929 0 6988.0
930 0 7056.0
931 0 7050.0
932 0 7053.0
933 0 7047.0
934 0 7137.0
935 0 7041.0
936 0 7122.0
937 0 7203.0
938 0 7068.0
939 0 7164.0
940 0 7157.0
941 0 7215.0
942 0 7171.0
943 0 7169.0
944 0 7210.0
945 0 7185.0
946 0 7131.0
947 0 7180.0
948 0 7087.0
949 0 7031.0
950 0 7002.0
951 0 6991.0
952 0 7007.0
953 0 7067.0
954 0 7221.0
955 0 7157.0
956 0 7188.0
957 0 7041.0
958 0 7056.0
959 0 6961.0
960 0 7146.0
961 0 7179.0
962 0 7114.0
963 0 6997.0
964 0 6992.0
965 0 6939.0
966 0 6982.0
967 0 7115.0
968 0 7101.0
969 0 7047.0
970 0 7171.0
971 0 7221.0
972 0 7079.0
973 0 7063.0
974 0 7129.0
975 0 7095.0
976 0 7191.0
977 0 7124.0
978 0 6991.0
979 0 7057.0
980 0 7095.0
981 0 7067.0
982 0 7066.0
983 0 7064.0
984 0 7060.0
985 0 7118.0
986 0 7083.0
987 0 7108.0
988 0 6982.0
989 0 6830.0
990 0 6907.0
991 0 7169.0
992 0 7151.0
993 0 7102.0
994 0 7053.0
995 0 7007.0
996 0 7155.0
997 0 7200.0
998 0 7343.0
999 0 7290.0
1000 0 7213.0
