1 1 14937.0
2 1 20403.0
3 1 25883.0
4 2 31207.0
5 2 36450.0
6 2 41723.0
7 2 47103.0
8 3 52445.0
9 3 57645.0
10 6 62631.0
11 6 67687.0
12 12 72633.0
13 9 77662.0
14 7 82671.0
15 6 87690.0
16 6 92847.0
17 6 97943.0
18 12 103056.0
19 12 107942.0
20 24 113059.0
21 20 118030.0
22 32 123083.0
23 31 128212.0
24 44 133153.0
25 48 138193.0
26 43 143203.0
27 62 148227.0
28 69 153145.0
29 95 158059.0
30 88 162989.0
31 99 167874.0
32 104 172781.0
33 124 177683.0
34 153 182875.0
35 153 187767.0
36 174 192697.0
37 180 197601.0
38 179 202442.0
39 184 207488.0
40 193 212408.0
41 214 217535.0
42 207 222267.0
43 196 227371.0
44 203 232057.0
45 230 236956.0
46 249 241890.0
47 276 246988.0
48 295 251908.0
49 327 256738.0
50 366 261608.0
51 433 266532.0
52 442 271448.0
53 497 276163.0
54 496 280929.0
55 491 285587.0
56 501 290288.0
57 511 295265.0
58 567 299793.0
59 610 304660.0
60 645 309428.0
61 646 314332.0
62 695 319249.0
63 684 323824.0
64 660 328745.0
65 660 333626.0
66 727 338346.0
67 796 342923.0
68 843 347710.0
69 872 352477.0
70 844 357223.0
71 842 361852.0
72 857 366548.0
73 954 371309.0
74 1051 376029.0
75 1060 380640.0
76 972 385267.0
77 998 390037.0
78 1084 394733.0
79 1159 399495.0
80 1268 404242.0
81 1378 408921.0
82 1340 413635.0
83 1289 418333.0
84 1383 422970.0
85 1388 427630.0
86 1444 432381.0
87 1466 436834.0
88 1487 441577.0
89 1509 446089.0
90 1562 450477.0
91 1659 455058.0
92 1764 459589.0
93 1887 463945.0
94 1870 468407.0
95 1822 473064.0
96 1848 477556.0
97 1952 482028.0
98 2010 486480.0
99 1998 490813.0
100 1959 490220.0
101 1830 485045.0
102 1810 479559.0
103 1784 474228.0
104 1778 468819.0
105 1659 463499.0
106 1612 458137.0
107 1566 453097.0
108 1522 447910.0
109 1573 442697.0
110 1590 437416.0
111 1577 432471.0
112 1513 427226.0
113 1462 421923.0
114 1521 416800.0
115 1594 411520.0
116 1665 406198.0
117 1600 400796.0
118 1618 395547.0
119 1622 390453.0
120 1559 385247.0
121 1486 380215.0
122 1502 374973.0
123 1590 369832.0
124 1615 364666.0
125 1612 359547.0
126 1588 354416.0
127 1663 349372.0
128 1651 344164.0
129 1664 338960.0
130 1594 333843.0
131 1543 328784.0
132 1523 323814.0
133 1548 318578.0
134 1470 313518.0
135 1413 308590.0
136 1368 303911.0
137 1385 298852.0
138 1520 293781.0
139 1516 288946.0
140 1474 283925.0
141 1571 279081.0
142 1556 274155.0
143 1426 269127.0
144 1449 264138.0
145 1435 259304.0
146 1434 254452.0
147 1458 249455.0
148 1549 244688.0
149 1450 240014.0
150 1354 235348.0
151 1308 230507.0
152 1374 225853.0
153 1374 221145.0
154 1325 216430.0
155 1237 211768.0
156 1155 207281.0
157 1189 202849.0
158 1200 198519.0
159 1116 194314.0
160 1062 189969.0
161 1049 185695.0
162 1040 181440.0
163 1070 177241.0
164 1084 173042.0
165 1112 168659.0
166 1135 164427.0
167 1099 160384.0
168 1031 156182.0
169 1083 152277.0
170 1127 148263.0
171 1154 144335.0
172 1019 140607.0
173 937 136817.0
174 940 133166.0
175 975 129743.0
176 995 126160.0
177 906 122721.0
178 862 119251.0
179 780 115809.0
180 711 112537.0
181 696 109196.0
182 701 105983.0
183 689 102696.0
184 683 99405.0
185 698 96243.0
186 745 93194.0
187 748 90505.0
188 646 87539.0
189 569 84881.0
190 488 82222.0
191 481 79478.0
192 469 76944.0
193 509 74434.0
194 481 71853.0
195 462 69594.0
196 427 67402.0
197 409 65156.0
198 375 62995.0
199 396 60960.0
200 381 58994.0
201 360 57172.0
202 348 55382.0
203 318 53431.0
204 330 51643.0
205 321 49828.0
206 315 48176.0
207 272 46402.0
208 251 44605.0
209 221 42994.0
210 219 41476.0
211 223 40018.0
212 202 38724.0
213 187 37263.0
214 164 35994.0
215 140 34912.0
216 129 33736.0
217 131 32552.0
218 135 31304.0
219 136 30289.0
220 120 29238.0
221 115 28291.0
222 101 27197.0
223 97 26292.0
224 91 25509.0
225 92 24608.0
226 76 23792.0
227 67 22947.0
228 57 22098.0
229 58 21352.0
230 55 20638.0
231 44 19987.0
232 36 19349.0
233 35 18835.0
234 27 18239.0
235 27 17781.0
236 26 17152.0
237 28 16546.0
238 26 16137.0
239 19 15674.0
240 19 15344.0
241 18 14931.0
242 14 14624.0
243 11 14234.0
244 9 13780.0
245 7 13348.0
246 6 12965.0
247 3 12617.0
248 3 12320.0
249 3 12026.0
250 2 11700.0
251 2 11503.0
252 1 11347.0
253 1 10984.0
254 2 10761.0
255 1 10601.0
256 0 10290.0
257 0 10244.0
258 0 10061.0
259 0 9913.0
260 0 9621.0
261 0 9525.0
262 0 9277.0
263 0 9159.0
264 0 9079.0
265 0 8868.0
266 0 8794.0
267 0 8664.0
268 0 8547.0
269 0 8407.0
270 0 8295.0
271 0 8213.0
272 0 8171.0
273 0 8230.0
274 0 8095.0
275 0 7938.0
276 2 8016.0
277 1 7905.0
278 1 7800.0
279 2 7786.0
280 2 7784.0
281 2 14239.0
282 1 19998.0
283 2 25708.0
284 2 31179.0
285 4 36623.0
286 3 41949.0
287 6 47152.0
288 4 52458.0
289 3 57617.0
290 5 57616.0
291 5 57614.0
292 4 57613.0
293 5 57610.0
294 8 57608.0
295 8 57603.0
296 9 57603.0
297 7 57600.0
298 8 57598.0
299 8 57595.0
300 10 57590.0
301 10 57587.0
302 7 57585.0
303 8 57582.0
304 12 57578.0
305 15 57571.0
306 17 57567.0
307 13 57561.0
308 17 57555.0
309 17 57551.0
310 19 57541.0
311 18 57539.0
312 18 57531.0
313 22 57523.0
314 26 57517.0
315 28 57503.0
316 38 57495.0
317 40 57475.0
318 51 57460.0
319 54 57438.0
320 55 57422.0
321 63 57399.0
322 64 57379.0
323 76 57351.0
324 72 57335.0
325 66 57309.0
326 69 57294.0
327 69 57269.0
328 80 57248.0
329 85 57214.0
330 84 57193.0
331 81 57162.0
332 88 57142.0
333 86 57111.0
334 85 57094.0
335 78 57062.0
336 88 57042.0
337 82 57021.0
338 68 57007.0
339 62 56989.0
340 55 56968.0
341 72 56947.0
342 76 56929.0
343 70 56901.0
344 80 56882.0
345 81 56856.0
346 76 56843.0
347 70 56815.0
348 71 56804.0
349 67 56777.0
350 71 56755.0
351 75 56728.0
352 89 56703.0
353 87 56672.0
354 89 56651.0
355 80 56631.0
356 80 56603.0
357 84 56582.0
358 85 56546.0
359 103 56521.0
360 97 56490.0
361 83 56470.0
362 80 56446.0
363 83 56427.0
364 80 56388.0
365 97 56370.0
366 98 56334.0
367 88 56313.0
368 75 56292.0
369 76 56269.0
370 84 56243.0
371 91 56214.0
372 87 56188.0
373 84 56165.0
374 83 56144.0
375 74 56123.0
376 78 56101.0
377 70 56081.0
378 63 56067.0
379 60 56044.0
380 68 56026.0
381 78 55991.0
382 83 55975.0
383 77 55940.0
384 76 55927.0
385 77 55900.0
386 72 55879.0
387 84 55852.0
388 91 55818.0
389 98 55785.0
390 100 55757.0
391 97 55723.0
392 97 55693.0
393 96 55658.0
394 98 55639.0
395 101 55588.0
396 125 55565.0
397 116 55507.0
398 139 55477.0
399 142 55423.0
400 145 55387.0
401 142 55334.0
402 166 55290.0
403 169 55240.0
404 168 55188.0
405 162 55131.0
406 167 55082.0
407 172 55034.0
408 174 54979.0
409 157 54945.0
410 144 54909.0
411 130 54874.0
412 110 54849.0
413 106 54813.0
414 119 54780.0
415 117 54736.0
416 119 54706.0
417 123 54663.0
418 130 54626.0
419 127 54586.0
420 121 54553.0
421 111 54526.0
422 108 54494.0
423 106 54454.0
424 114 54429.0
425 109 54387.0
426 116 54364.0
427 93 54326.0
428 106 54304.0
429 103 54262.0
430 118 54228.0
431 111 54196.0
432 113 54164.0
433 114 54132.0
434 123 54082.0
435 138 54045.0
436 133 54011.0
437 128 53963.0
438 127 53938.0
439 112 53898.0
440 117 53862.0
441 118 53827.0
442 121 53787.0
443 139 53744.0
444 133 53702.0
445 133 53670.0
446 124 53623.0
447 149 53583.0
448 165 53516.0
449 175 53473.0
450 163 53421.0
451 163 53374.0
452 161 53324.0
453 169 53275.0
454 174 53221.0
455 184 53164.0
456 181 53102.0
457 186 53048.0
458 180 52995.0
459 195 52936.0
460 205 52866.0
461 213 48996.0
462 211 45012.0
463 190 41477.0
464 189 37992.0
465 174 34825.0
466 171 32068.0
467 162 29558.0
468 145 27182.0
469 137 25090.0
470 131 23239.0
471 108 21448.0
472 113 19843.0
473 97 18523.0
474 93 17311.0
475 86 16145.0
476 74 15088.0
477 61 14222.0
478 50 13396.0
479 45 12806.0
480 39 12223.0
481 38 11708.0
482 29 11185.0
483 21 10698.0
484 18 10206.0
485 12 9865.0
486 13 9612.0
487 10 9258.0
488 6 9052.0
489 4 8869.0
490 4 8673.0
491 2 8495.0
492 1 8488.0
493 1 8395.0
494 1 8353.0
495 0 8178.0
496 0 8057.0
497 0 7988.0
498 0 7790.0
499 0 7820.0
500 0 7703.0
501 0 7683.0
502 0 7683.0
503 0 7570.0
504 0 7460.0
505 0 7561.0
506 0 7469.0
507 0 7328.0
508 0 7293.0
509 0 7277.0
510 0 7266.0
511 0 7274.0
512 0 7125.0
513 0 7056.0
514 0 7031.0
515 0 7114.0
516 0 7128.0
517 0 7170.0
518 0 7184.0
519 0 7081.0
520 0 6991.0
521 0 7105.0
522 0 7180.0
523 0 7165.0
524 0 7221.0
525 0 7161.0
526 0 7188.0
527 0 7189.0
528 0 7282.0
529 0 7215.0
530 0 7254.0
531 0 7248.0
532 0 7107.0
533 0 7067.0
534 0 7098.0
535 0 7096.0
536 0 7070.0
537 0 7012.0
538 0 7082.0
539 0 6850.0
540 0 6977.0
541 0 7059.0
542 0 7079.0
543 0 7184.0
544 0 7220.0
545 0 7147.0
546 0 7121.0
547 0 7027.0
548 0 7000.0
549 0 6977.0
550 0 6990.0
551 0 7057.0
552 0 6989.0
553 0 7098.0
554 0 6967.0
555 0 6986.0
556 0 7009.0
557 0 7090.0
558 0 7205.0
559 0 7329.0
560 0 7288.0
561 0 7197.0
562 0 7221.0
563 0 7018.0
564 0 6947.0
565 0 7036.0
566 0 6998.0
567 0 6865.0
568 0 7081.0
569 0 7016.0
570 0 7097.0
571 0 7145.0
572 0 7121.0
573 0 7212.0
574 0 7115.0
575 0 7127.0
576 0 7227.0
577 0 7145.0
578 0 7216.0
579 0 7177.0
580 0 7130.0
581 0 7085.0
582 0 7162.0
583 0 7119.0
584 0 7173.0
585 0 7223.0
586 0 7260.0
587 0 7244.0
588 0 7099.0
589 0 7037.0
590 0 6954.0
591 0 6963.0
592 0 6939.0
593 0 7002.0
594 0 7018.0
595 0 6929.0
596 0 6911.0
597 0 6975.0
598 0 7027.0
599 0 7059.0
600 0 7066.0
601 0 7094.0
602 0 6977.0
603 0 7096.0
604 0 6998.0
605 0 7072.0
606 0 7084.0
607 0 6967.0
608 0 7021.0
609 0 7010.0
610 0 7035.0
611 0 7092.0
612 0 7039.0
613 0 7066.0
614 0 7006.0
615 0 6944.0
616 0 6956.0
617 0 7052.0
618 0 7040.0
619 0 7006.0
620 0 7006.0
621 0 6990.0
622 0 7132.0
623 0 7227.0
624 0 7031.0
625 0 7066.0
626 0 6973.0
627 0 6924.0
628 0 7028.0
629 0 7124.0
630 0 7080.0
631 0 7189.0
632 0 7137.0
633 0 7232.0
634 0 7290.0
635 0 7151.0
636 0 7195.0
637 0 7011.0
638 0 7056.0
639 0 6978.0
640 0 6983.0
641 0 6917.0
642 0 6959.0
643 0 6950.0
644 0 6924.0
645 0 6967.0
646 0 6890.0
647 0 6884.0
648 0 6866.0
649 0 6851.0
650 0 6913.0
651 0 7038.0
652 0 7006.0
653 0 7079.0
654 0 7211.0
655 0 7213.0
656 0 7253.0
657 0 7178.0
658 0 7151.0
659 0 7245.0
660 0 7212.0
661 0 7259.0
662 0 7160.0
663 0 7173.0
664 0 7138.0
665 0 7172.0
666 0 7107.0
667 0 7135.0
668 0 7094.0
669 0 7133.0
670 0 7170.0
671 0 7010.0
672 0 7056.0
673 0 6992.0
674 0 7052.0
675 0 7066.0
676 0 7061.0
677 0 7086.0
678 0 7249.0
679 0 7080.0
680 0 7053.0
681 0 7057.0
682 0 7044.0
683 0 7136.0
684 0 7027.0
685 0 6957.0
686 0 7071.0
687 0 7104.0
688 0 6959.0
689 0 7064.0
690 0 7095.0
691 0 7116.0
692 0 7148.0
693 0 7181.0
694 0 7126.0
695 0 7065.0
696 0 7014.0
697 0 7002.0
698 0 7006.0
699 0 6981.0
700 0 6988.0
701 0 7076.0
702 0 6964.0
703 0 7105.0
704 0 7149.0
705 0 7070.0
706 0 7222.0
707 0 7218.0
708 0 7177.0
709 0 7111.0
710 0 7029.0
711 0 6949.0
712 0 6977.0
713 0 6975.0
714 0 6970.0
715 0 6980.0
716 0 6968.0
717 0 7110.0
718 0 7054.0
719 0 6961.0
720 0 6862.0
721 0 6954.0
722 0 6928.0
723 0 7088.0
724 0 7038.0
725 0 7067.0
726 0 7119.0
727 0 7140.0
728 0 7070.0
729 0 7113.0
730 0 7089.0
731 0 7091.0
732 0 7150.0
733 0 7114.0
734 0 7055.0
735 0 7170.0
736 0 7271.0
737 0 7279.0
738 0 7106.0
739 0 7194.0
740 0 7093.0
741 0 6982.0
742 0 7057.0
743 0 7132.0
744 0 7137.0
745 0 7120.0
746 0 7204.0
747 0 7229.0
748 0 7145.0
749 0 7123.0
750 0 7050.0
751 0 7094.0
752 0 7086.0
753 0 7230.0
754 0 7136.0
755 0 6992.0
756 0 7043.0
757 0 7026.0
758 0 7001.0
759 0 7054.0
760 0 6954.0
761 0 6951.0
762 0 6946.0
763 0 7067.0
764 0 7157.0
765 0 7110.0
766 0 7185.0
767 0 7193.0
768 0 7029.0
769 0 6961.0
770 0 7082.0
771 0 7039.0
772 0 7121.0
773 0 6971.0
774 0 7005.0
775 0 7059.0
776 0 7068.0
777 0 7043.0
778 0 6850.0
779 0 7043.0
780 0 7055.0
781 0 7057.0
782 0 7070.0
783 0 6968.0
784 0 6864.0
785 0 6963.0
786 0 6976.0
787 0 6789.0
788 0 6762.0
789 0 6801.0
790 0 6747.0
791 0 6920.0
792 0 7025.0
793 0 7072.0
794 0 7081.0
795 0 7105.0
796 0 6997.0
797 0 7034.0
798 0 7076.0
799 0 7073.0
800 0 7161.0
801 0 7189.0
802 0 7132.0
803 0 7132.0
804 0 7145.0
805 0 7090.0
806 0 7130.0
807 0 7067.0
808 0 7195.0
809 0 7105.0
810 0 7111.0
811 0 7151.0
812 0 7209.0
813 0 7235.0
814 0 7133.0
815 0 7047.0
816 0 7199.0
817 0 7248.0
818 0 7153.0
819 0 7084.0
820 0 7126.0
821 0 7184.0
822 0 7093.0
823 0 7014.0
824 0 6948.0
825 0 7036.0
826 0 7087.0
827 0 7040.0
828 0 7140.0
829 0 7165.0
830 0 7159.0
831 0 7074.0
832 0 7107.0
833 0 7093.0
834 0 7133.0
835 0 7136.0
836 0 7184.0
837 0 7088.0
838 0 7169.0
839 0 7167.0
840 0 7141.0
841 0 7210.0
842 0 7201.0
843 0 7110.0
844 0 7145.0
845 0 6994.0
846 0 7002.0
847 0 6901.0
848 0 6925.0
849 0 6876.0
850 0 6840.0
851 0 7010.0
852 0 7059.0
853 0 7076.0
854 0 7071.0
855 0 7088.0
856 0 7036.0
857 0 7122.0
858 0 7129.0
859 0 7162.0
860 0 7134.0
861 0 7140.0
862 0 7213.0
863 0 7069.0
864 0 7060.0
865 0 7155.0
866 0 6957.0
867 0 6988.0
868 0 7035.0
869 0 7014.0
870 0 7057.0
871 0 6992.0
872 0 7134.0
873 0 7087.0
874 0 7077.0
875 0 7115.0
876 0 7094.0
877 0 7127.0
878 0 7084.0
879 0 7061.0
880 0 7123.0
881 0 7057.0
882 0 7048.0
883 0 7059.0
884 0 7119.0
885 0 7021.0
886 0 7152.0
887 0 7128.0
888 0 7155.0
889 0 7133.0
890 0 7080.0
891 0 7081.0
892 0 7072.0
893 0 7024.0
894 0 7046.0
895 0 7119.0
896 0 7071.0
897 0 6964.0
898 0 6997.0
899 0 7044.0
900 0 7052.0
901 0 6963.0
902 0 6964.0
903 0 7076.0
904 0 7069.0
905 0 7028.0
906 0 7106.0
907 0 7066.0
908 0 7025.0
909 0 7128.0
910 0 7082.0
911 0 7082.0
912 0 7087.0
913 0 7042.0
914 0 7145.0
915 0 7029.0
916 0 7084.0
917 0 7156.0
918 0 7083.0
919 0 7101.0
920 0 7151.0
921 0 7090.0
922 0 7161.0
923 0 7194.0
924 0 7175.0
925 0 7063.0
926 0 7173.0
927 0 7099.0
928 0 6943.0
929 0 7027.0
930 0 6985.0
931 0 7102.0
932 0 7124.0
933 0 7034.0
934 0 7090.0
935 0 7206.0
936 0 7257.0
937 0 7272.0
938 0 7336.0
939 0 7198.0
940 0 7136.0
941 0 7131.0
942 0 7338.0
943 0 7201.0
944 0 7085.0
945 0 7066.0
946 0 7132.0
947 0 7119.0
948 0 7190.0
949 0 7212.0
950 0 7120.0
951 0 7076.0
952 0 7128.0
953 0 7027.0
954 0 6918.0
955 0 6907.0
956 0 6963.0
957 0 6967.0
958 0 6989.0
959 0 7134.0
960 0 7045.0
961 0 7057.0
962 0 7037.0
963 0 7069.0
964 0 7051.0
965 0 6910.0
966 0 6995.0
967 0 7038.0
968 0 6955.0
969 0 7042.0
970 0 7074.0
971 0 6971.0
972 0 6889.0
973 0 6970.0
974 0 6880.0
975 0 6876.0
976 0 6859.0
977 0 6904.0
978 0 6974.0
979 0 6943.0
980 0 7012.0
981 0 7115.0
982 0 7020.0
983 0 6957.0
984 0 6907.0
985 0 6910.0
986 0 6924.0
987 0 6971.0
988 0 6961.0
989 0 7038.0
990 0 6900.0
991 0 6908.0
992 0 6961.0
993 0 7085.0
994 0 7137.0
995 0 7094.0
996 0 7082.0
997 0 7045.0
998 0 6897.0
999 0 6946.0
1000 0 7075.0
