1 1 14984.0
2 2 20667.0
3 2 25965.0
4 2 31131.0
5 1 36443.0
6 1 41407.0
7 2 46704.0
8 2 51789.0
9 4 56690.0
10 3 61718.0
11 4 66892.0
12 4 72036.0
13 4 77030.0
14 8 81945.0
15 8 86889.0
16 16 91941.0
17 14 97089.0
18 27 102215.0
19 22 107308.0
20 23 112307.0
21 20 117538.0
22 19 122472.0
23 21 127451.0
24 34 132452.0
25 33 137580.0
26 46 142765.0
27 51 147829.0
28 55 152812.0
29 73 158086.0
30 75 162944.0
31 69 167974.0
32 87 173152.0
33 92 178263.0
34 120 183231.0
35 108 188169.0
36 134 193329.0
37 157 198412.0
38 166 203401.0
39 178 208310.0
40 178 213068.0
41 196 217923.0
42 201 222916.0
43 217 227887.0
44 246 232856.0
45 258 237725.0
46 270 242754.0
47 323 247758.0
48 348 252603.0
49 339 257506.0
50 321 262291.0
51 340 267055.0
52 372 272122.0
53 418 277023.0
54 458 281810.0
55 505 286441.0
56 462 291081.0
57 484 296035.0
58 472 300887.0
59 503 305658.0
60 518 310625.0
61 531 315377.0
62 552 320262.0
63 594 325177.0
64 614 330173.0
65 652 335040.0
66 706 339887.0
67 736 344494.0
68 829 349135.0
69 816 353941.0
70 823 358653.0
71 835 363486.0
72 849 368286.0
73 922 373020.0
74 901 377779.0
75 935 382615.0
76 930 387227.0
77 989 391975.0
78 1056 396670.0
79 1203 401268.0
80 1177 405935.0
81 1164 410610.0
82 1308 415459.0
83 1309 419996.0
84 1348 424641.0
85 1404 429038.0
86 1506 433484.0
87 1476 438191.0
88 1424 442791.0
89 1509 447438.0
90 1627 451858.0
91 1725 456382.0
92 1717 461189.0
93 1605 465523.0
94 1622 469806.0
95 1607 474273.0
96 1696 478822.0
97 1792 483107.0
98 1783 487514.0
99 1689 492186.0
100 1745 491617.0
101 1816 486154.0
102 1690 480886.0
103 1665 475584.0
104 1596 470478.0
105 1452 465262.0
106 1423 460042.0
107 1494 454905.0
108 1579 449632.0
109 1565 444437.0
110 1536 438956.0
111 1527 433642.0
112 1622 428341.0
113 1615 422900.0
114 1629 417857.0
115 1574 412484.0
116 1628 407407.0
117 1633 402202.0
118 1605 397274.0
119 1511 392122.0
120 1437 387202.0
121 1441 382183.0
122 1538 376891.0
123 1510 371729.0
124 1676 366489.0
125 1674 361263.0
126 1599 356226.0
127 1504 351020.0
128 1412 345909.0
129 1391 340844.0
130 1458 335644.0
131 1515 330723.0
132 1497 325775.0
133 1423 320840.0
134 1465 315974.0
135 1431 310744.0
136 1527 305489.0
137 1451 300526.0
138 1489 295637.0
139 1481 290643.0
140 1510 285698.0
141 1469 280799.0
142 1444 275942.0
143 1385 271036.0
144 1403 266144.0
145 1407 261437.0
146 1441 256507.0
147 1459 251823.0
148 1408 246942.0
149 1341 242025.0
150 1273 237269.0
151 1282 232886.0
152 1181 228203.0
153 1149 223678.0
154 1157 219060.0
155 1141 214384.0
156 1143 210009.0
157 1144 205492.0
158 1113 201187.0
159 1140 196682.0
160 1201 192163.0
161 1174 187716.0
162 1117 183507.0
163 1091 179236.0
164 1070 174682.0
165 1128 170444.0
166 1065 166526.0
167 1017 162346.0
168 945 158394.0
169 930 154463.0
170 894 150308.0
171 882 146266.0
172 906 142482.0
173 903 138607.0
174 902 135026.0
175 918 131300.0
176 857 127779.0
177 869 124258.0
178 880 120674.0
179 843 117224.0
180 820 113907.0
181 796 110603.0
182 804 107193.0
183 725 104007.0
184 703 100950.0
185 685 97946.0
186 743 94819.0
187 696 91928.0
188 657 89077.0
189 639 86104.0
190 616 83364.0
191 580 80791.0
192 550 78172.0
193 470 75516.0
194 416 73223.0
195 403 71002.0
196 378 68941.0
197 351 66843.0
198 338 64621.0
199 368 62427.0
200 375 60216.0
201 338 58183.0
202 321 56186.0
203 301 54192.0
204 294 52429.0
205 271 50699.0
206 291 48995.0
207 272 47193.0
208 271 45533.0
209 251 44146.0
210 222 42647.0
211 236 41060.0
212 217 39525.0
213 207 38213.0
214 181 36721.0
215 173 35497.0
216 149 34458.0
217 145 33180.0
218 132 31990.0
219 126 30839.0
220 114 29906.0
221 87 28923.0
222 80 27974.0
223 75 26961.0
224 61 26057.0
225 75 25184.0
226 63 24499.0
227 56 23649.0
228 48 22982.0
229 51 22187.0
230 44 21479.0
231 36 20681.0
232 31 20060.0
233 24 19494.0
234 19 18854.0
235 15 18289.0
236 14 17804.0
237 12 17291.0
238 11 16849.0
239 10 16356.0
240 8 15825.0
241 6 15355.0
242 5 14779.0
243 5 14441.0
244 5 14000.0
245 5 13720.0
246 7 13306.0
247 10 13023.0
248 14 12835.0
249 16 12606.0
250 12 12464.0
251 7 12172.0
252 6 11892.0
253 6 11668.0
254 6 11290.0
255 9 11049.0
256 9 10758.0
257 11 10708.0
258 12 10456.0
259 12 10293.0
260 10 10146.0
261 11 9965.0
262 9 9732.0
263 7 9515.0
264 5 9477.0
265 3 9289.0
266 3 9144.0
267 2 8972.0
268 2 8853.0
269 1 8816.0
270 0 8723.0
271 0 8579.0
272 0 8477.0
273 0 8393.0
274 0 8276.0
275 0 8287.0
276 2 8071.0
277 1 8008.0
278 2 8035.0
279 1 7851.0
280 0 7851.0
281 0 14261.0
282 0 20124.0
283 0 25717.0
284 0 31096.0
285 0 36372.0
286 0 41636.0
287 0 46780.0
288 0 51790.0
289 0 57000.0
290 0 57000.0
291 0 57000.0
292 0 57000.0
293 0 57000.0
294 0 57000.0
295 0 57000.0
296 0 57000.0
297 0 57000.0
298 0 57000.0
299 0 57000.0
300 0 57000.0
301 0 57000.0
302 0 57000.0
303 0 57000.0
304 0 57000.0
305 0 57000.0
306 0 57000.0
307 0 57000.0
308 0 57000.0
309 0 57000.0
310 0 57000.0
311 0 57000.0
312 0 57000.0
313 0 57000.0
314 0 57000.0
315 0 57000.0
316 0 57000.0
317 0 57000.0
318 0 57000.0
319 0 57000.0
320 0 57000.0
321 0 57000.0
322 0 57000.0
323 0 57000.0
324 0 57000.0
325 0 57000.0
326 0 57000.0
327 0 57000.0
328 0 57000.0
329 0 57000.0
330 0 57000.0
331 0 57000.0
332 0 57000.0
333 0 57000.0
334 0 57000.0
335 0 57000.0
336 0 57000.0
337 0 57000.0
338 0 57000.0
339 0 57000.0
340 0 57000.0
341 0 57000.0
342 0 57000.0
343 0 57000.0
344 0 57000.0
345 0 57000.0
346 0 57000.0
347 0 57000.0
348 0 57000.0
349 0 57000.0
350 0 57000.0
351 0 57000.0
352 0 57000.0
353 0 57000.0
354 0 57000.0
355 0 57000.0
356 0 57000.0
357 0 57000.0
358 0 57000.0
359 0 57000.0
360 0 57000.0
361 0 57000.0
362 0 57000.0
363 0 57000.0
364 0 57000.0
365 0 57000.0
366 0 57000.0
367 0 57000.0
368 0 57000.0
369 0 57000.0
370 0 57000.0
371 0 57000.0
372 0 57000.0
373 0 57000.0
374 0 57000.0
375 0 57000.0
376 0 57000.0
377 0 57000.0
378 0 57000.0
379 0 57000.0
380 0 57000.0
381 0 57000.0
382 0 57000.0
383 0 57000.0
384 0 57000.0
385 0 57000.0
386 0 57000.0
387 0 57000.0
388 0 57000.0
389 0 57000.0
390 0 57000.0
391 0 57000.0
392 0 57000.0
393 0 57000.0
394 0 57000.0
395 0 57000.0
396 0 57000.0
397 0 57000.0
398 0 57000.0
399 0 57000.0
400 0 57000.0
401 0 57000.0
402 0 57000.0
403 0 57000.0
404 0 57000.0
405 0 57000.0
406 0 57000.0
407 0 57000.0
408 0 57000.0
409 0 57000.0
410 0 57000.0
411 0 57000.0
412 0 57000.0
413 0 57000.0
414 0 57000.0
415 0 57000.0
416 0 57000.0
417 0 57000.0
418 0 57000.0
419 0 57000.0
420 0 57000.0
421 0 57000.0
422 0 57000.0
423 0 57000.0
424 0 57000.0
425 0 57000.0
426 0 57000.0
427 0 57000.0
428 0 57000.0
429 0 57000.0
430 0 57000.0
431 0 57000.0
432 0 57000.0
433 0 57000.0
434 0 57000.0
435 0 57000.0
436 0 57000.0
437 0 57000.0
438 0 57000.0
439 0 57000.0
440 0 57000.0
441 0 57000.0
442 0 57000.0
443 0 57000.0
444 0 57000.0
445 0 57000.0
446 0 57000.0
447 0 57000.0
448 0 57000.0
449 0 57000.0
450 0 57000.0
451 0 57000.0
452 0 57000.0
453 0 57000.0
454 0 57000.0
455 0 57000.0
456 0 57000.0
457 0 57000.0
458 0 57000.0
459 0 57000.0
460 0 57000.0
461 0 52503.0
462 0 48138.0
463 0 44264.0
464 0 40694.0
465 0 37468.0
466 0 34447.0
467 0 31550.0
468 0 28914.0
469 0 26361.0
470 0 24332.0
471 0 22508.0
472 0 20840.0
473 0 19501.0
474 0 18260.0
475 0 17127.0
476 0 16070.0
477 0 15200.0
478 0 14260.0
479 0 13596.0
480 0 12840.0
481 0 12290.0
482 0 11860.0
483 0 11467.0
484 0 11117.0
485 0 10621.0
486 0 10270.0
487 0 10003.0
488 0 9652.0
489 0 9374.0
490 0 9049.0
491 0 8915.0
492 0 8850.0
493 0 8713.0
494 0 8527.0
495 0 8360.0
496 0 8321.0
497 0 8057.0
498 0 7993.0
499 0 7885.0
500 0 7839.0
501 0 7703.0
502 0 7677.0
503 0 7598.0
504 0 7612.0
505 0 7639.0
506 0 7594.0
507 0 7400.0
508 0 7466.0
509 0 7363.0
510 0 7459.0
511 0 7416.0
512 0 7459.0
513 0 7400.0
514 0 7463.0
515 0 7396.0
516 0 7302.0
517 0 7281.0
518 0 7361.0
519 0 7343.0
520 0 7393.0
521 0 7432.0
522 0 7274.0
523 0 7231.0
524 0 7226.0
525 0 7263.0
526 0 7089.0
527 0 7141.0
528 0 7080.0
529 0 7099.0
530 0 7193.0
531 0 7192.0
532 0 7083.0
533 0 7063.0
534 0 7044.0
535 0 7080.0
536 0 7005.0
537 0 7030.0
538 0 7043.0
539 0 7088.0
540 0 7231.0
541 0 7192.0
542 0 7104.0
543 0 7131.0
544 0 7126.0
545 0 7030.0
546 0 6974.0
547 0 6850.0
548 0 6871.0
549 0 7004.0
550 0 7002.0
551 0 7098.0
552 0 6966.0
553 0 6986.0
554 0 6994.0
555 0 7024.0
556 0 6964.0
557 0 6986.0
558 0 6930.0
559 0 7006.0
560 0 7132.0
561 0 7102.0
562 0 7207.0
563 0 7107.0
564 0 6997.0
565 0 7003.0
566 0 6960.0
567 0 6919.0
568 0 6973.0
569 0 7005.0
570 0 6857.0
571 0 6987.0
572 0 6993.0
573 0 7037.0
574 0 7083.0
575 0 7100.0
576 0 7141.0
577 0 7112.0
578 0 7048.0
579 0 6982.0
580 0 7098.0
581 0 7046.0
582 0 6964.0
583 0 7154.0
584 0 7081.0
585 0 7176.0
586 0 7122.0
587 0 7046.0
588 0 7105.0
589 0 7022.0
590 0 7054.0
591 0 7044.0
592 0 7084.0
593 0 7066.0
594 0 7027.0
595 0 6940.0
596 0 6895.0
597 0 7012.0
598 0 6975.0
599 0 6876.0
600 0 6988.0
601 0 6937.0
602 0 7016.0
603 0 7070.0
604 0 7148.0
605 0 7101.0
606 0 7055.0
607 0 7059.0
608 0 7193.0
609 0 7049.0
610 0 7014.0
611 0 6934.0
612 0 6927.0
613 0 6963.0
614 0 6889.0
615 0 7034.0
616 0 7018.0
617 0 6943.0
618 0 6993.0
619 0 6983.0
620 0 7190.0
621 0 7291.0
622 0 7319.0
623 0 7385.0
624 0 7371.0
625 0 7228.0
626 0 7327.0
627 0 7317.0
628 0 7304.0
629 0 7156.0
630 0 7128.0
631 0 7051.0
632 0 7136.0
633 0 7176.0
634 0 7237.0
635 0 7274.0
636 0 7321.0
637 0 7291.0
638 0 7276.0
639 0 7126.0
640 0 7162.0
641 0 7155.0
642 0 7234.0
643 0 7185.0
644 0 7174.0
645 0 7191.0
646 0 7080.0
647 0 7037.0
648 0 7055.0
649 0 7063.0
650 0 7176.0
651 0 7124.0
652 0 7165.0
653 0 6972.0
654 0 6865.0
655 0 6945.0
656 0 7017.0
657 0 7052.0
658 0 7093.0
659 0 7038.0
660 0 6977.0
661 0 6964.0
662 0 7072.0
663 0 7105.0
664 0 6906.0
665 0 6936.0
666 0 6909.0
667 0 6926.0
668 0 6980.0
669 0 7051.0
670 0 7152.0
671 0 7299.0
672 0 7168.0
673 0 7094.0
674 0 7138.0
675 0 7110.0
676 0 7210.0
677 0 7032.0
678 0 7137.0
679 0 7132.0
680 0 7101.0
681 0 7007.0
682 0 7034.0
683 0 7026.0
684 0 6880.0
685 0 7040.0
686 0 7140.0
687 0 7150.0
688 0 7110.0
689 0 7100.0
690 0 7090.0
691 0 7089.0
692 0 7065.0
693 0 6995.0
694 0 6985.0
695 0 6964.0
696 0 7021.0
697 0 7012.0
698 0 7158.0
699 0 7156.0
700 0 7095.0
701 0 7036.0
702 0 7085.0
703 0 6968.0
704 0 7046.0
705 0 7132.0
706 0 7192.0
707 0 7080.0
708 0 7132.0
709 0 7229.0
710 0 7131.0
711 0 7139.0
712 0 7195.0
713 0 7265.0
714 0 7127.0
715 0 7084.0
716 0 7161.0
717 0 7043.0
718 0 7270.0
719 0 7193.0
720 0 7169.0
721 0 7038.0
722 0 6977.0
723 0 6826.0
724 0 6918.0
725 0 7000.0
726 0 7029.0
727 0 7037.0
728 0 7192.0
729 0 7156.0
730 0 7043.0
731 0 7054.0
732 0 7048.0
733 0 7160.0
734 0 7088.0
735 0 7027.0
736 0 7037.0
737 0 7028.0
738 0 7045.0
739 0 6958.0
740 0 6936.0
741 0 6988.0
742 0 7076.0
743 0 7125.0
744 0 7143.0
745 0 7167.0
746 0 7131.0
747 0 7120.0
748 0 7084.0
749 0 7141.0
750 0 7036.0
751 0 6835.0
752 0 6836.0
753 0 6877.0
754 0 6840.0
755 0 6818.0
756 0 6809.0
757 0 6712.0
758 0 6792.0
759 0 6848.0
760 0 6749.0
761 0 6830.0
762 0 6854.0
763 0 6910.0
764 0 6932.0
765 0 6990.0
766 0 7046.0
767 0 7042.0
768 0 7024.0
769 0 6979.0
770 0 7004.0
771 0 6980.0
772 0 6978.0
773 0 6851.0
774 0 7020.0
775 0 6986.0
776 0 7006.0
777 0 6928.0
778 0 7031.0
779 0 7103.0
780 0 7189.0
781 0 7080.0
782 0 7104.0
783 0 7063.0
784 0 6946.0
785 0 6935.0
786 0 7028.0
787 0 7058.0
788 0 7209.0
789 0 7207.0
790 0 7119.0
791 0 7151.0
792 0 7201.0
793 0 7108.0
794 0 7141.0
795 0 6988.0
796 0 6962.0
797 0 7055.0
798 0 6965.0
799 0 6986.0
800 0 6896.0
801 0 6923.0
802 0 6976.0
803 0 6975.0
804 0 6941.0
805 0 6924.0
806 0 6980.0
807 0 7039.0
808 0 7062.0
809 0 6982.0
810 0 6981.0
811 0 6964.0
812 0 7104.0
813 0 7176.0
814 0 7138.0
815 0 7132.0
816 0 7078.0
817 0 7180.0
818 0 7142.0
819 0 7100.0
820 0 7104.0
821 0 7227.0
822 0 7190.0
823 0 7108.0
824 0 7114.0
825 0 7126.0
826 0 7080.0
827 0 7206.0
828 0 7021.0
829 0 7003.0
830 0 6981.0
831 0 7138.0
832 0 7085.0
833 0 7136.0
834 0 7093.0
835 0 6999.0
836 0 6933.0
837 0 6919.0
838 0 7004.0
839 0 6976.0
840 0 6941.0
841 0 7000.0
842 0 6944.0
843 0 6995.0
844 0 7120.0
845 0 7196.0
846 0 7187.0
847 0 7088.0
848 0 7031.0
849 0 7183.0
850 0 7156.0
851 0 7149.0
852 0 7112.0
853 0 7068.0
854 0 7128.0
855 0 7014.0
856 0 7024.0
857 0 7048.0
858 0 7051.0
859 0 7024.0
860 0 7081.0
861 0 7098.0
862 0 7074.0
863 0 7126.0
864 0 7228.0
865 0 7182.0
866 0 7201.0
867 0 7194.0
868 0 7200.0
869 0 7153.0
870 0 7222.0
871 0 7177.0
872 0 7133.0
873 0 7080.0
874 0 7084.0
875 0 7143.0
876 0 7187.0
877 0 7155.0
878 0 7017.0
879 0 7098.0
880 0 7171.0
881 0 7091.0
882 0 7005.0
883 0 7008.0
884 0 6948.0
885 0 6873.0
886 0 7084.0
887 0 7138.0
888 0 7139.0
889 0 7244.0
890 0 7252.0
891 0 7228.0
892 0 7219.0
893 0 7141.0
894 0 6908.0
895 0 7006.0
896 0 7099.0
897 0 7080.0
898 0 7090.0
899 0 7048.0
900 0 7173.0
901 0 6979.0
902 0 7023.0
903 0 6948.0
904 0 6985.0
905 0 7051.0
906 0 7095.0
907 0 7123.0
908 0 7105.0
909 0 7100.0
910 0 7168.0
911 0 7226.0
912 0 7208.0
913 0 7255.0
914 0 7335.0
915 0 7253.0
916 0 7274.0
917 0 7242.0
918 0 7234.0
919 0 7125.0
920 0 7318.0
921 0 7289.0
922 0 7152.0
923 0 7130.0
924 0 7163.0
925 0 7128.0
926 0 7189.0
927 0 7120.0
928 0 7190.0
929 0 7063.0
930 0 7067.0
931 0 7265.0
932 0 7280.0
933 0 7241.0
934 0 7250.0
935 0 7210.0
936 0 7251.0
937 0 7076.0
938 0 7130.0
939 0 7118.0
940 0 7130.0
941 0 7290.0
942 0 7132.0
943 0 7109.0
944 0 7116.0
945 0 7045.0
946 0 7138.0
947 0 6934.0
948 0 7015.0
949 0 7044.0
950 0 7156.0
951 0 7054.0
952 0 7054.0
953 0 7060.0
954 0 7089.0
955 0 7077.0
956 0 7045.0
957 0 7079.0
958 0 6981.0
959 0 6987.0
960 0 6997.0
961 0 7091.0
962 0 6980.0
963 0 6880.0
964 0 7091.0
965 0 7060.0
966 0 7053.0
967 0 6977.0
968 0 7129.0
969 0 7113.0
970 0 7085.0
971 0 7209.0
972 0 7071.0
973 0 6914.0
974 0 6972.0
975 0 7089.0
976 0 7028.0
977 0 7003.0
978 0 7012.0
979 0 6919.0
980 0 6824.0
981 0 6856.0
982 0 6950.0
983 0 6940.0
984 0 6974.0
985 0 6952.0
986 0 6946.0
987 0 7040.0
988 0 7062.0
989 0 7006.0
990 0 7158.0
991 0 7035.0
992 0 6967.0
993 0 6934.0
994 0 6967.0
995 0 6979.0
996 0 6963.0
997 0 7062.0
998 0 7073.0
999 0 7092.0
1000 0 7063.0
