1 1 14909.0
2 2 20498.0
3 1 25968.0
4 2 31356.0
5 2 36578.0
6 4 41867.0
7 4 46938.0
8 4 52110.0
9 4 57102.0
10 5 62177.0
11 4 67295.0
12 7 72384.0
13 6 77364.0
14 7 82526.0
15 10 87747.0
16 11 92591.0
17 11 97608.0
18 16 102702.0
19 18 107555.0
20 20 112499.0
21 27 117366.0
22 33 122323.0
23 29 127252.0
24 39 132350.0
25 45 137238.0
26 54 142192.0
27 52 147172.0
28 49 152286.0
29 56 157296.0
30 78 162428.0
31 87 167331.0
32 93 172337.0
33 98 177330.0
34 107 182231.0
35 120 187214.0
36 140 192108.0
37 172 196914.0
38 175 202006.0
39 191 206791.0
40 197 211707.0
41 199 216582.0
42 216 221631.0
43 261 226709.0
44 258 231545.0
45 272 236609.0
46 287 241633.0
47 299 246418.0
48 331 251488.0
49 337 256325.0
50 392 261434.0
51 375 266237.0
52 408 271018.0
53 444 275885.0
54 518 280859.0
55 495 285900.0
56 458 290758.0
57 487 295685.0
58 508 300514.0
59 542 305201.0
60 599 310169.0
61 626 314740.0
62 649 319470.0
63 699 324341.0
64 733 329181.0
65 758 333879.0
66 744 338298.0
67 765 343103.0
68 803 348005.0
69 825 352839.0
70 892 357564.0
71 991 362172.0
72 1003 366708.0
73 1000 371330.0
74 1043 375857.0
75 1020 380704.0
76 1010 385483.0
77 1060 390204.0
78 1061 394921.0
79 1170 399754.0
80 1233 404370.0
81 1277 409075.0
82 1254 413608.0
83 1318 418104.0
84 1313 422759.0
85 1375 427407.0
86 1491 432004.0
87 1493 436592.0
88 1471 441072.0
89 1475 445418.0
90 1490 449949.0
91 1540 454671.0
92 1587 459198.0
93 1690 463771.0
94 1760 468720.0
95 1756 473045.0
96 1819 477493.0
97 1770 481879.0
98 1887 486286.0
99 1878 490818.0
100 1839 490287.0
101 1808 484696.0
102 1760 479347.0
103 1704 474236.0
104 1685 468955.0
105 1698 463844.0
106 1677 458509.0
107 1629 453541.0
108 1492 448267.0
109 1529 443046.0
110 1596 437778.0
111 1608 432399.0
112 1613 427161.0
113 1585 421957.0
114 1551 416717.0
115 1608 411519.0
116 1657 406237.0
117 1578 401147.0
118 1461 396170.0
119 1497 390971.0
120 1487 386103.0
121 1479 380965.0
122 1511 375920.0
123 1534 370876.0
124 1638 365854.0
125 1576 360866.0
126 1542 355614.0
127 1477 350464.0
128 1487 345097.0
129 1599 339946.0
130 1587 334845.0
131 1521 329871.0
132 1481 324778.0
133 1512 319682.0
134 1535 314597.0
135 1509 309515.0
136 1450 304330.0
137 1375 299472.0
138 1363 294563.0
139 1306 289515.0
140 1306 284714.0
141 1311 279773.0
142 1344 274950.0
143 1295 270154.0
144 1300 265145.0
145 1296 260404.0
146 1268 255639.0
147 1200 250892.0
148 1178 246054.0
149 1304 241220.0
150 1354 236401.0
151 1287 231609.0
152 1304 226811.0
153 1301 222047.0
154 1324 217458.0
155 1308 212841.0
156 1161 208333.0
157 1064 203693.0
158 1084 199201.0
159 1181 194559.0
160 1170 190082.0
161 1120 185849.0
162 1099 181553.0
163 1076 177369.0
164 1081 173082.0
165 1042 168758.0
166 985 164729.0
167 1015 160690.0
168 1021 156530.0
169 988 152567.0
170 964 148644.0
171 957 144729.0
172 910 141029.0
173 883 137440.0
174 894 133862.0
175 903 130138.0
176 918 126502.0
177 902 122971.0
178 874 119598.0
179 831 115927.0
180 790 112635.0
181 798 109252.0
182 791 106153.0
183 777 103099.0
184 740 100032.0
185 717 97007.0
186 661 93970.0
187 608 91075.0
188 571 88276.0
189 563 85787.0
190 549 83039.0
191 509 80386.0
192 474 77852.0
193 429 75384.0
194 429 72947.0
195 385 70684.0
196 351 68428.0
197 358 66207.0
198 357 64077.0
199 319 61794.0
200 300 59644.0
201 273 57666.0
202 256 55787.0
203 221 53881.0
204 223 51919.0
205 232 50272.0
206 211 48578.0
207 181 46844.0
208 178 45200.0
209 161 43667.0
210 149 42134.0
211 148 40595.0
212 138 39031.0
213 115 37825.0
214 107 36549.0
215 100 35359.0
216 85 34224.0
217 93 33173.0
218 88 31896.0
219 82 30949.0
220 95 29795.0
221 91 28707.0
222 92 27605.0
223 85 26373.0
224 81 25519.0
225 79 24776.0
226 66 23953.0
227 58 23109.0
228 46 22393.0
229 42 21700.0
230 30 20904.0
231 34 20257.0
232 35 19618.0
233 38 19101.0
234 33 18553.0
235 28 18007.0
236 24 17519.0
237 25 17044.0
238 20 16410.0
239 17 16075.0
240 11 15610.0
241 7 15108.0
242 4 14680.0
243 3 14165.0
244 2 13775.0
245 1 13556.0
246 1 13250.0
247 2 12912.0
248 1 12492.0
249 0 12220.0
250 0 11741.0
251 0 11498.0
252 0 11518.0
253 0 11286.0
254 0 10998.0
255 0 10813.0
256 0 10526.0
257 0 10380.0
258 0 10197.0
259 0 9983.0
260 0 9755.0
261 0 9629.0
262 0 9635.0
263 0 9490.0
264 0 9355.0
265 0 9251.0
266 0 9152.0
267 0 9013.0
268 0 8832.0
269 0 8733.0
270 0 8677.0
271 0 8624.0
272 0 8526.0
273 0 8444.0
274 0 8390.0
275 0 8332.0
276 2 8307.0
277 1 8185.0
278 1 8131.0
279 2 8032.0
280 1 8031.0
281 1 14542.0
282 0 20295.0
283 0 26022.0
284 0 31367.0
285 0 36583.0
286 0 41939.0
287 0 47198.0
288 0 52285.0
289 0 57498.0
290 0 57498.0
291 0 57498.0
292 0 57498.0
293 0 57498.0
294 0 57498.0
295 0 57498.0
296 0 57498.0
297 0 57498.0
298 0 57498.0
299 0 57498.0
300 0 57498.0
301 0 57498.0
302 0 57498.0
303 0 57498.0
304 0 57498.0
305 0 57498.0
306 0 57498.0
307 0 57498.0
308 0 57498.0
309 0 57498.0
310 0 57498.0
311 0 57498.0
312 0 57498.0
313 0 57498.0
314 0 57498.0
315 0 57498.0
316 0 57498.0
317 0 57498.0
318 0 57498.0
319 0 57498.0
320 0 57498.0
321 0 57498.0
322 0 57498.0
323 0 57498.0
324 0 57498.0
325 0 57498.0
326 0 57498.0
327 0 57498.0
328 0 57498.0
329 0 57498.0
330 0 57498.0
331 0 57498.0
332 0 57498.0
333 0 57498.0
334 0 57498.0
335 0 57498.0
336 0 57498.0
337 0 57498.0
338 0 57498.0
339 0 57498.0
340 0 57498.0
341 0 57498.0
342 0 57498.0
343 0 57498.0
344 0 57498.0
345 0 57498.0
346 0 57498.0
347 0 57498.0
348 0 57498.0
349 0 57498.0
350 0 57498.0
351 0 57498.0
352 0 57498.0
353 0 57498.0
354 0 57498.0
355 0 57498.0
356 0 57498.0
357 0 57498.0
358 0 57498.0
359 0 57498.0
360 0 57498.0
361 0 57498.0
362 0 57498.0
363 0 57498.0
364 0 57498.0
365 0 57498.0
366 0 57498.0
367 0 57498.0
368 0 57498.0
369 0 57498.0
370 0 57498.0
371 0 57498.0
372 0 57498.0
373 0 57498.0
374 0 57498.0
375 0 57498.0
376 0 57498.0
377 0 57498.0
378 0 57498.0
379 0 57498.0
380 0 57498.0
381 0 57498.0
382 0 57498.0
383 0 57498.0
384 0 57498.0
385 0 57498.0
386 0 57498.0
387 0 57498.0
388 0 57498.0
389 0 57498.0
390 0 57498.0
391 0 57498.0
392 0 57498.0
393 0 57498.0
394 0 57498.0
395 0 57498.0
396 0 57498.0
397 0 57498.0
398 0 57498.0
399 0 57498.0
400 0 57498.0
401 0 57498.0
402 0 57498.0
403 0 57498.0
404 0 57498.0
405 0 57498.0
406 0 57498.0
407 0 57498.0
408 0 57498.0
409 0 57498.0
410 0 57498.0
411 0 57498.0
412 0 57498.0
413 0 57498.0
414 0 57498.0
415 0 57498.0
416 0 57498.0
417 0 57498.0
418 0 57498.0
419 0 57498.0
420 0 57498.0
421 0 57498.0
422 0 57498.0
423 0 57498.0
424 0 57498.0
425 0 57498.0
426 0 57498.0
427 0 57498.0
428 0 57498.0
429 0 57498.0
430 0 57498.0
431 0 57498.0
432 0 57498.0
433 0 57498.0
434 0 57498.0
435 0 57498.0
436 0 57498.0
437 0 57498.0
438 0 57498.0
439 0 57498.0
440 0 57498.0
441 0 57498.0
442 0 57498.0
443 0 57498.0
444 0 57498.0
445 0 57498.0
446 0 57498.0
447 0 57498.0
448 0 57498.0
449 0 57498.0
450 0 57498.0
451 0 57498.0
452 0 57498.0
453 0 57498.0
454 0 57498.0
455 0 57498.0
456 0 57498.0
457 0 57498.0
458 0 57498.0
459 0 57498.0
460 0 57498.0
461 0 53037.0
462 0 48909.0
463 0 44843.0
464 0 40899.0
465 0 37379.0
466 0 34324.0
467 0 31697.0
468 0 29237.0
469 0 26844.0
470 0 24614.0
471 0 22867.0
472 0 21258.0
473 0 19712.0
474 0 18252.0
475 0 17100.0
476 0 16020.0
477 0 15079.0
478 0 14343.0
479 0 13639.0
480 0 13060.0
481 0 12472.0
482 0 11627.0
483 0 11184.0
484 0 10687.0
485 0 10154.0
486 0 9822.0
487 0 9624.0
488 0 9395.0
489 0 9167.0
490 0 8968.0
491 0 8735.0
492 0 8575.0
493 0 8339.0
494 0 8333.0
495 0 8078.0
496 0 8101.0
497 0 8003.0
498 0 7934.0
499 0 7791.0
500 0 7641.0
501 0 7577.0
502 0 7526.0
503 0 7368.0
504 0 7522.0
505 0 7317.0
506 0 7312.0
507 0 7282.0
508 0 7324.0
509 0 7238.0
510 0 7266.0
511 0 7241.0
512 0 7299.0
513 0 7347.0
514 0 7311.0
515 0 7253.0
516 0 7189.0
517 0 7185.0
518 0 7187.0
519 0 7221.0
520 0 7194.0
521 0 7090.0
522 0 7154.0
523 0 7128.0
524 0 7164.0
525 0 7029.0
526 0 7020.0
527 0 7042.0
528 0 7091.0
529 0 7107.0
530 0 7198.0
531 0 7130.0
532 0 7135.0
533 0 7144.0
534 0 7083.0
535 0 7079.0
536 0 7110.0
537 0 7042.0
538 0 7050.0
539 0 7059.0
540 0 7042.0
541 0 7074.0
542 0 6929.0
543 0 7007.0
544 0 6885.0
545 0 6882.0
546 0 6784.0
547 0 6809.0
548 0 6894.0
549 0 6943.0
550 0 7020.0
551 0 7070.0
552 0 7175.0
553 0 7211.0
554 0 7095.0
555 0 7155.0
556 0 7131.0
557 0 7142.0
558 0 7042.0
559 0 6981.0
560 0 7005.0
561 0 7083.0
562 0 7197.0
563 0 7205.0
564 0 7068.0
565 0 6965.0
566 0 7133.0
567 0 7062.0
568 0 6937.0
569 0 7104.0
570 0 7139.0
571 0 7041.0
572 0 7064.0
573 0 7047.0
574 0 7093.0
575 0 7010.0
576 0 7081.0
577 0 7074.0
578 0 7139.0
579 0 6969.0
580 0 7035.0
581 0 7092.0
582 0 7041.0
583 0 7087.0
584 0 7103.0
585 0 7131.0
586 0 7120.0
587 0 7129.0
588 0 7152.0
589 0 7208.0
590 0 7003.0
591 0 7026.0
592 0 6924.0
593 0 7061.0
594 0 6895.0
595 0 6941.0
596 0 6923.0
597 0 7003.0
598 0 7100.0
599 0 7035.0
600 0 7167.0
601 0 7143.0
602 0 7142.0
603 0 7139.0
604 0 7124.0
605 0 7157.0
606 0 7198.0
607 0 7296.0
608 0 7280.0
609 0 7131.0
610 0 7086.0
611 0 6982.0
612 0 6936.0
613 0 6942.0
614 0 6984.0
615 0 7122.0
616 0 7095.0
617 0 7133.0
618 0 7185.0
619 0 7177.0
620 0 7113.0
621 0 7196.0
622 0 7154.0
623 0 7093.0
624 0 6980.0
625 0 7108.0
626 0 6975.0
627 0 7024.0
628 0 7104.0
629 0 7095.0
630 0 7024.0
631 0 7103.0
632 0 7024.0
633 0 6875.0
634 0 6819.0
635 0 6796.0
636 0 6727.0
637 0 6828.0
638 0 6934.0
639 0 6873.0
640 0 6914.0
641 0 7111.0
642 0 7129.0
643 0 7276.0
644 0 7211.0
645 0 7205.0
646 0 7254.0
647 0 7359.0
648 0 7079.0
649 0 7191.0
650 0 7211.0
651 0 7162.0
652 0 7171.0
653 0 7175.0
654 0 7137.0
655 0 7123.0
656 0 7143.0
657 0 7019.0
658 0 7031.0
659 0 7145.0
660 0 7234.0
661 0 7213.0
662 0 7185.0
663 0 7085.0
664 0 7046.0
665 0 6993.0
666 0 7014.0
667 0 7021.0
668 0 7053.0
669 0 7144.0
670 0 7086.0
671 0 7096.0
672 0 6926.0
673 0 6899.0
674 0 7034.0
675 0 6961.0
676 0 6894.0
677 0 7043.0
678 0 7103.0
679 0 7190.0
680 0 7300.0
681 0 7286.0
682 0 7300.0
683 0 7334.0
684 0 7292.0
685 0 7377.0
686 0 7350.0
687 0 7250.0
688 0 7124.0
689 0 7150.0
690 0 7071.0
691 0 7089.0
692 0 7034.0
693 0 7188.0
694 0 7221.0
695 0 7179.0
696 0 7046.0
697 0 7102.0
698 0 7023.0
699 0 7002.0
700 0 6933.0
701 0 6917.0
702 0 7026.0
703 0 7065.0
704 0 7063.0
705 0 7027.0
706 0 7051.0
707 0 7018.0
708 0 6940.0
709 0 6887.0
710 0 6968.0
711 0 6949.0
712 0 6933.0
713 0 6901.0
714 0 6869.0
715 0 6844.0
716 0 6998.0
717 0 7068.0
718 0 6982.0
719 0 6887.0
720 0 7072.0
721 0 7089.0
722 0 6994.0
723 0 7184.0
724 0 7214.0
725 0 7160.0
726 0 7066.0
727 0 7153.0
728 0 7090.0
729 0 7025.0
730 0 7084.0
731 0 7127.0
732 0 7146.0
733 0 7187.0
734 0 7150.0
735 0 7046.0
736 0 7021.0
737 0 6956.0
738 0 6953.0
739 0 7043.0
740 0 7109.0
741 0 7099.0
742 0 7237.0
743 0 7121.0
744 0 7194.0
745 0 7205.0
746 0 7270.0
747 0 7221.0
748 0 7095.0
749 0 7035.0
750 0 7045.0
751 0 7140.0
752 0 7084.0
753 0 7069.0
754 0 7024.0
755 0 7012.0
756 0 7042.0
757 0 7073.0
758 0 7051.0
759 0 6969.0
760 0 7031.0
761 0 7033.0
762 0 6949.0
763 0 6898.0
764 0 6933.0
765 0 6975.0
766 0 6863.0
767 0 6892.0
768 0 6949.0
769 0 6892.0
770 0 6921.0
771 0 7044.0
772 0 7045.0
773 0 7074.0
774 0 7144.0
775 0 6993.0
776 0 7050.0
777 0 7137.0
778 0 7143.0
779 0 7114.0
780 0 7116.0
781 0 7210.0
782 0 7192.0
783 0 7276.0
784 0 7259.0
785 0 7276.0
786 0 7283.0
787 0 7231.0
788 0 7359.0
789 0 7352.0
790 0 7299.0
791 0 7281.0
792 0 7377.0
793 0 7355.0
794 0 7242.0
795 0 7320.0
796 0 7371.0
797 0 7307.0
798 0 7196.0
799 0 7168.0
800 0 7181.0
801 0 7134.0
802 0 7185.0
803 0 7159.0
804 0 7194.0
805 0 7085.0
806 0 7145.0
807 0 7251.0
808 0 7232.0
809 0 6991.0
810 0 7068.0
811 0 7063.0
812 0 7151.0
813 0 7184.0
814 0 7143.0
815 0 7089.0
816 0 7134.0
817 0 7126.0
818 0 7125.0
819 0 7166.0
820 0 7164.0
821 0 7174.0
822 0 7071.0
823 0 7036.0
824 0 6982.0
825 0 6919.0
826 0 6964.0
827 0 6970.0
828 0 7082.0
829 0 7207.0
830 0 7200.0
831 0 7147.0
832 0 7149.0
833 0 7166.0
834 0 7140.0
835 0 7190.0
836 0 7231.0
837 0 7291.0
838 0 7203.0
839 0 7234.0
840 0 7164.0
841 0 6994.0
842 0 7143.0
843 0 7043.0
844 0 7114.0
845 0 7108.0
846 0 7020.0
847 0 7089.0
848 0 7069.0
849 0 7031.0
850 0 7033.0
851 0 7039.0
852 0 7091.0
853 0 7105.0
854 0 7018.0
855 0 7106.0
856 0 7185.0
857 0 7088.0
858 0 7111.0
859 0 7002.0
860 0 7027.0
861 0 7045.0
862 0 7012.0
863 0 7082.0
864 0 7170.0
865 0 7146.0
866 0 7137.0
867 0 7049.0
868 0 7150.0
869 0 7142.0
870 0 7219.0
871 0 7229.0
872 0 7309.0
873 0 7204.0
874 0 7176.0
875 0 7133.0
876 0 7124.0
877 0 7106.0
878 0 7133.0
879 0 7202.0
880 0 7126.0
881 0 7105.0
882 0 7143.0
883 0 7050.0
884 0 7094.0
885 0 7106.0
886 0 7113.0
887 0 7097.0
888 0 7114.0
889 0 7053.0
890 0 7060.0
891 0 7173.0
892 0 7161.0
893 0 7258.0
894 0 7118.0
895 0 7225.0
896 0 7233.0
897 0 7185.0
898 0 7135.0
899 0 7026.0
900 0 7077.0
901 0 7040.0
902 0 6928.0
903 0 7087.0
904 0 7132.0
905 0 7070.0
906 0 6980.0
907 0 7116.0
908 0 7088.0
909 0 7022.0
910 0 7084.0
911 0 7022.0
912 0 6916.0
913 0 7012.0
914 0 7011.0
915 0 6862.0
916 0 6922.0
917 0 7051.0
918 0 6959.0
919 0 7073.0
920 0 7181.0
921 0 7140.0
922 0 7035.0
923 0 7055.0
924 0 7151.0
925 0 7036.0
926 0 7070.0
927 0 7182.0
928 0 7055.0
929 0 7138.0
930 0 7094.0
931 0 7195.0
932 0 7208.0
933 0 7168.0
934 0 7075.0
935 0 7114.0
936 0 7093.0
937 0 7191.0
938 0 7047.0
939 0 6953.0
940 0 7125.0
941 0 6933.0
942 0 6947.0
943 0 6853.0
944 0 6814.0
945 0 6909.0
946 0 6999.0
947 0 7092.0
948 0 7127.0
949 0 7006.0
950 0 6937.0
951 0 6958.0
952 0 6944.0
953 0 7092.0
954 0 7007.0
955 0 6840.0
956 0 6948.0
957 0 6993.0
958 0 7074.0
959 0 7018.0
960 0 6994.0
961 0 6957.0
962 0 6918.0
963 0 7008.0
964 0 7039.0
965 0 7075.0
966 0 6994.0
967 0 7010.0
968 0 7021.0
969 0 7123.0
970 0 7077.0
971 0 6968.0
972 0 7077.0
973 0 7077.0
974 0 7089.0
975 0 7103.0
976 0 7135.0
977 0 7109.0
978 0 7203.0
979 0 7049.0
980 0 6957.0
981 0 7111.0
982 0 7032.0
983 0 7009.0
984 0 7055.0
985 0 6903.0
986 0 6928.0
987 0 7011.0
988 0 6971.0
989 0 7075.0
990 0 7044.0
991 0 7117.0
992 0 7055.0
993 0 7115.0
994 0 7127.0
995 0 7041.0
996 0 6983.0
997 0 7046.0
998 0 7124.0
999 0 7248.0
1000 0 7092.0
