1 1 14960.0
2 2 20677.0
3 1 26001.0
4 2 31279.0
5 2 36367.0
6 2 41582.0
7 2 46707.0
8 4 51860.0
9 3 56999.0
10 5 62391.0
11 5 67531.0
12 5 72753.0
13 7 77943.0
14 10 82939.0
15 10 87944.0
16 16 92867.0
17 18 97871.0
18 24 102818.0
19 22 107816.0
20 21 112746.0
21 25 117714.0
22 30 122897.0
23 37 128035.0
24 41 132960.0
25 42 138013.0
26 58 143009.0
27 53 147944.0
28 60 152839.0
29 69 157715.0
30 84 162843.0
31 86 167689.0
32 105 172687.0
33 125 177524.0
34 141 182578.0
35 163 187601.0
36 160 192375.0
37 180 197365.0
38 182 202329.0
39 209 207251.0
40 242 212138.0
41 247 217013.0
42 302 221841.0
43 289 226747.0
44 259 231769.0
45 268 236560.0
46 283 241512.0
47 337 246393.0
48 350 251226.0
49 356 256217.0
50 357 261069.0
51 348 265908.0
52 377 270775.0
53 426 275601.0
54 424 280404.0
55 409 285242.0
56 438 290127.0
57 506 294919.0
58 591 299779.0
59 594 304437.0
60 665 309423.0
61 676 314199.0
62 707 319110.0
63 735 324017.0
64 790 328890.0
65 795 333754.0
66 820 338312.0
67 800 343122.0
68 750 347773.0
69 763 352520.0
70 782 357261.0
71 867 362115.0
72 944 366658.0
73 1003 371283.0
74 1052 375891.0
75 1010 380666.0
76 1026 385251.0
77 1097 390106.0
78 1152 394891.0
79 1151 399668.0
80 1196 404469.0
81 1173 409140.0
82 1261 413738.0
83 1296 418483.0
84 1414 423234.0
85 1468 427844.0
86 1558 432252.0
87 1568 436797.0
88 1556 441448.0
89 1552 446019.0
90 1704 450642.0
91 1761 454950.0
92 1682 459434.0
93 1746 463728.0
94 1763 468362.0
95 1696 472747.0
96 1815 477287.0
97 1874 481847.0
98 1911 486355.0
99 1825 490747.0
100 1861 490180.0
101 1817 484755.0
102 1806 479436.0
103 1766 474445.0
104 1658 469145.0
105 1573 464087.0
106 1578 458771.0
107 1603 453600.0
108 1593 448408.0
109 1604 443159.0
110 1523 438083.0
111 1444 433031.0
112 1490 427820.0
113 1522 422644.0
114 1557 417372.0
115 1543 412062.0
116 1536 406911.0
117 1513 401700.0
118 1443 396582.0
119 1439 391643.0
120 1444 386589.0
121 1404 381386.0
122 1518 376286.0
123 1507 370963.0
124 1462 366028.0
125 1492 360916.0
126 1467 355642.0
127 1490 350478.0
128 1463 345164.0
129 1560 340144.0
130 1584 335347.0
131 1554 330309.0
132 1456 325265.0
133 1400 320199.0
134 1451 315064.0
135 1489 310051.0
136 1573 305145.0
137 1538 299957.0
138 1479 295163.0
139 1399 290397.0
140 1385 285505.0
141 1394 280426.0
142 1455 275402.0
143 1395 270557.0
144 1431 265425.0
145 1424 260626.0
146 1356 255608.0
147 1287 250780.0
148 1343 246172.0
149 1327 241369.0
150 1327 236641.0
151 1315 231936.0
152 1312 227219.0
153 1376 222663.0
154 1318 218013.0
155 1239 213458.0
156 1181 208717.0
157 1136 204192.0
158 1108 199637.0
159 1069 195203.0
160 1068 190873.0
161 1071 186528.0
162 1160 182092.0
163 1128 177753.0
164 1073 173634.0
165 1037 169540.0
166 1026 165253.0
167 1017 161235.0
168 1011 157245.0
169 949 153316.0
170 946 149284.0
171 914 145452.0
172 899 141524.0
173 894 137796.0
174 903 134109.0
175 894 130545.0
176 914 126924.0
177 850 123558.0
178 816 120048.0
179 782 116688.0
180 733 113314.0
181 763 110145.0
182 756 106657.0
183 742 103573.0
184 719 100411.0
185 712 97463.0
186 641 94405.0
187 612 91489.0
188 549 88681.0
189 515 85760.0
190 500 83172.0
191 466 80458.0
192 455 77868.0
193 438 75269.0
194 469 72723.0
195 434 70402.0
196 423 68042.0
197 406 65815.0
198 361 63568.0
199 353 61368.0
200 321 59179.0
201 263 57111.0
202 241 55108.0
203 240 53128.0
204 244 51294.0
205 243 49499.0
206 240 47566.0
207 249 45767.0
208 227 44105.0
209 252 42551.0
210 246 40867.0
211 216 39352.0
212 219 37997.0
213 191 36663.0
214 168 35287.0
215 147 34289.0
216 149 33046.0
217 132 31855.0
218 129 30878.0
219 123 29742.0
220 117 28857.0
221 104 27808.0
222 95 26797.0
223 73 25739.0
224 69 24911.0
225 66 24297.0
226 65 23514.0
227 60 22700.0
228 55 21962.0
229 48 21223.0
230 43 20527.0
231 38 19830.0
232 44 18953.0
233 41 18351.0
234 42 17868.0
235 38 17308.0
236 33 16856.0
237 30 16270.0
238 30 15944.0
239 26 15460.0
240 35 14745.0
241 30 14477.0
242 31 14240.0
243 29 13918.0
244 35 13599.0
245 28 13174.0
246 28 12809.0
247 21 12587.0
248 17 12364.0
249 13 12183.0
250 11 11766.0
251 8 11527.0
252 7 11328.0
253 6 11096.0
254 3 10825.0
255 2 10692.0
256 1 10443.0
257 1 10132.0
258 2 10107.0
259 2 9898.0
260 2 9745.0
261 1 9651.0
262 1 9608.0
263 1 9489.0
264 0 9270.0
265 0 9191.0
266 0 9000.0
267 0 8976.0
268 0 8945.0
269 0 8917.0
270 0 8777.0
271 0 8718.0
272 0 8492.0
273 0 8505.0
274 0 8380.0
275 0 8385.0
276 2 8429.0
277 1 8317.0
278 0 8244.0
279 0 8082.0
280 0 8082.0
281 0 14402.0
282 0 20216.0
283 0 25853.0
284 0 30982.0
285 0 36310.0
286 0 41606.0
287 0 47022.0
288 0 52173.0
289 0 57351.0
290 0 57351.0
291 0 57351.0
292 0 57351.0
293 0 57351.0
294 0 57351.0
295 0 57351.0
296 0 57351.0
297 0 57351.0
298 0 57351.0
299 0 57351.0
300 0 57351.0
301 0 57351.0
302 0 57351.0
303 0 57351.0
304 0 57351.0
305 0 57351.0
306 0 57351.0
307 0 57351.0
308 0 57351.0
309 0 57351.0
310 0 57351.0
311 0 57351.0
312 0 57351.0
313 0 57351.0
314 0 57351.0
315 0 57351.0
316 0 57351.0
317 0 57351.0
318 0 57351.0
319 0 57351.0
320 0 57351.0
321 0 57351.0
322 0 57351.0
323 0 57351.0
324 0 57351.0
325 0 57351.0
326 0 57351.0
327 0 57351.0
328 0 57351.0
329 0 57351.0
330 0 57351.0
331 0 57351.0
332 0 57351.0
333 0 57351.0
334 0 57351.0
335 0 57351.0
336 0 57351.0
337 0 57351.0
338 0 57351.0
339 0 57351.0
340 0 57351.0
341 0 57351.0
342 0 57351.0
343 0 57351.0
344 0 57351.0
345 0 57351.0
346 0 57351.0
347 0 57351.0
348 0 57351.0
349 0 57351.0
350 0 57351.0
351 0 57351.0
352 0 57351.0
353 0 57351.0
354 0 57351.0
355 0 57351.0
356 0 57351.0
357 0 57351.0
358 0 57351.0
359 0 57351.0
360 0 57351.0
361 0 57351.0
362 0 57351.0
363 0 57351.0
364 0 57351.0
365 0 57351.0
366 0 57351.0
367 0 57351.0
368 0 57351.0
369 0 57351.0
370 0 57351.0
371 0 57351.0
372 0 57351.0
373 0 57351.0
374 0 57351.0
375 0 57351.0
376 0 57351.0
377 0 57351.0
378 0 57351.0
379 0 57351.0
380 0 57351.0
381 0 57351.0
382 0 57351.0
383 0 57351.0
384 0 57351.0
385 0 57351.0
386 0 57351.0
387 0 57351.0
388 0 57351.0
389 0 57351.0
390 0 57351.0
391 0 57351.0
392 0 57351.0
393 0 57351.0
394 0 57351.0
395 0 57351.0
396 0 57351.0
397 0 57351.0
398 0 57351.0
399 0 57351.0
400 0 57351.0
401 0 57351.0
402 0 57351.0
403 0 57351.0
404 0 57351.0
405 0 57351.0
406 0 57351.0
407 0 57351.0
408 0 57351.0
409 0 57351.0
410 0 57351.0
411 0 57351.0
412 0 57351.0
413 0 57351.0
414 0 57351.0
415 0 57351.0
416 0 57351.0
417 0 57351.0
418 0 57351.0
419 0 57351.0
420 0 57351.0
421 0 57351.0
422 0 57351.0
423 0 57351.0
424 0 57351.0
425 0 57351.0
426 0 57351.0
427 0 57351.0
428 0 57351.0
429 0 57351.0
430 0 57351.0
431 0 57351.0
432 0 57351.0
433 0 57351.0
434 0 57351.0
435 0 57351.0
436 0 57351.0
437 0 57351.0
438 0 57351.0
439 0 57351.0
440 0 57351.0
441 0 57351.0
442 0 57351.0
443 0 57351.0
444 0 57351.0
445 0 57351.0
446 0 57351.0
447 0 57351.0
448 0 57351.0
449 0 57351.0
450 0 57351.0
451 0 57351.0
452 0 57351.0
453 0 57351.0
454 0 57351.0
455 0 57351.0
456 0 57351.0
457 0 57351.0
458 0 57351.0
459 0 57351.0
460 0 57351.0
461 0 52957.0
462 0 48596.0
463 0 44608.0
464 0 41052.0
465 0 37760.0
466 0 34583.0
467 0 31886.0
468 0 29300.0
469 0 27017.0
470 0 25218.0
471 0 23454.0
472 0 21824.0
473 0 20268.0
474 0 18807.0
475 0 17557.0
476 0 16517.0
477 0 15611.0
478 0 14773.0
479 0 13967.0
480 0 13351.0
481 0 12627.0
482 0 12001.0
483 0 11540.0
484 0 10987.0
485 0 10631.0
486 0 10152.0
487 0 9866.0
488 0 9558.0
489 0 9436.0
490 0 9286.0
491 0 9021.0
492 0 8829.0
493 0 8655.0
494 0 8523.0
495 0 8425.0
496 0 8306.0
497 0 8189.0
498 0 8058.0
499 0 8025.0
500 0 7905.0
501 0 7801.0
502 0 7695.0
503 0 7799.0
504 0 7703.0
505 0 7654.0
506 0 7568.0
507 0 7522.0
508 0 7526.0
509 0 7357.0
510 0 7324.0
511 0 7379.0
512 0 7251.0
513 0 7307.0
514 0 7300.0
515 0 7291.0
516 0 7313.0
517 0 7438.0
518 0 7304.0
519 0 7433.0
520 0 7453.0
521 0 7458.0
522 0 7466.0
523 0 7417.0
524 0 7390.0
525 0 7469.0
526 0 7274.0
527 0 7225.0
528 0 7220.0
529 0 7218.0
530 0 7230.0
531 0 7194.0
532 0 7230.0
533 0 7156.0
534 0 7038.0
535 0 7087.0
536 0 7123.0
537 0 7214.0
538 0 7238.0
539 0 7172.0
540 0 7198.0
541 0 7098.0
542 0 7092.0
543 0 7064.0
544 0 6998.0
545 0 6835.0
546 0 6933.0
547 0 6922.0
548 0 6894.0
549 0 6857.0
550 0 6871.0
551 0 7038.0
552 0 6976.0
553 0 6970.0
554 0 6942.0
555 0 7063.0
556 0 7115.0
557 0 7107.0
558 0 7072.0
559 0 7082.0
560 0 7086.0
561 0 7130.0
562 0 6982.0
563 0 6945.0
564 0 6860.0
565 0 6811.0
566 0 6829.0
567 0 7000.0
568 0 6969.0
569 0 7017.0
570 0 6993.0
571 0 7130.0
572 0 7158.0
573 0 7178.0
574 0 7297.0
575 0 7231.0
576 0 7221.0
577 0 7289.0
578 0 7227.0
579 0 7279.0
580 0 7245.0
581 0 7196.0
582 0 7142.0
583 0 7091.0
584 0 7131.0
585 0 6967.0
586 0 7052.0
587 0 7139.0
588 0 7117.0
589 0 7087.0
590 0 7123.0
591 0 7109.0
592 0 7027.0
593 0 6924.0
594 0 6983.0
595 0 7010.0
596 0 7101.0
597 0 7136.0
598 0 7092.0
599 0 7128.0
600 0 7102.0
601 0 7181.0
602 0 7138.0
603 0 7120.0
604 0 7124.0
605 0 7238.0
606 0 7261.0
607 0 7437.0
608 0 7244.0
609 0 7179.0
610 0 7070.0
611 0 7067.0
612 0 7022.0
613 0 6963.0
614 0 7056.0
615 0 6985.0
616 0 7067.0
617 0 7179.0
618 0 7133.0
619 0 7183.0
620 0 7015.0
621 0 7007.0
622 0 6978.0
623 0 6956.0
624 0 6998.0
625 0 7013.0
626 0 7063.0
627 0 7054.0
628 0 6955.0
629 0 6916.0
630 0 6968.0
631 0 7002.0
632 0 6934.0
633 0 6973.0
634 0 7026.0
635 0 7175.0
636 0 7049.0
637 0 6990.0
638 0 7058.0
639 0 7145.0
640 0 7172.0
641 0 7031.0
642 0 7026.0
643 0 6954.0
644 0 6950.0
645 0 7021.0
646 0 6952.0
647 0 7049.0
648 0 7121.0
649 0 7169.0
650 0 7198.0
651 0 7194.0
652 0 7079.0
653 0 7099.0
654 0 7017.0
655 0 7143.0
656 0 7096.0
657 0 7008.0
658 0 6949.0
659 0 7042.0
660 0 7099.0
661 0 7114.0
662 0 7126.0
663 0 7175.0
664 0 7102.0
665 0 6995.0
666 0 7188.0
667 0 7064.0
668 0 7090.0
669 0 7077.0
670 0 7025.0
671 0 6976.0
672 0 7020.0
673 0 6938.0
674 0 6948.0
675 0 7069.0
676 0 7022.0
677 0 7095.0
678 0 7088.0
679 0 7098.0
680 0 7108.0
681 0 7131.0
682 0 7144.0
683 0 7221.0
684 0 7237.0
685 0 7172.0
686 0 7082.0
687 0 7046.0
688 0 7020.0
689 0 7093.0
690 0 7148.0
691 0 7009.0
692 0 6960.0
693 0 7012.0
694 0 7062.0
695 0 6987.0
696 0 7147.0
697 0 7057.0
698 0 7065.0
699 0 7047.0
700 0 7155.0
701 0 7080.0
702 0 7083.0
703 0 7136.0
704 0 6981.0
705 0 6925.0
706 0 6955.0
707 0 6896.0
708 0 6909.0
709 0 6972.0
710 0 6953.0
711 0 6962.0
712 0 6990.0
713 0 7098.0
714 0 7049.0
715 0 7047.0
716 0 6971.0
717 0 6954.0
718 0 7157.0
719 0 7091.0
720 0 7137.0
721 0 7074.0
722 0 7025.0
723 0 7151.0
724 0 7071.0
725 0 7068.0
726 0 7194.0
727 0 7132.0
728 0 7073.0
729 0 7132.0
730 0 7106.0
731 0 7067.0
732 0 7166.0
733 0 7115.0
734 0 7160.0
735 0 7201.0
736 0 7115.0
737 0 7101.0
738 0 7093.0
739 0 7084.0
740 0 7198.0
741 0 7072.0
742 0 7194.0
743 0 7055.0
744 0 7070.0
745 0 7035.0
746 0 7240.0
747 0 7296.0
748 0 7230.0
749 0 7133.0
750 0 7157.0
751 0 7218.0
752 0 7210.0
753 0 7163.0
754 0 7169.0
755 0 7144.0
756 0 7148.0
757 0 7121.0
758 0 7147.0
759 0 7090.0
760 0 7229.0
761 0 7148.0
762 0 7094.0
763 0 7208.0
764 0 7109.0
765 0 7095.0
766 0 7116.0
767 0 7052.0
768 0 7161.0
769 0 7169.0
770 0 7162.0
771 0 7192.0
772 0 7100.0
773 0 7083.0
774 0 7102.0
775 0 7087.0
776 0 6927.0
777 0 7014.0
778 0 7201.0
779 0 7195.0
780 0 7147.0
781 0 7157.0
782 0 7025.0
783 0 7047.0
784 0 7095.0
785 0 7169.0
786 0 7189.0
787 0 7178.0
788 0 7034.0
789 0 7024.0
790 0 6965.0
791 0 6970.0
792 0 6968.0
793 0 6844.0
794 0 6945.0
795 0 6976.0
796 0 7059.0
797 0 6974.0
798 0 6993.0
799 0 7143.0
800 0 7052.0
801 0 7034.0
802 0 7022.0
803 0 7007.0
804 0 6997.0
805 0 7153.0
806 0 7090.0
807 0 7119.0
808 0 7064.0
809 0 7097.0
810 0 6984.0
811 0 7005.0
812 0 7085.0
813 0 7122.0
814 0 7120.0
815 0 6994.0
816 0 6960.0
817 0 7044.0
818 0 7040.0
819 0 7121.0
820 0 7152.0
821 0 7117.0
822 0 7166.0
823 0 7070.0
824 0 6934.0
825 0 7135.0
826 0 7079.0
827 0 7015.0
828 0 6999.0
829 0 6900.0
830 0 7129.0
831 0 7027.0
832 0 7056.0
833 0 7156.0
834 0 7060.0
835 0 7138.0
836 0 7143.0
837 0 7041.0
838 0 6954.0
839 0 6858.0
840 0 6842.0
841 0 6959.0
842 0 7023.0
843 0 7044.0
844 0 6929.0
845 0 6706.0
846 0 6790.0
847 0 6805.0
848 0 6804.0
849 0 6771.0
850 0 6805.0
851 0 6910.0
852 0 6911.0
853 0 6940.0
854 0 6917.0
855 0 7137.0
856 0 7114.0
857 0 7066.0
858 0 7207.0
859 0 7159.0
860 0 7085.0
861 0 6986.0
862 0 7068.0
863 0 7215.0
864 0 7153.0
865 0 6973.0
866 0 7063.0
867 0 7109.0
868 0 7214.0
869 0 7116.0
870 0 7070.0
871 0 6954.0
872 0 7004.0
873 0 7118.0
874 0 7131.0
875 0 7098.0
876 0 7196.0
877 0 7133.0
878 0 7158.0
879 0 7166.0
880 0 7219.0
881 0 7225.0
882 0 7217.0
883 0 7214.0
884 0 7241.0
885 0 7180.0
886 0 7176.0
887 0 7066.0
888 0 7103.0
889 0 7039.0
890 0 6926.0
891 0 7003.0
892 0 7146.0
893 0 7100.0
894 0 7154.0
895 0 7120.0
896 0 7116.0
897 0 7034.0
898 0 7049.0
899 0 7062.0
900 0 7052.0
901 0 6966.0
902 0 7072.0
903 0 7023.0
904 0 7040.0
905 0 7168.0
906 0 7100.0
907 0 6960.0
908 0 6979.0
909 0 7051.0
910 0 7038.0
911 0 6940.0
912 0 6964.0
913 0 6998.0
914 0 7115.0
915 0 7125.0
916 0 7112.0
917 0 7029.0
918 0 6961.0
919 0 6963.0
920 0 7016.0
921 0 7125.0
922 0 7178.0
923 0 7116.0
924 0 7114.0
925 0 7212.0
926 0 7138.0
927 0 6948.0
928 0 7182.0
929 0 7068.0
930 0 7146.0
931 0 7021.0
932 0 7056.0
933 0 7005.0
934 0 6894.0
935 0 6985.0
936 0 7017.0
937 0 7005.0
938 0 7043.0
939 0 6953.0
940 0 6921.0
941 0 6896.0
942 0 6913.0
943 0 6863.0
944 0 6838.0
945 0 6979.0
946 0 6821.0
947 0 6810.0
948 0 6785.0
949 0 6858.0
950 0 6987.0
951 0 7076.0
952 0 7088.0
953 0 7079.0
954 0 7086.0
955 0 7088.0
956 0 7093.0
957 0 7083.0
958 0 7133.0
959 0 7136.0
960 0 7224.0
961 0 7145.0
962 0 7133.0
963 0 7045.0
964 0 7118.0
965 0 7096.0
966 0 7096.0
967 0 7005.0
968 0 6979.0
969 0 6918.0
970 0 6941.0
971 0 6959.0
972 0 7041.0
973 0 6990.0
974 0 6949.0
975 0 6866.0
976 0 6930.0
977 0 6932.0
978 0 7123.0
979 0 7115.0
980 0 7018.0
981 0 7047.0
982 0 6885.0
983 0 6805.0
984 0 7036.0
985 0 6917.0
986 0 6914.0
987 0 6831.0
988 0 6966.0
989 0 6951.0
990 0 6945.0
991 0 6870.0
992 0 6762.0
993 0 6821.0
994 0 6963.0
995 0 7045.0
996 0 6977.0
997 0 7028.0
998 0 7167.0
999 0 7173.0
1000 0 7149.0
