1 1 14783.0
2 1 20279.0
3 1 25813.0
4 2 31157.0
5 2 36397.0
6 4 41504.0
7 3 46626.0
8 6 51706.0
9 4 56961.0
10 3 61808.0
11 5 67062.0
12 6 72236.0
13 10 77344.0
14 12 82189.0
15 15 87107.0
16 13 92069.0
17 20 97083.0
18 17 101967.0
19 19 106965.0
20 23 111968.0
21 27 117046.0
22 30 122000.0
23 44 126828.0
24 45 131951.0
25 65 136984.0
26 62 142270.0
27 83 147125.0
28 86 152066.0
29 75 157220.0
30 80 162313.0
31 95 167251.0
32 121 172244.0
33 144 177174.0
34 165 182376.0
35 156 187237.0
36 181 192043.0
37 190 196785.0
38 194 202004.0
39 186 206970.0
40 220 212077.0
41 246 217145.0
42 261 222069.0
43 261 227017.0
44 273 232031.0
45 301 236907.0
46 288 241815.0
47 300 246742.0
48 312 251631.0
49 328 256554.0
50 354 261418.0
51 404 266121.0
52 421 270738.0
53 436 275691.0
54 416 280499.0
55 492 285450.0
56 538 290273.0
57 560 295339.0
58 517 299947.0
59 582 304872.0
60 586 309702.0
61 632 314633.0
62 652 319546.0
63 688 324462.0
64 681 329167.0
65 730 333787.0
66 768 338716.0
67 739 343402.0
68 789 348242.0
69 825 353014.0
70 847 357734.0
71 908 362452.0
72 999 367055.0
73 1024 371708.0
74 1078 376431.0
75 1112 381067.0
76 1055 385744.0
77 1129 390492.0
78 1158 395143.0
79 1281 399817.0
80 1284 404411.0
81 1300 409180.0
82 1315 413886.0
83 1365 418232.0
84 1404 422790.0
85 1461 427354.0
86 1562 432019.0
87 1497 436509.0
88 1521 441104.0
89 1508 445821.0
90 1556 450285.0
91 1643 454829.0
92 1663 459305.0
93 1745 463772.0
94 1767 468298.0
95 1798 472669.0
96 1759 477119.0
97 1852 481549.0
98 1936 486197.0
99 1982 490463.0
100 2060 489927.0
101 1920 484471.0
102 1832 479179.0
103 1719 474043.0
104 1691 468786.0
105 1690 463298.0
106 1648 457971.0
107 1570 452734.0
108 1523 447480.0
109 1578 442250.0
110 1600 437223.0
111 1585 432069.0
112 1572 426906.0
113 1572 421852.0
114 1636 416837.0
115 1666 411755.0
116 1636 406671.0
117 1642 401416.0
118 1655 396324.0
119 1647 391150.0
120 1665 385991.0
121 1695 380623.0
122 1685 375485.0
123 1642 370638.0
124 1567 365539.0
125 1620 360402.0
126 1669 355268.0
127 1675 349965.0
128 1672 344962.0
129 1582 339970.0
130 1573 334924.0
131 1647 329868.0
132 1625 324784.0
133 1550 319595.0
134 1520 314631.0
135 1456 309653.0
136 1490 304772.0
137 1426 299758.0
138 1448 294805.0
139 1472 289754.0
140 1503 285004.0
141 1510 279794.0
142 1513 274909.0
143 1452 270103.0
144 1431 265157.0
145 1312 260484.0
146 1238 255693.0
147 1235 251024.0
148 1264 246259.0
149 1291 241552.0
150 1303 236723.0
151 1262 232156.0
152 1159 227429.0
153 1207 222892.0
154 1206 218308.0
155 1186 213643.0
156 1137 209129.0
157 1151 204736.0
158 1152 200198.0
159 1136 195960.0
160 1142 191589.0
161 1136 187156.0
162 1110 182887.0
163 1089 178541.0
164 1062 174403.0
165 1081 170148.0
166 1110 165916.0
167 1083 161765.0
168 1057 157784.0
169 1041 153649.0
170 1000 149747.0
171 945 145655.0
172 915 141624.0
173 888 137821.0
174 858 133970.0
175 818 130247.0
176 772 126560.0
177 738 122996.0
178 683 119741.0
179 688 116249.0
180 626 112785.0
181 623 109501.0
182 623 106372.0
183 606 103207.0
184 604 100203.0
185 593 97227.0
186 613 94111.0
187 586 91096.0
188 561 88409.0
189 508 85639.0
190 464 82977.0
191 459 80284.0
192 457 77607.0
193 466 75240.0
194 490 72907.0
195 489 70583.0
196 506 68254.0
197 480 65919.0
198 447 63767.0
199 397 61684.0
200 385 59515.0
201 381 57586.0
202 360 55542.0
203 360 53673.0
204 338 51856.0
205 315 50050.0
206 282 48353.0
207 249 46646.0
208 241 45024.0
209 230 43357.0
210 217 41741.0
211 192 40321.0
212 191 38908.0
213 183 37475.0
214 168 36220.0
215 149 34911.0
216 154 33606.0
217 147 32418.0
218 128 31338.0
219 127 30248.0
220 125 29101.0
221 122 28146.0
222 125 27014.0
223 104 26144.0
224 109 25231.0
225 92 24216.0
226 101 23400.0
227 89 22684.0
228 67 21785.0
229 70 21064.0
230 66 20465.0
231 65 20033.0
232 60 19408.0
233 56 18800.0
234 50 18200.0
235 46 17691.0
236 41 17047.0
237 37 16436.0
238 29 15915.0
239 29 15557.0
240 25 15183.0
241 19 14682.0
242 13 14359.0
243 14 13977.0
244 12 13632.0
245 10 13194.0
246 8 12989.0
247 6 12671.0
248 6 12456.0
249 9 12050.0
250 6 11780.0
251 4 11478.0
252 5 11237.0
253 4 11008.0
254 4 10697.0
255 3 10593.0
256 4 10472.0
257 4 10295.0
258 5 10072.0
259 6 9838.0
260 5 9598.0
261 4 9458.0
262 4 9425.0
263 4 9292.0
264 3 9115.0
265 5 9040.0
266 4 9009.0
267 2 8852.0
268 1 8785.0
269 1 8680.0
270 1 8559.0
271 0 8491.0
272 0 8513.0
273 0 8415.0
274 0 8277.0
275 0 8336.0
276 2 8140.0
277 2 8086.0
278 3 7943.0
279 2 7862.0
280 3 7861.0
281 2 14306.0
282 1 20167.0
283 2 25873.0
284 2 31568.0
285 2 37029.0
286 1 42199.0
287 1 47206.0
288 2 52282.0
289 2 57421.0
290 4 57421.0
291 4 57417.0
292 4 57417.0
293 3 57415.0
294 3 57415.0
295 3 57412.0
296 6 57412.0
297 5 57408.0
298 8 57407.0
299 5 57406.0
300 4 57404.0
301 4 57403.0
302 5 57401.0
303 6 57400.0
304 5 57399.0
305 4 57396.0
306 7 57395.0
307 8 57389.0
308 10 57387.0
309 7 57385.0
310 4 57385.0
311 4 57382.0
312 7 57381.0
313 8 57375.0
314 14 57373.0
315 11 57370.0
316 7 57368.0
317 6 57366.0
318 9 57363.0
319 11 57357.0
320 17 57352.0
321 20 57347.0
322 17 57344.0
323 11 57342.0
324 8 57340.0
325 8 57338.0
326 10 57332.0
327 16 57328.0
328 16 57321.0
329 13 57320.0
330 9 57316.0
331 9 57316.0
332 7 57314.0
333 8 57309.0
334 11 57307.0
335 10 57304.0
336 7 57303.0
337 7 57300.0
338 9 57298.0
339 10 57294.0
340 8 57293.0
341 9 57289.0
342 10 57288.0
343 7 57286.0
344 7 57285.0
345 8 57279.0
346 14 57277.0
347 15 57266.0
348 14 57266.0
349 10 57259.0
350 17 57256.0
351 16 57249.0
352 20 57242.0
353 22 57236.0
354 18 57230.0
355 17 57223.0
356 22 57220.0
357 19 57205.0
358 28 57205.0
359 23 57191.0
360 30 57186.0
361 31 57174.0
362 35 57162.0
363 35 57152.0
364 31 57145.0
365 28 57138.0
366 30 57128.0
367 39 57112.0
368 38 57100.0
369 32 57094.0
370 27 57087.0
371 32 57074.0
372 37 57063.0
373 38 57052.0
374 34 57035.0
375 39 57031.0
376 30 57016.0
377 31 57013.0
378 31 56996.0
379 38 56989.0
380 38 56974.0
381 38 56964.0
382 32 56954.0
383 27 56948.0
384 34 56936.0
385 41 56926.0
386 37 56913.0
387 43 56903.0
388 39 56890.0
389 34 56882.0
390 31 56871.0
391 32 56865.0
392 27 56856.0
393 33 56846.0
394 40 56829.0
395 44 56819.0
396 33 56811.0
397 27 56805.0
398 27 56794.0
399 31 56785.0
400 35 56777.0
401 35 56765.0
402 35 56753.0
403 34 56744.0
404 28 56737.0
405 23 56732.0
406 27 56721.0
407 35 56708.0
408 42 56690.0
409 47 56678.0
410 44 56661.0
411 51 56649.0
412 42 56635.0
413 38 56627.0
414 31 56620.0
415 29 56610.0
416 37 56595.0
417 44 56586.0
418 35 56572.0
419 38 56563.0
420 34 56548.0
421 35 56539.0
422 37 56529.0
423 36 56517.0
424 41 56506.0
425 35 56493.0
426 27 56487.0
427 26 56478.0
428 30 56468.0
429 32 56458.0
430 35 56448.0
431 32 56439.0
432 33 56425.0
433 34 56417.0
434 34 56407.0
435 36 56396.0
436 30 56388.0
437 32 56381.0
438 30 56371.0
439 34 56360.0
440 30 56352.0
441 23 56349.0
442 25 56338.0
443 31 56330.0
444 32 56315.0
445 37 56305.0
446 37 56291.0
447 34 56285.0
448 30 56274.0
449 35 56264.0
450 41 56247.0
451 42 56240.0
452 38 56221.0
453 43 56213.0
454 40 56204.0
455 34 56193.0
456 35 56184.0
457 39 56171.0
458 37 56162.0
459 32 56154.0
460 32 56143.0
461 35 51922.0
462 36 47920.0
463 33 43957.0
464 33 40350.0
465 33 36910.0
466 32 34045.0
467 34 31336.0
468 35 28867.0
469 39 26465.0
470 38 24355.0
471 28 22551.0
472 28 20846.0
473 22 19319.0
474 18 18100.0
475 13 16906.0
476 11 15913.0
477 10 14867.0
478 9 14325.0
479 8 13416.0
480 8 12703.0
481 6 12163.0
482 4 11518.0
483 5 11057.0
484 4 10677.0
485 4 10300.0
486 3 9870.0
487 2 9615.0
488 2 9265.0
489 2 9006.0
490 3 8791.0
491 2 8723.0
492 1 8532.0
493 1 8268.0
494 1 8084.0
495 1 7966.0
496 2 7961.0
497 1 7955.0
498 1 7834.0
499 0 7680.0
500 0 7606.0
501 0 7424.0
502 0 7460.0
503 0 7517.0
504 0 7419.0
505 0 7421.0
506 0 7226.0
507 0 7203.0
508 0 7253.0
509 0 7310.0
510 0 7261.0
511 0 7180.0
512 0 7070.0
513 0 7076.0
514 0 7100.0
515 0 7119.0
516 0 7154.0
517 0 7108.0
518 0 7169.0
519 0 7254.0
520 0 7245.0
521 0 7228.0
522 0 7142.0
523 0 7269.0
524 0 7260.0
525 0 7155.0
526 0 7168.0
527 0 7084.0
528 0 7142.0
529 0 7149.0
530 0 7239.0
531 0 7249.0
532 0 7119.0
533 0 7092.0
534 0 7121.0
535 0 7133.0
536 0 7124.0
537 0 7198.0
538 0 7055.0
539 0 7100.0
540 0 7106.0
541 0 6913.0
542 0 6992.0
543 0 6997.0
544 0 7016.0
545 0 7016.0
546 0 7128.0
547 0 7208.0
548 0 7184.0
549 0 7089.0
550 0 7070.0
551 0 7044.0
552 0 7103.0
553 0 7044.0
554 0 6971.0
555 0 6900.0
556 0 6911.0
557 0 6939.0
558 0 7138.0
559 0 7179.0
560 0 7183.0
561 0 7051.0
562 0 7151.0
563 0 7217.0
564 0 7249.0
565 0 7218.0
566 0 7151.0
567 0 7159.0
568 0 7382.0
569 0 7364.0
570 0 7333.0
571 0 7176.0
572 0 7201.0
573 0 7186.0
574 0 7120.0
575 0 7181.0
576 0 7043.0
577 0 7124.0
578 0 7057.0
579 0 7033.0
580 0 7075.0
581 0 7011.0
582 0 7128.0
583 0 7123.0
584 0 7113.0
585 0 7112.0
586 0 7103.0
587 0 6934.0
588 0 6937.0
589 0 6988.0
590 0 7018.0
591 0 7117.0
592 0 7085.0
593 0 7119.0
594 0 7048.0
595 0 7061.0
596 0 7250.0
597 0 7217.0
598 0 7179.0
599 0 7187.0
600 0 7242.0
601 0 7185.0
602 0 7155.0
603 0 7133.0
604 0 7232.0
605 0 7273.0
606 0 7311.0
607 0 7323.0
608 0 7325.0
609 0 7307.0
610 0 7359.0
611 0 7151.0
612 0 7162.0
613 0 7074.0
614 0 6960.0
615 0 6857.0
616 0 6963.0
617 0 6859.0
618 0 6947.0
619 0 6959.0
620 0 6932.0
621 0 6996.0
622 0 7000.0
623 0 6918.0
624 0 7013.0
625 0 6971.0
626 0 6973.0
627 0 7026.0
628 0 7053.0
629 0 7026.0
630 0 7086.0
631 0 7152.0
632 0 7297.0
633 0 7377.0
634 0 7295.0
635 0 7378.0
636 0 7244.0
637 0 7288.0
638 0 7281.0
639 0 7169.0
640 0 7126.0
641 0 7207.0
642 0 7103.0
643 0 7000.0
644 0 6978.0
645 0 7053.0
646 0 7136.0
647 0 7133.0
648 0 7127.0
649 0 7077.0
650 0 7120.0
651 0 7065.0
652 0 7034.0
653 0 7131.0
654 0 7133.0
655 0 7165.0
656 0 7198.0
657 0 7104.0
658 0 7249.0
659 0 7092.0
660 0 7044.0
661 0 7109.0
662 0 7015.0
663 0 7066.0
664 0 7005.0
665 0 7032.0
666 0 7013.0
667 0 7140.0
668 0 7152.0
669 0 7070.0
670 0 7081.0
671 0 7180.0
672 0 7084.0
673 0 7071.0
674 0 7048.0
675 0 7098.0
676 0 7101.0
677 0 7111.0
678 0 7135.0
679 0 7002.0
680 0 6974.0
681 0 6980.0
682 0 7017.0
683 0 6984.0
684 0 6952.0
685 0 6935.0
686 0 6971.0
687 0 6936.0
688 0 7053.0
689 0 6972.0
690 0 6950.0
691 0 6961.0
692 0 6858.0
693 0 6857.0
694 0 6854.0
695 0 6804.0
696 0 6801.0
697 0 6837.0
698 0 7072.0
699 0 7133.0
700 0 7133.0
701 0 7185.0
702 0 7090.0
703 0 7108.0
704 0 7134.0
705 0 7210.0
706 0 7116.0
707 0 7082.0
708 0 7051.0
709 0 7084.0
710 0 6943.0
711 0 7027.0
712 0 7121.0
713 0 7050.0
714 0 7184.0
715 0 7050.0
716 0 7006.0
717 0 7042.0
718 0 7075.0
719 0 7072.0
720 0 6958.0
721 0 7057.0
722 0 6989.0
723 0 6949.0
724 0 6826.0
725 0 6875.0
726 0 6931.0
727 0 7011.0
728 0 7110.0
729 0 7224.0
730 0 7160.0
731 0 7128.0
732 0 7118.0
733 0 7138.0
734 0 7118.0
735 0 7112.0
736 0 7123.0
737 0 7062.0
738 0 7063.0
739 0 7055.0
740 0 7030.0
741 0 7086.0
742 0 7087.0
743 0 7014.0
744 0 7051.0
745 0 7122.0
746 0 7184.0
747 0 7190.0
748 0 7190.0
749 0 6991.0
750 0 7034.0
751 0 6958.0
752 0 6975.0
753 0 7009.0
754 0 7010.0
755 0 7020.0
756 0 7010.0
757 0 7067.0
758 0 7140.0
759 0 7153.0
760 0 7116.0
761 0 7026.0
762 0 6941.0
763 0 7045.0
764 0 7089.0
765 0 7219.0
766 0 7163.0
767 0 7209.0
768 0 7220.0
769 0 7283.0
770 0 7196.0
771 0 7204.0
772 0 7178.0
773 0 7153.0
774 0 7151.0
775 0 7124.0
776 0 7107.0
777 0 7121.0
778 0 7151.0
779 0 7239.0
780 0 7233.0
781 0 7191.0
782 0 7236.0
783 0 7245.0
784 0 7225.0
785 0 7300.0
786 0 7207.0
787 0 7260.0
788 0 7268.0
789 0 7251.0
790 0 7209.0
791 0 7186.0
792 0 7307.0
793 0 7291.0
794 0 7269.0
795 0 7161.0
796 0 7072.0
797 0 7086.0
798 0 7117.0
799 0 7079.0
800 0 7080.0
801 0 7128.0
802 0 7238.0
803 0 7202.0
804 0 7192.0
805 0 7100.0
806 0 7213.0
807 0 7251.0
808 0 7368.0
809 0 7349.0
810 0 7342.0
811 0 7265.0
812 0 7225.0
813 0 7251.0
814 0 7200.0
815 0 7172.0
816 0 7149.0
817 0 7186.0
818 0 7085.0
819 0 7098.0
820 0 7119.0
821 0 7295.0
822 0 7135.0
823 0 7185.0
824 0 7180.0
825 0 7052.0
826 0 6945.0
827 0 6977.0
828 0 7012.0
829 0 7093.0
830 0 7080.0
831 0 7106.0
832 0 6984.0
833 0 7037.0
834 0 7037.0
835 0 7133.0
836 0 7134.0
837 0 7209.0
838 0 7099.0
839 0 7254.0
840 0 7317.0
841 0 7381.0
842 0 7281.0
843 0 7271.0
844 0 7366.0
845 0 7203.0
846 0 7239.0
847 0 7259.0
848 0 7223.0
849 0 7246.0
850 0 7184.0
851 0 7155.0
852 0 7095.0
853 0 7126.0
854 0 7070.0
855 0 7059.0
856 0 7024.0
857 0 6984.0
858 0 7102.0
859 0 6960.0
860 0 6982.0
861 0 7091.0
862 0 6999.0
863 0 6987.0
864 0 7034.0
865 0 7041.0
866 0 7057.0
867 0 7067.0
868 0 6897.0
869 0 6917.0
870 0 6832.0
871 0 6789.0
872 0 6860.0
873 0 6855.0
874 0 6859.0
875 0 7003.0
876 0 7055.0
877 0 7207.0
878 0 7224.0
879 0 7185.0
880 0 7200.0
881 0 7212.0
882 0 7154.0
883 0 7207.0
884 0 7174.0
885 0 7183.0
886 0 7178.0
887 0 7132.0
888 0 7219.0
889 0 7205.0
890 0 7187.0
891 0 6995.0
892 0 7193.0
893 0 7248.0
894 0 7135.0
895 0 7248.0
896 0 7215.0
897 0 7081.0
898 0 7057.0
899 0 7023.0
900 0 7094.0
901 0 7063.0
902 0 7138.0
903 0 7140.0
904 0 7043.0
905 0 6977.0
906 0 6940.0
907 0 7094.0
908 0 7160.0
909 0 7131.0
910 0 7064.0
911 0 7253.0
912 0 7220.0
913 0 7320.0
914 0 7237.0
915 0 7113.0
916 0 7179.0
917 0 7129.0
918 0 7131.0
919 0 7102.0
920 0 7092.0
921 0 7042.0
922 0 6972.0
923 0 7030.0
924 0 7128.0
925 0 7057.0
926 0 7106.0
927 0 7155.0
928 0 7240.0
929 0 7080.0
930 0 7138.0
931 0 7074.0
932 0 6995.0
933 0 7099.0
934 0 6928.0
935 0 7007.0
936 0 7016.0
937 0 6973.0
938 0 6988.0
939 0 6871.0
940 0 6975.0
941 0 6948.0
942 0 6929.0
943 0 6954.0
944 0 7065.0
945 0 7063.0
946 0 7172.0
947 0 7140.0
948 0 6989.0
949 0 6953.0
950 0 6932.0
951 0 7031.0
952 0 6884.0
953 0 6831.0
954 0 6993.0
955 0 7042.0
956 0 7021.0
957 0 7015.0
958 0 7086.0
959 0 7231.0
960 0 7110.0
961 0 6867.0
962 0 6953.0
963 0 6917.0
964 0 6962.0
965 0 6970.0
966 0 6991.0
967 0 7047.0
968 0 6899.0
969 0 6869.0
970 0 6995.0
971 0 7036.0
972 0 6998.0
973 0 7066.0
974 0 7095.0
975 0 7110.0
976 0 7107.0
977 0 7086.0
978 0 7142.0
979 0 7017.0
980 0 6978.0
981 0 7030.0
982 0 7139.0
983 0 7180.0
984 0 7231.0
985 0 7192.0
986 0 7104.0
987 0 7108.0
988 0 7166.0
989 0 7121.0
990 0 7144.0
991 0 7117.0
992 0 6979.0
993 0 6995.0
994 0 7134.0
995 0 7206.0
996 0 7183.0
997 0 7372.0
998 0 7424.0
999 0 7221.0
1000 0 7252.0
