1 1 15049.0
2 1 20677.0
3 1 26325.0
4 1 31610.0
5 1 36922.0
6 2 42338.0
7 2 47707.0
8 2 52763.0
9 2 57808.0
10 4 62911.0
11 3 67702.0
12 2 72771.0
13 4 77840.0
14 3 82968.0
15 6 87959.0
16 5 92864.0
17 9 97877.0
18 7 102929.0
19 9 107931.0
20 9 113184.0
21 8 118371.0
22 11 123233.0
23 16 128077.0
24 17 133052.0
25 24 138104.0
26 27 143157.0
27 29 148278.0
28 41 153076.0
29 42 158073.0
30 38 162961.0
31 59 167865.0
32 62 172871.0
33 72 177862.0
34 91 182955.0
35 117 187882.0
36 121 193035.0
37 133 197847.0
38 142 202919.0
39 146 207671.0
40 196 212561.0
41 199 217454.0
42 243 222426.0
43 251 227424.0
44 249 232180.0
45 249 236924.0
46 260 241933.0
47 275 246876.0
48 264 251820.0
49 263 256893.0
50 274 261693.0
51 309 266519.0
52 309 271388.0
53 344 276364.0
54 378 281302.0
55 432 286072.0
56 465 290838.0
57 469 295872.0
58 431 300610.0
59 459 305503.0
60 501 310280.0
61 557 315183.0
62 542 319939.0
63 557 324755.0
64 562 329712.0
65 609 334541.0
66 652 339303.0
67 699 344041.0
68 809 348556.0
69 809 353159.0
70 731 357987.0
71 738 362745.0
72 777 367495.0
73 866 372487.0
74 965 377129.0
75 978 381924.0
76 884 386818.0
77 848 391593.0
78 962 396165.0
79 1121 400922.0
80 1212 405495.0
81 1111 410114.0
82 1081 415021.0
83 1060 419807.0
84 1151 424517.0
85 1247 429096.0
86 1260 433797.0
87 1242 438362.0
88 1270 443013.0
89 1310 447702.0
90 1338 452186.0
91 1481 456549.0
92 1529 461147.0
93 1522 465768.0
94 1574 470419.0
95 1562 474954.0
96 1693 479556.0
97 1761 483994.0
98 1856 488430.0
99 1878 492984.0
100 1810 492424.0
101 1738 487101.0
102 1613 481883.0
103 1607 476692.0
104 1581 471202.0
105 1555 465976.0
106 1580 460966.0
107 1485 455672.0
108 1435 450451.0
109 1533 445470.0
110 1565 440197.0
111 1458 434983.0
112 1413 429633.0
113 1483 424528.0
114 1517 419334.0
115 1524 414291.0
116 1440 409145.0
117 1417 403873.0
118 1505 398800.0
119 1592 393505.0
120 1542 388377.0
121 1515 383136.0
122 1486 377989.0
123 1394 372612.0
124 1550 367452.0
125 1592 362129.0
126 1591 356899.0
127 1472 351720.0
128 1445 346691.0
129 1386 341560.0
130 1436 336642.0
131 1439 331542.0
132 1463 326400.0
133 1389 321414.0
134 1378 316450.0
135 1401 311292.0
136 1437 306200.0
137 1397 301318.0
138 1370 296293.0
139 1355 291168.0
140 1387 286342.0
141 1348 281373.0
142 1340 276623.0
143 1274 271506.0
144 1279 266703.0
145 1324 261619.0
146 1317 256717.0
147 1303 251829.0
148 1323 247147.0
149 1345 242622.0
150 1309 237994.0
151 1310 233189.0
152 1283 228409.0
153 1273 223822.0
154 1222 219134.0
155 1194 214535.0
156 1209 209981.0
157 1147 205452.0
158 1105 201114.0
159 1127 196807.0
160 1177 192283.0
161 1154 187919.0
162 1137 183564.0
163 1149 179246.0
164 1072 174881.0
165 1018 170526.0
166 973 166342.0
167 939 162298.0
168 919 158181.0
169 882 154314.0
170 881 150498.0
171 916 146752.0
172 891 142746.0
173 854 138928.0
174 810 135351.0
175 857 131785.0
176 826 128091.0
177 769 124621.0
178 738 121185.0
179 719 117826.0
180 679 114492.0
181 618 111177.0
182 590 107984.0
183 584 104788.0
184 593 101696.0
185 654 98698.0
186 595 95674.0
187 577 92714.0
188 546 89974.0
189 492 87096.0
190 490 84297.0
191 446 81598.0
192 423 79009.0
193 384 76591.0
194 353 74038.0
195 361 71574.0
196 351 69294.0
197 354 67032.0
198 362 64820.0
199 335 62770.0
200 334 60611.0
201 353 58594.0
202 335 56571.0
203 338 54688.0
204 341 52715.0
205 321 50940.0
206 317 49258.0
207 279 47500.0
208 277 45863.0
209 260 44286.0
210 243 42737.0
211 201 41385.0
212 163 39893.0
213 144 38676.0
214 130 37344.0
215 126 36110.0
216 132 34794.0
217 127 33531.0
218 137 32346.0
219 119 31090.0
220 118 29951.0
221 109 29126.0
222 95 28061.0
223 98 27081.0
224 80 26166.0
225 69 25373.0
226 60 24485.0
227 47 23641.0
228 35 22755.0
229 35 22084.0
230 29 21325.0
231 36 20542.0
232 38 19933.0
233 38 19361.0
234 35 18603.0
235 38 18013.0
236 30 17496.0
237 22 16997.0
238 20 16496.0
239 14 15972.0
240 11 15577.0
241 13 15207.0
242 11 14924.0
243 9 14508.0
244 8 14162.0
245 7 13920.0
246 5 13543.0
247 6 13183.0
248 5 12833.0
249 3 12560.0
250 1 12225.0
251 2 11936.0
252 2 11591.0
253 2 11232.0
254 1 10850.0
255 0 10658.0
256 0 10496.0
257 0 10292.0
258 0 9974.0
259 0 9900.0
260 0 9792.0
261 0 9640.0
262 0 9454.0
263 0 9273.0
264 0 9171.0
265 0 9068.0
266 0 8987.0
267 0 8841.0
268 0 8780.0
269 0 8741.0
270 0 8609.0
271 0 8465.0
272 0 8354.0
273 0 8198.0
274 0 8199.0
275 0 8161.0
276 2 8074.0
277 1 7915.0
278 1 7920.0
279 1 7796.0
280 1 7795.0
281 1 14172.0
282 0 19991.0
283 0 25690.0
284 0 31272.0
285 0 36628.0
286 0 42010.0
287 0 47270.0
288 0 52563.0
289 0 57801.0
290 0 57801.0
291 0 57801.0
292 0 57801.0
293 0 57801.0
294 0 57801.0
295 0 57801.0
296 0 57801.0
297 0 57801.0
298 0 57801.0
299 0 57801.0
300 0 57801.0
301 0 57801.0
302 0 57801.0
303 0 57801.0
304 0 57801.0
305 0 57801.0
306 0 57801.0
307 0 57801.0
308 0 57801.0
309 0 57801.0
310 0 57801.0
311 0 57801.0
312 0 57801.0
313 0 57801.0
314 0 57801.0
315 0 57801.0
316 0 57801.0
317 0 57801.0
318 0 57801.0
319 0 57801.0
320 0 57801.0
321 0 57801.0
322 0 57801.0
323 0 57801.0
324 0 57801.0
325 0 57801.0
326 0 57801.0
327 0 57801.0
328 0 57801.0
329 0 57801.0
330 0 57801.0
331 0 57801.0
332 0 57801.0
333 0 57801.0
334 0 57801.0
335 0 57801.0
336 0 57801.0
337 0 57801.0
338 0 57801.0
339 0 57801.0
340 0 57801.0
341 0 57801.0
342 0 57801.0
343 0 57801.0
344 0 57801.0
345 0 57801.0
346 0 57801.0
347 0 57801.0
348 0 57801.0
349 0 57801.0
350 0 57801.0
351 0 57801.0
352 0 57801.0
353 0 57801.0
354 0 57801.0
355 0 57801.0
356 0 57801.0
357 0 57801.0
358 0 57801.0
359 0 57801.0
360 0 57801.0
361 0 57801.0
362 0 57801.0
363 0 57801.0
364 0 57801.0
365 0 57801.0
366 0 57801.0
367 0 57801.0
368 0 57801.0
369 0 57801.0
370 0 57801.0
371 0 57801.0
372 0 57801.0
373 0 57801.0
374 0 57801.0
375 0 57801.0
376 0 57801.0
377 0 57801.0
378 0 57801.0
379 0 57801.0
380 0 57801.0
381 0 57801.0
382 0 57801.0
383 0 57801.0
384 0 57801.0
385 0 57801.0
386 0 57801.0
387 0 57801.0
388 0 57801.0
389 0 57801.0
390 0 57801.0
391 0 57801.0
392 0 57801.0
393 0 57801.0
394 0 57801.0
395 0 57801.0
396 0 57801.0
397 0 57801.0
398 0 57801.0
399 0 57801.0
400 0 57801.0
401 0 57801.0
402 0 57801.0
403 0 57801.0
404 0 57801.0
405 0 57801.0
406 0 57801.0
407 0 57801.0
408 0 57801.0
409 0 57801.0
410 0 57801.0
411 0 57801.0
412 0 57801.0
413 0 57801.0
414 0 57801.0
415 0 57801.0
416 0 57801.0
417 0 57801.0
418 0 57801.0
419 0 57801.0
420 0 57801.0
421 0 57801.0
422 0 57801.0
423 0 57801.0
424 0 57801.0
425 0 57801.0
426 0 57801.0
427 0 57801.0
428 0 57801.0
429 0 57801.0
430 0 57801.0
431 0 57801.0
432 0 57801.0
433 0 57801.0
434 0 57801.0
435 0 57801.0
436 0 57801.0
437 0 57801.0
438 0 57801.0
439 0 57801.0
440 0 57801.0
441 0 57801.0
442 0 57801.0
443 0 57801.0
444 0 57801.0
445 0 57801.0
446 0 57801.0
447 0 57801.0
448 0 57801.0
449 0 57801.0
450 0 57801.0
451 0 57801.0
452 0 57801.0
453 0 57801.0
454 0 57801.0
455 0 57801.0
456 0 57801.0
457 0 57801.0
458 0 57801.0
459 0 57801.0
460 0 57801.0
461 0 53207.0
462 0 48772.0
463 0 44724.0
464 0 40990.0
465 0 37642.0
466 0 34469.0
467 0 31586.0
468 0 29143.0
469 0 26869.0
470 0 25095.0
471 0 23294.0
472 0 21640.0
473 0 19894.0
474 0 18631.0
475 0 17390.0
476 0 16360.0
477 0 15372.0
478 0 14359.0
479 0 13591.0
480 0 12776.0
481 0 12340.0
482 0 11745.0
483 0 11288.0
484 0 10763.0
485 0 10341.0
486 0 10044.0
487 0 9789.0
488 0 9462.0
489 0 9264.0
490 0 9127.0
491 0 8829.0
492 0 8564.0
493 0 8465.0
494 0 8316.0
495 0 8187.0
496 0 8018.0
497 0 7990.0
498 0 7891.0
499 0 7878.0
500 0 7677.0
501 0 7725.0
502 0 7676.0
503 0 7602.0
504 0 7583.0
505 0 7494.0
506 0 7474.0
507 0 7330.0
508 0 7250.0
509 0 7330.0
510 0 7252.0
511 0 7188.0
512 0 7161.0
513 0 7178.0
514 0 7193.0
515 0 7055.0
516 0 7021.0
517 0 7164.0
518 0 7191.0
519 0 7365.0
520 0 7209.0
521 0 7180.0
522 0 7102.0
523 0 7147.0
524 0 7136.0
525 0 7104.0
526 0 7108.0
527 0 7228.0
528 0 7052.0
529 0 7158.0
530 0 7177.0
531 0 7163.0
532 0 7111.0
533 0 7099.0
534 0 7049.0
535 0 6940.0
536 0 6987.0
537 0 7022.0
538 0 7058.0
539 0 7026.0
540 0 7054.0
541 0 7014.0
542 0 7038.0
543 0 7033.0
544 0 7026.0
545 0 6984.0
546 0 6924.0
547 0 7077.0
548 0 7048.0
549 0 6997.0
550 0 7036.0
551 0 7101.0
552 0 6998.0
553 0 6929.0
554 0 6946.0
555 0 6830.0
556 0 6997.0
557 0 6978.0
558 0 6876.0
559 0 6980.0
560 0 7002.0
561 0 7091.0
562 0 7186.0
563 0 7091.0
564 0 7069.0
565 0 7095.0
566 0 7152.0
567 0 7163.0
568 0 7061.0
569 0 7047.0
570 0 7148.0
571 0 7122.0
572 0 7088.0
573 0 6984.0
574 0 6990.0
575 0 7064.0
576 0 7141.0
577 0 7074.0
578 0 7119.0
579 0 7125.0
580 0 7131.0
581 0 7113.0
582 0 7076.0
583 0 7162.0
584 0 7163.0
585 0 7304.0
586 0 7275.0
587 0 7212.0
588 0 7303.0
589 0 7374.0
590 0 7223.0
591 0 7276.0
592 0 7167.0
593 0 7130.0
594 0 7153.0
595 0 6982.0
596 0 6992.0
597 0 7029.0
598 0 7068.0
599 0 7141.0
600 0 7201.0
601 0 7237.0
602 0 7200.0
603 0 7167.0
604 0 7073.0
605 0 7082.0
606 0 7009.0
607 0 6980.0
608 0 6900.0
609 0 6948.0
610 0 6989.0
611 0 6870.0
612 0 6800.0
613 0 6811.0
614 0 6871.0
615 0 6895.0
616 0 6906.0
617 0 6966.0
618 0 6930.0
619 0 6833.0
620 0 6716.0
621 0 6783.0
622 0 6891.0
623 0 6942.0
624 0 6938.0
625 0 7059.0
626 0 7188.0
627 0 7216.0
628 0 7241.0
629 0 7206.0
630 0 7208.0
631 0 7220.0
632 0 7209.0
633 0 7261.0
634 0 7258.0
635 0 7045.0
636 0 6959.0
637 0 6872.0
638 0 6897.0
639 0 6926.0
640 0 6827.0
641 0 6949.0
642 0 6982.0
643 0 6969.0
644 0 7028.0
645 0 6979.0
646 0 7074.0
647 0 7011.0
648 0 7115.0
649 0 7046.0
650 0 6974.0
651 0 7166.0
652 0 7115.0
653 0 7202.0
654 0 7159.0
655 0 7077.0
656 0 7036.0
657 0 7015.0
658 0 7002.0
659 0 7189.0
660 0 7252.0
661 0 7248.0
662 0 7098.0
663 0 7030.0
664 0 6942.0
665 0 6964.0
666 0 7049.0
667 0 7042.0
668 0 7007.0
669 0 7007.0
670 0 6989.0
671 0 7027.0
672 0 6971.0
673 0 6867.0
674 0 6978.0
675 0 7012.0
676 0 7112.0
677 0 7057.0
678 0 6893.0
679 0 6922.0
680 0 7043.0
681 0 7155.0
682 0 7217.0
683 0 7292.0
684 0 7208.0
685 0 7120.0
686 0 7072.0
687 0 7136.0
688 0 7084.0
689 0 7063.0
690 0 7069.0
691 0 7049.0
692 0 7103.0
693 0 7093.0
694 0 7065.0
695 0 7010.0
696 0 7142.0
697 0 7186.0
698 0 7242.0
699 0 7214.0
700 0 7244.0
701 0 7180.0
702 0 7185.0
703 0 7290.0
704 0 7239.0
705 0 7115.0
706 0 7088.0
707 0 6956.0
708 0 7130.0
709 0 7068.0
710 0 7060.0
711 0 7026.0
712 0 6982.0
713 0 7051.0
714 0 6971.0
715 0 6932.0
716 0 6842.0
717 0 6886.0
718 0 6826.0
719 0 6825.0
720 0 6731.0
721 0 6899.0
722 0 6937.0
723 0 7008.0
724 0 7108.0
725 0 6961.0
726 0 6953.0
727 0 6969.0
728 0 7014.0
729 0 7118.0
730 0 7178.0
731 0 7271.0
732 0 7131.0
733 0 7252.0
734 0 7084.0
735 0 7006.0
736 0 7021.0
737 0 6980.0
738 0 7070.0
739 0 6807.0
740 0 7014.0
741 0 7020.0
742 0 7093.0
743 0 7130.0
744 0 7112.0
745 0 7181.0
746 0 7260.0
747 0 7164.0
748 0 7160.0
749 0 7103.0
750 0 7068.0
751 0 7077.0
752 0 6973.0
753 0 6931.0
754 0 6922.0
755 0 7032.0
756 0 6985.0
757 0 7002.0
758 0 6999.0
759 0 7023.0
760 0 7006.0
761 0 7079.0
762 0 6944.0
763 0 7117.0
764 0 7137.0
765 0 7103.0
766 0 7185.0
767 0 7243.0
768 0 7212.0
769 0 7255.0
770 0 7187.0
771 0 7187.0
772 0 7313.0
773 0 7288.0
774 0 7258.0
775 0 7105.0
776 0 7116.0
777 0 7149.0
778 0 7289.0
779 0 7187.0
780 0 7212.0
781 0 7336.0
782 0 7148.0
783 0 7168.0
784 0 7166.0
785 0 7150.0
786 0 7169.0
787 0 7235.0
788 0 7251.0
789 0 7333.0
790 0 7243.0
791 0 7208.0
792 0 7369.0
793 0 7325.0
794 0 7312.0
795 0 7250.0
796 0 7226.0
797 0 7108.0
798 0 7135.0
799 0 7098.0
800 0 7143.0
801 0 7111.0
802 0 7085.0
803 0 7025.0
804 0 7135.0
805 0 7162.0
806 0 7069.0
807 0 7108.0
808 0 7057.0
809 0 6982.0
810 0 6868.0
811 0 6994.0
812 0 6987.0
813 0 6992.0
814 0 7097.0
815 0 7056.0
816 0 7097.0
817 0 7118.0
818 0 7005.0
819 0 7098.0
820 0 7163.0
821 0 7124.0
822 0 7058.0
823 0 6961.0
824 0 7026.0
825 0 6988.0
826 0 7006.0
827 0 7053.0
828 0 6961.0
829 0 6878.0
830 0 6929.0
831 0 6960.0
832 0 7100.0
833 0 7098.0
834 0 7129.0
835 0 7091.0
836 0 6929.0
837 0 6917.0
838 0 6885.0
839 0 6912.0
840 0 6882.0
841 0 6869.0
842 0 6900.0
843 0 6909.0
844 0 6919.0
845 0 6936.0
846 0 7025.0
847 0 7034.0
848 0 6968.0
849 0 6849.0
850 0 6884.0
851 0 6948.0
852 0 6883.0
853 0 6942.0
854 0 6888.0
855 0 6860.0
856 0 6828.0
857 0 6935.0
858 0 6969.0
859 0 6948.0
860 0 7007.0
861 0 7046.0
862 0 7152.0
863 0 7164.0
864 0 7077.0
865 0 7104.0
866 0 7081.0
867 0 6956.0
868 0 6898.0
869 0 6923.0
870 0 7136.0
871 0 7142.0
872 0 7053.0
873 0 6829.0
874 0 6903.0
875 0 6915.0
876 0 6938.0
877 0 7002.0
878 0 6953.0
879 0 7025.0
880 0 6978.0
881 0 6988.0
882 0 6880.0
883 0 6861.0
884 0 6844.0
885 0 6890.0
886 0 6889.0
887 0 6897.0
888 0 6793.0
889 0 6847.0
890 0 6844.0
891 0 6788.0
892 0 6945.0
893 0 6964.0
894 0 7016.0
895 0 7036.0
896 0 7085.0
897 0 7063.0
898 0 7080.0
899 0 7115.0
900 0 7090.0
901 0 7034.0
902 0 7090.0
903 0 7116.0
904 0 7127.0
905 0 7100.0
906 0 7022.0
907 0 7089.0
908 0 6940.0
909 0 7031.0
910 0 7156.0
911 0 7202.0
912 0 7127.0
913 0 7076.0
914 0 7043.0
915 0 7091.0
916 0 7126.0
917 0 7168.0
918 0 7143.0
919 0 7177.0
920 0 7113.0
921 0 7130.0
922 0 7166.0
923 0 7158.0
924 0 7153.0
925 0 7124.0
926 0 7150.0
927 0 7034.0
928 0 7058.0
929 0 7186.0
930 0 7230.0
931 0 7234.0
932 0 7195.0
933 0 7035.0
934 0 7194.0
935 0 7051.0
936 0 7117.0
937 0 6973.0
938 0 6954.0
939 0 7092.0
940 0 7121.0
941 0 7076.0
942 0 7062.0
943 0 6995.0
944 0 7008.0
945 0 7036.0
946 0 6934.0
947 0 6894.0
948 0 6948.0
949 0 6985.0
950 0 6860.0
951 0 6921.0
952 0 6842.0
953 0 6983.0
954 0 7115.0
955 0 7114.0
956 0 7089.0
957 0 7238.0
958 0 7218.0
959 0 7195.0
960 0 7095.0
961 0 7140.0
962 0 7043.0
963 0 6887.0
964 0 6850.0
965 0 6901.0
966 0 6776.0
967 0 6843.0
968 0 6901.0
969 0 6971.0
970 0 6990.0
971 0 6879.0
972 0 6935.0
973 0 7100.0
974 0 7148.0
975 0 7128.0
976 0 7030.0
977 0 7006.0
978 0 7061.0
979 0 7138.0
980 0 7148.0
981 0 7051.0
982 0 7116.0
983 0 7195.0
984 0 7258.0
985 0 7421.0
986 0 7300.0
987 0 7263.0
988 0 7174.0
989 0 7176.0
990 0 7114.0
991 0 7105.0
992 0 7051.0
993 0 6994.0
994 0 6972.0
995 0 7060.0
996 0 7072.0
997 0 6989.0
998 0 6969.0
999 0 7112.0
1000 0 6972.0
