1 1 15070.0
2 1 20801.0
3 1 26268.0
4 2 31497.0
5 2 36846.0
6 4 42065.0
7 3 47306.0
8 2 52399.0
9 2 57265.0
10 4 62274.0
11 4 67431.0
12 8 72594.0
13 8 77573.0
14 16 82771.0
15 12 87718.0
16 17 92780.0
17 14 97821.0
18 13 102867.0
19 17 107848.0
20 18 113009.0
21 31 117885.0
22 32 122853.0
23 46 127740.0
24 52 132676.0
25 67 137530.0
26 66 142605.0
27 68 147525.0
28 62 152434.0
29 73 157525.0
30 67 162424.0
31 98 167529.0
32 118 172583.0
33 146 177359.0
34 147 182431.0
35 146 187252.0
36 135 192464.0
37 141 197433.0
38 176 202384.0
39 187 207056.0
40 211 211883.0
41 238 216814.0
42 229 221848.0
43 237 226842.0
44 240 231586.0
45 271 236529.0
46 268 241340.0
47 302 246168.0
48 301 251163.0
49 325 256333.0
50 341 261271.0
51 374 266080.0
52 446 271023.0
53 470 275838.0
54 507 280290.0
55 480 285203.0
56 449 290287.0
57 463 295081.0
58 506 299922.0
59 573 304623.0
60 593 309491.0
61 612 314113.0
62 593 318960.0
63 589 323815.0
64 612 328539.0
65 652 333369.0
66 775 338067.0
67 788 342848.0
68 771 347487.0
69 804 352206.0
70 868 356858.0
71 903 361576.0
72 994 366212.0
73 1005 370730.0
74 1019 375305.0
75 977 380087.0
76 1029 384904.0
77 1047 389685.0
78 1081 394307.0
79 1114 399092.0
80 1137 403773.0
81 1138 408512.0
82 1203 413287.0
83 1291 417829.0
84 1360 422327.0
85 1343 426891.0
86 1316 431694.0
87 1302 436452.0
88 1360 441021.0
89 1458 445727.0
90 1590 450311.0
91 1636 454747.0
92 1660 459409.0
93 1639 463948.0
94 1636 468779.0
95 1725 473526.0
96 1764 478005.0
97 1889 482466.0
98 1848 486911.0
99 1913 491543.0
100 1940 490938.0
101 1885 485706.0
102 1811 480301.0
103 1788 474872.0
104 1694 469771.0
105 1547 464482.0
106 1476 459290.0
107 1468 454174.0
108 1520 448945.0
109 1587 443836.0
110 1519 438776.0
111 1455 433703.0
112 1485 428508.0
113 1567 423250.0
114 1626 417919.0
115 1621 412744.0
116 1569 407497.0
117 1495 402382.0
118 1491 397214.0
119 1538 391833.0
120 1681 386739.0
121 1588 381624.0
122 1511 376510.0
123 1454 371573.0
124 1474 366642.0
125 1552 361349.0
126 1568 356108.0
127 1503 351003.0
128 1457 345992.0
129 1471 340979.0
130 1432 336046.0
131 1416 330982.0
132 1414 325807.0
133 1441 320828.0
134 1431 315737.0
135 1399 310765.0
136 1427 305674.0
137 1422 300874.0
138 1422 295841.0
139 1364 290835.0
140 1324 285986.0
141 1293 281077.0
142 1363 276081.0
143 1416 271080.0
144 1450 266121.0
145 1407 261210.0
146 1376 256326.0
147 1322 251694.0
148 1292 246913.0
149 1339 242490.0
150 1304 237707.0
151 1265 233082.0
152 1193 228281.0
153 1188 223708.0
154 1231 219049.0
155 1258 214409.0
156 1268 209795.0
157 1251 205225.0
158 1171 200697.0
159 1118 196236.0
160 1106 191898.0
161 1072 187594.0
162 1190 183238.0
163 1254 178843.0
164 1191 174645.0
165 1090 170485.0
166 1010 166233.0
167 971 162283.0
168 935 158279.0
169 933 154133.0
170 914 150363.0
171 919 146740.0
172 896 142858.0
173 877 139097.0
174 868 135444.0
175 892 131663.0
176 925 128065.0
177 874 124360.0
178 863 120844.0
179 853 117387.0
180 855 114076.0
181 848 110883.0
182 831 107778.0
183 816 104787.0
184 746 101697.0
185 690 98572.0
186 635 95635.0
187 617 92483.0
188 566 89675.0
189 527 87051.0
190 488 84084.0
191 512 81486.0
192 488 78966.0
193 487 76352.0
194 460 73801.0
195 424 71462.0
196 410 69074.0
197 388 66650.0
198 401 64541.0
199 379 62250.0
200 412 60108.0
201 417 58079.0
202 417 56129.0
203 417 54094.0
204 377 52282.0
205 361 50366.0
206 324 48573.0
207 307 46992.0
208 296 45222.0
209 287 43718.0
210 252 42226.0
211 216 40795.0
212 219 39441.0
213 197 38169.0
214 191 36834.0
215 179 35669.0
216 160 34316.0
217 167 33246.0
218 149 32112.0
219 123 30875.0
220 116 29664.0
221 106 28612.0
222 88 27536.0
223 79 26683.0
224 59 25755.0
225 47 24917.0
226 36 24164.0
227 34 23426.0
228 32 22660.0
229 38 21940.0
230 37 21118.0
231 39 20563.0
232 37 20059.0
233 30 19384.0
234 21 18739.0
235 15 18132.0
236 12 17641.0
237 15 17218.0
238 12 16726.0
239 19 16255.0
240 20 15818.0
241 18 15367.0
242 14 14844.0
243 17 14414.0
244 11 14084.0
245 7 13714.0
246 4 13355.0
247 2 13034.0
248 2 12776.0
249 1 12362.0
250 0 12196.0
251 0 11906.0
252 0 11592.0
253 0 11421.0
254 0 11192.0
255 0 11038.0
256 0 10789.0
257 0 10601.0
258 0 10445.0
259 0 10177.0
260 0 9981.0
261 0 9883.0
262 0 9691.0
263 0 9418.0
264 0 9340.0
265 0 9217.0
266 0 9052.0
267 0 8878.0
268 0 8755.0
269 0 8695.0
270 0 8714.0
271 0 8657.0
272 0 8433.0
273 0 8441.0
274 0 8355.0
275 0 8325.0
276 2 8212.0
277 1 8220.0
278 1 8075.0
279 1 8079.0
280 0 8079.0
281 0 14614.0
282 0 20505.0
283 0 26094.0
284 0 31592.0
285 0 37135.0
286 0 42318.0
287 0 47586.0
288 0 52592.0
289 0 57493.0
290 0 57493.0
291 0 57493.0
292 0 57493.0
293 0 57493.0
294 0 57493.0
295 0 57493.0
296 0 57493.0
297 0 57493.0
298 0 57493.0
299 0 57493.0
300 0 57493.0
301 0 57493.0
302 0 57493.0
303 0 57493.0
304 0 57493.0
305 0 57493.0
306 0 57493.0
307 0 57493.0
308 0 57493.0
309 0 57493.0
310 0 57493.0
311 0 57493.0
312 0 57493.0
313 0 57493.0
314 0 57493.0
315 0 57493.0
316 0 57493.0
317 0 57493.0
318 0 57493.0
319 0 57493.0
320 0 57493.0
321 0 57493.0
322 0 57493.0
323 0 57493.0
324 0 57493.0
325 0 57493.0
326 0 57493.0
327 0 57493.0
328 0 57493.0
329 0 57493.0
330 0 57493.0
331 0 57493.0
332 0 57493.0
333 0 57493.0
334 0 57493.0
335 0 57493.0
336 0 57493.0
337 0 57493.0
338 0 57493.0
339 0 57493.0
340 0 57493.0
341 0 57493.0
342 0 57493.0
343 0 57493.0
344 0 57493.0
345 0 57493.0
346 0 57493.0
347 0 57493.0
348 0 57493.0
349 0 57493.0
350 0 57493.0
351 0 57493.0
352 0 57493.0
353 0 57493.0
354 0 57493.0
355 0 57493.0
356 0 57493.0
357 0 57493.0
358 0 57493.0
359 0 57493.0
360 0 57493.0
361 0 57493.0
362 0 57493.0
363 0 57493.0
364 0 57493.0
365 0 57493.0
366 0 57493.0
367 0 57493.0
368 0 57493.0
369 0 57493.0
370 0 57493.0
371 0 57493.0
372 0 57493.0
373 0 57493.0
374 0 57493.0
375 0 57493.0
376 0 57493.0
377 0 57493.0
378 0 57493.0
379 0 57493.0
380 0 57493.0
381 0 57493.0
382 0 57493.0
383 0 57493.0
384 0 57493.0
385 0 57493.0
386 0 57493.0
387 0 57493.0
388 0 57493.0
389 0 57493.0
390 0 57493.0
391 0 57493.0
392 0 57493.0
393 0 57493.0
394 0 57493.0
395 0 57493.0
396 0 57493.0
397 0 57493.0
398 0 57493.0
399 0 57493.0
400 0 57493.0
401 0 57493.0
402 0 57493.0
403 0 57493.0
404 0 57493.0
405 0 57493.0
406 0 57493.0
407 0 57493.0
408 0 57493.0
409 0 57493.0
410 0 57493.0
411 0 57493.0
412 0 57493.0
413 0 57493.0
414 0 57493.0
415 0 57493.0
416 0 57493.0
417 0 57493.0
418 0 57493.0
419 0 57493.0
420 0 57493.0
421 0 57493.0
422 0 57493.0
423 0 57493.0
424 0 57493.0
425 0 57493.0
426 0 57493.0
427 0 57493.0
428 0 57493.0
429 0 57493.0
430 0 57493.0
431 0 57493.0
432 0 57493.0
433 0 57493.0
434 0 57493.0
435 0 57493.0
436 0 57493.0
437 0 57493.0
438 0 57493.0
439 0 57493.0
440 0 57493.0
441 0 57493.0
442 0 57493.0
443 0 57493.0
444 0 57493.0
445 0 57493.0
446 0 57493.0
447 0 57493.0
448 0 57493.0
449 0 57493.0
450 0 57493.0
451 0 57493.0
452 0 57493.0
453 0 57493.0
454 0 57493.0
455 0 57493.0
456 0 57493.0
457 0 57493.0
458 0 57493.0
459 0 57493.0
460 0 57493.0
461 0 52859.0
462 0 48837.0
463 0 44761.0
464 0 41293.0
465 0 38012.0
466 0 34883.0
467 0 31905.0
468 0 29497.0
469 0 27330.0
470 0 25344.0
471 0 23255.0
472 0 21578.0
473 0 19979.0
474 0 18729.0
475 0 17446.0
476 0 16298.0
477 0 15264.0
478 0 14208.0
479 0 13336.0
480 0 12573.0
481 0 11981.0
482 0 11331.0
483 0 11015.0
484 0 10574.0
485 0 10166.0
486 0 9934.0
487 0 9646.0
488 0 9277.0
489 0 9050.0
490 0 8856.0
491 0 8708.0
492 0 8500.0
493 0 8409.0
494 0 8373.0
495 0 8324.0
496 0 8204.0
497 0 8131.0
498 0 8087.0
499 0 7844.0
500 0 7807.0
501 0 7626.0
502 0 7693.0
503 0 7586.0
504 0 7547.0
505 0 7507.0
506 0 7440.0
507 0 7356.0
508 0 7257.0
509 0 7345.0
510 0 7336.0
511 0 7417.0
512 0 7482.0
513 0 7304.0
514 0 7202.0
515 0 7233.0
516 0 7271.0
517 0 7306.0
518 0 7122.0
519 0 7058.0
520 0 7071.0
521 0 7076.0
522 0 7166.0
523 0 7300.0
524 0 7185.0
525 0 7178.0
526 0 7164.0
527 0 7267.0
528 0 7210.0
529 0 7327.0
530 0 7219.0
531 0 7223.0
532 0 7146.0
533 0 7135.0
534 0 7184.0
535 0 7095.0
536 0 7071.0
537 0 7047.0
538 0 7159.0
539 0 7170.0
540 0 7092.0
541 0 7063.0
542 0 7012.0
543 0 7038.0
544 0 7045.0
545 0 7077.0
546 0 6937.0
547 0 6911.0
548 0 6930.0
549 0 7016.0
550 0 7017.0
551 0 7064.0
552 0 7131.0
553 0 7103.0
554 0 7102.0
555 0 7206.0
556 0 7221.0
557 0 7180.0
558 0 7165.0
559 0 7057.0
560 0 7137.0
561 0 7168.0
562 0 7178.0
563 0 7113.0
564 0 6997.0
565 0 6985.0
566 0 6972.0
567 0 7052.0
568 0 7078.0
569 0 6981.0
570 0 7000.0
571 0 7014.0
572 0 6996.0
573 0 7078.0
574 0 6989.0
575 0 7131.0
576 0 7074.0
577 0 6948.0
578 0 6898.0
579 0 6821.0
580 0 6894.0
581 0 6909.0
582 0 7000.0
583 0 7053.0
584 0 7165.0
585 0 7207.0
586 0 7117.0
587 0 7068.0
588 0 7057.0
589 0 7066.0
590 0 7001.0
591 0 7069.0
592 0 7108.0
593 0 7069.0
594 0 7035.0
595 0 7016.0
596 0 7033.0
597 0 6978.0
598 0 6977.0
599 0 6923.0
600 0 6954.0
601 0 7240.0
602 0 7133.0
603 0 7021.0
604 0 7037.0
605 0 7177.0
606 0 7146.0
607 0 7238.0
608 0 7200.0
609 0 7217.0
610 0 7290.0
611 0 7231.0
612 0 7151.0
613 0 7157.0
614 0 7177.0
615 0 7066.0
616 0 7096.0
617 0 7181.0
618 0 7164.0
619 0 7064.0
620 0 7144.0
621 0 7039.0
622 0 6943.0
623 0 6928.0
624 0 6975.0
625 0 7096.0
626 0 7204.0
627 0 6981.0
628 0 7003.0
629 0 7045.0
630 0 7141.0
631 0 6981.0
632 0 7078.0
633 0 7183.0
634 0 7098.0
635 0 7194.0
636 0 7182.0
637 0 7173.0
638 0 7172.0
639 0 7141.0
640 0 7077.0
641 0 7056.0
642 0 7056.0
643 0 7081.0
644 0 7087.0
645 0 6981.0
646 0 7087.0
647 0 7249.0
648 0 7169.0
649 0 7250.0
650 0 7212.0
651 0 7218.0
652 0 7158.0
653 0 7087.0
654 0 7056.0
655 0 7210.0
656 0 7346.0
657 0 7306.0
658 0 7336.0
659 0 7196.0
660 0 7393.0
661 0 7363.0
662 0 7157.0
663 0 7086.0
664 0 7053.0
665 0 7081.0
666 0 7038.0
667 0 7114.0
668 0 7075.0
669 0 7047.0
670 0 7173.0
671 0 7129.0
672 0 7108.0
673 0 6914.0
674 0 6897.0
675 0 6824.0
676 0 6821.0
677 0 6828.0
678 0 6893.0
679 0 7098.0
680 0 6991.0
681 0 7092.0
682 0 7096.0
683 0 7106.0
684 0 7116.0
685 0 7109.0
686 0 7105.0
687 0 7129.0
688 0 7117.0
689 0 7007.0
690 0 7174.0
691 0 7120.0
692 0 7196.0
693 0 7156.0
694 0 7037.0
695 0 7037.0
696 0 7127.0
697 0 7204.0
698 0 7204.0
699 0 7233.0
700 0 7330.0
701 0 7209.0
702 0 7159.0
703 0 7038.0
704 0 7106.0
705 0 7067.0
706 0 6954.0
707 0 7063.0
708 0 7138.0
709 0 7055.0
710 0 7041.0
711 0 7183.0
712 0 7224.0
713 0 7096.0
714 0 7144.0
715 0 7208.0
716 0 7135.0
717 0 6928.0
718 0 7101.0
719 0 7061.0
720 0 7092.0
721 0 7109.0
722 0 7033.0
723 0 7036.0
724 0 7213.0
725 0 7071.0
726 0 7102.0
727 0 7039.0
728 0 7140.0
729 0 7136.0
730 0 7165.0
731 0 7271.0
732 0 7255.0
733 0 7245.0
734 0 7145.0
735 0 7056.0
736 0 7094.0
737 0 6943.0
738 0 6947.0
739 0 6990.0
740 0 6922.0
741 0 6973.0
742 0 7042.0
743 0 7057.0
744 0 7149.0
745 0 7069.0
746 0 7201.0
747 0 7113.0
748 0 7204.0
749 0 7203.0
750 0 7171.0
751 0 7177.0
752 0 7105.0
753 0 7170.0
754 0 7063.0
755 0 7038.0
756 0 7125.0
757 0 7104.0
758 0 7089.0
759 0 7118.0
760 0 7044.0
761 0 7093.0
762 0 7054.0
763 0 7104.0
764 0 7147.0
765 0 7120.0
766 0 6997.0
767 0 6935.0
768 0 6978.0
769 0 6989.0
770 0 7073.0
771 0 7091.0
772 0 7149.0
773 0 7120.0
774 0 7114.0
775 0 7104.0
776 0 7003.0
777 0 7111.0
778 0 7116.0
779 0 7066.0
780 0 7073.0
781 0 7171.0
782 0 7207.0
783 0 7249.0
784 0 7146.0
785 0 7124.0
786 0 7113.0
787 0 7163.0
788 0 7183.0
789 0 7249.0
790 0 7189.0
791 0 7187.0
792 0 7256.0
793 0 7078.0
794 0 7117.0
795 0 7114.0
796 0 7111.0
797 0 7045.0
798 0 7026.0
799 0 7068.0
800 0 7155.0
801 0 7191.0
802 0 7172.0
803 0 7063.0
804 0 7015.0
805 0 7024.0
806 0 7035.0
807 0 7108.0
808 0 7101.0
809 0 7018.0
810 0 7048.0
811 0 7144.0
812 0 7191.0
813 0 7200.0
814 0 7218.0
815 0 7160.0
816 0 7132.0
817 0 7245.0
818 0 7323.0
819 0 7319.0
820 0 7175.0
821 0 7073.0
822 0 6940.0
823 0 6877.0
824 0 6910.0
825 0 6988.0
826 0 7059.0
827 0 6972.0
828 0 6929.0
829 0 6928.0
830 0 7003.0
831 0 6985.0
832 0 6913.0
833 0 6880.0
834 0 6716.0
835 0 6778.0
836 0 6741.0
837 0 6766.0
838 0 6826.0
839 0 6885.0
840 0 6912.0
841 0 6883.0
842 0 7052.0
843 0 7029.0
844 0 7316.0
845 0 7268.0
846 0 7132.0
847 0 7143.0
848 0 7098.0
849 0 7107.0
850 0 7075.0
851 0 7036.0
852 0 7098.0
853 0 6990.0
854 0 6905.0
855 0 6850.0
856 0 6844.0
857 0 6923.0
858 0 7015.0
859 0 7038.0
860 0 6995.0
861 0 6944.0
862 0 7008.0
863 0 7078.0
864 0 7065.0
865 0 7206.0
866 0 7174.0
867 0 7059.0
868 0 7139.0
869 0 7009.0
870 0 6908.0
871 0 6888.0
872 0 7138.0
873 0 7211.0
874 0 7026.0
875 0 7014.0
876 0 7042.0
877 0 7125.0
878 0 7067.0
879 0 7105.0
880 0 7140.0
881 0 7107.0
882 0 7009.0
883 0 7048.0
884 0 7169.0
885 0 6984.0
886 0 7177.0
887 0 7108.0
888 0 7285.0
889 0 7278.0
890 0 7194.0
891 0 7095.0
892 0 7197.0
893 0 7087.0
894 0 7048.0
895 0 6982.0
896 0 6850.0
897 0 6926.0
898 0 7012.0
899 0 7060.0
900 0 7055.0
901 0 7009.0
902 0 7034.0
903 0 7124.0
904 0 7197.0
905 0 7044.0
906 0 7025.0
907 0 6983.0
908 0 7005.0
909 0 6903.0
910 0 6906.0
911 0 6888.0
912 0 6993.0
913 0 6968.0
914 0 7042.0
915 0 7040.0
916 0 7018.0
917 0 7107.0
918 0 7150.0
919 0 7166.0
920 0 7242.0
921 0 7104.0
922 0 7201.0
923 0 7213.0
924 0 7108.0
925 0 7122.0
926 0 7097.0
927 0 7178.0
928 0 7231.0
929 0 7207.0
930 0 7211.0
931 0 7364.0
932 0 7191.0
933 0 7168.0
934 0 7193.0
935 0 7230.0
936 0 7110.0
937 0 7189.0
938 0 7274.0
939 0 7291.0
940 0 7220.0
941 0 7247.0
942 0 7136.0
943 0 7058.0
944 0 6968.0
945 0 7133.0
946 0 6996.0
947 0 7060.0
948 0 7164.0
949 0 7144.0
950 0 7067.0
951 0 7106.0
952 0 7139.0
953 0 7017.0
954 0 7071.0
955 0 7100.0
956 0 7158.0
957 0 7055.0
958 0 6991.0
959 0 7140.0
960 0 7021.0
961 0 7081.0
962 0 6953.0
963 0 7014.0
964 0 7035.0
965 0 7077.0
966 0 7049.0
967 0 7080.0
968 0 7054.0
969 0 6931.0
970 0 7046.0
971 0 7071.0
972 0 7084.0
973 0 7018.0
974 0 7053.0
975 0 7196.0
976 0 7060.0
977 0 6961.0
978 0 6959.0
979 0 7071.0
980 0 7033.0
981 0 6963.0
982 0 6991.0
983 0 7070.0
984 0 7005.0
985 0 6975.0
986 0 7124.0
987 0 7172.0
988 0 7076.0
989 0 6972.0
990 0 7118.0
991 0 7031.0
992 0 6939.0
993 0 7087.0
994 0 7190.0
995 0 7083.0
996 0 7116.0
997 0 6986.0
998 0 6987.0
999 0 6957.0
1000 0 7027.0
