1 1 15138.0
2 2 20698.0
3 2 26194.0
4 4 31427.0
5 3 36621.0
6 2 41944.0
7 2 47129.0
8 4 52105.0
9 4 57465.0
10 8 62654.0
11 6 67706.0
12 8 72824.0
13 12 77897.0
14 15 83121.0
15 12 88178.0
16 10 93044.0
17 14 98076.0
18 13 103106.0
19 19 108017.0
20 20 112772.0
21 26 117975.0
22 31 122959.0
23 34 127929.0
24 35 132929.0
25 36 137939.0
26 38 142843.0
27 46 147894.0
28 43 152783.0
29 58 157830.0
30 56 162845.0
31 62 167781.0
32 72 172836.0
33 85 177829.0
34 94 182728.0
35 116 187698.0
36 147 192523.0
37 182 197558.0
38 193 202433.0
39 184 207192.0
40 160 212104.0
41 195 216948.0
42 223 221910.0
43 253 226959.0
44 258 231932.0
45 243 236808.0
46 255 241835.0
47 268 246680.0
48 284 251397.0
49 307 256555.0
50 330 261437.0
51 345 266498.0
52 353 271365.0
53 370 276258.0
54 424 281203.0
55 462 286157.0
56 487 290986.0
57 552 295710.0
58 567 300417.0
59 636 305363.0
60 655 310464.0
61 665 315332.0
62 697 320114.0
63 701 324834.0
64 760 329395.0
65 768 334224.0
66 749 338884.0
67 723 343778.0
68 724 348573.0
69 812 353378.0
70 848 358266.0
71 883 362938.0
72 905 367716.0
73 918 372550.0
74 986 377273.0
75 990 381919.0
76 1019 386604.0
77 1073 391311.0
78 1124 395832.0
79 1195 400368.0
80 1168 404888.0
81 1200 409338.0
82 1285 414009.0
83 1293 418735.0
84 1313 423267.0
85 1375 427884.0
86 1402 432507.0
87 1442 437200.0
88 1432 442001.0
89 1413 446507.0
90 1468 451090.0
91 1555 455555.0
92 1607 460056.0
93 1664 464731.0
94 1711 469066.0
95 1678 473465.0
96 1722 477969.0
97 1803 482384.0
98 1896 486890.0
99 1850 491294.0
100 1969 490731.0
101 1932 485491.0
102 1874 480389.0
103 1788 475088.0
104 1652 469967.0
105 1524 464774.0
106 1576 459588.0
107 1539 454382.0
108 1580 449110.0
109 1749 443784.0
110 1754 438840.0
111 1633 433605.0
112 1609 428419.0
113 1568 423247.0
114 1528 418064.0
115 1520 412907.0
116 1538 407660.0
117 1499 402300.0
118 1508 397261.0
119 1516 391786.0
120 1619 386831.0
121 1679 381499.0
122 1587 376508.0
123 1510 371393.0
124 1572 366120.0
125 1533 360822.0
126 1571 355724.0
127 1501 350755.0
128 1476 345538.0
129 1431 340519.0
130 1501 335253.0
131 1526 330172.0
132 1447 325122.0
133 1394 320155.0
134 1424 315189.0
135 1478 310213.0
136 1444 305357.0
137 1429 300335.0
138 1392 295252.0
139 1442 290201.0
140 1447 285338.0
141 1378 280358.0
142 1333 275307.0
143 1374 270512.0
144 1342 265495.0
145 1307 260730.0
146 1317 256041.0
147 1374 251156.0
148 1416 246413.0
149 1461 241963.0
150 1313 237243.0
151 1298 232468.0
152 1217 227828.0
153 1145 223205.0
154 1149 218562.0
155 1141 214052.0
156 1119 209490.0
157 1121 204789.0
158 1126 200162.0
159 1148 195687.0
160 1136 191321.0
161 1094 186738.0
162 1065 182397.0
163 1088 178223.0
164 1022 173988.0
165 970 169992.0
166 929 165900.0
167 899 161937.0
168 898 157884.0
169 881 154035.0
170 829 150031.0
171 892 146122.0
172 924 142435.0
173 874 138603.0
174 848 134929.0
175 848 131416.0
176 788 127744.0
177 742 124250.0
178 747 120667.0
179 752 117280.0
180 750 113805.0
181 790 110347.0
182 809 107000.0
183 801 103768.0
184 797 100554.0
185 771 97542.0
186 749 94607.0
187 666 91806.0
188 590 89093.0
189 592 86258.0
190 584 83497.0
191 612 80852.0
192 608 78199.0
193 611 75535.0
194 576 73065.0
195 501 70665.0
196 453 68361.0
197 442 66014.0
198 453 63549.0
199 462 61456.0
200 408 59534.0
201 374 57513.0
202 351 55520.0
203 351 53618.0
204 351 51696.0
205 320 49973.0
206 307 48280.0
207 254 46355.0
208 247 44809.0
209 245 43237.0
210 250 41920.0
211 235 40491.0
212 200 39092.0
213 171 37694.0
214 154 36222.0
215 147 35019.0
216 167 33837.0
217 161 32611.0
218 132 31508.0
219 114 30360.0
220 102 29421.0
221 94 28436.0
222 82 27319.0
223 66 26604.0
224 55 25682.0
225 50 24807.0
226 44 23931.0
227 45 23197.0
228 36 22245.0
229 28 21675.0
230 22 21024.0
231 16 20277.0
232 13 19700.0
233 9 19000.0
234 13 18430.0
235 10 17820.0
236 11 17183.0
237 14 16779.0
238 17 16366.0
239 16 15950.0
240 12 15414.0
241 7 14941.0
242 5 14408.0
243 6 14032.0
244 4 13648.0
245 2 13373.0
246 1 13009.0
247 0 12792.0
248 0 12418.0
249 0 12052.0
250 0 11836.0
251 0 11621.0
252 0 11464.0
253 0 11159.0
254 0 10920.0
255 0 10659.0
256 0 10385.0
257 0 10190.0
258 0 10027.0
259 0 10002.0
260 0 9886.0
261 0 9632.0
262 0 9533.0
263 0 9362.0
264 0 9319.0
265 0 9104.0
266 0 8979.0
267 0 8673.0
268 0 8649.0
269 0 8443.0
270 0 8299.0
271 0 8179.0
272 0 8141.0
273 0 7927.0
274 0 8040.0
275 0 7919.0
276 2 7843.0
277 1 7732.0
278 0 7813.0
279 0 7809.0
280 0 7809.0
281 0 14403.0
282 0 20190.0
283 0 25616.0
284 0 31061.0
285 0 36314.0
286 0 41424.0
287 0 46643.0
288 0 51774.0
289 0 56857.0
290 0 56857.0
291 0 56857.0
292 0 56857.0
293 0 56857.0
294 0 56857.0
295 0 56857.0
296 0 56857.0
297 0 56857.0
298 0 56857.0
299 0 56857.0
300 0 56857.0
301 0 56857.0
302 0 56857.0
303 0 56857.0
304 0 56857.0
305 0 56857.0
306 0 56857.0
307 0 56857.0
308 0 56857.0
309 0 56857.0
310 0 56857.0
311 0 56857.0
312 0 56857.0
313 0 56857.0
314 0 56857.0
315 0 56857.0
316 0 56857.0
317 0 56857.0
318 0 56857.0
319 0 56857.0
320 0 56857.0
321 0 56857.0
322 0 56857.0
323 0 56857.0
324 0 56857.0
325 0 56857.0
326 0 56857.0
327 0 56857.0
328 0 56857.0
329 0 56857.0
330 0 56857.0
331 0 56857.0
332 0 56857.0
333 0 56857.0
334 0 56857.0
335 0 56857.0
336 0 56857.0
337 0 56857.0
338 0 56857.0
339 0 56857.0
340 0 56857.0
341 0 56857.0
342 0 56857.0
343 0 56857.0
344 0 56857.0
345 0 56857.0
346 0 56857.0
347 0 56857.0
348 0 56857.0
349 0 56857.0
350 0 56857.0
351 0 56857.0
352 0 56857.0
353 0 56857.0
354 0 56857.0
355 0 56857.0
356 0 56857.0
357 0 56857.0
358 0 56857.0
359 0 56857.0
360 0 56857.0
361 0 56857.0
362 0 56857.0
363 0 56857.0
364 0 56857.0
365 0 56857.0
366 0 56857.0
367 0 56857.0
368 0 56857.0
369 0 56857.0
370 0 56857.0
371 0 56857.0
372 0 56857.0
373 0 56857.0
374 0 56857.0
375 0 56857.0
376 0 56857.0
377 0 56857.0
378 0 56857.0
379 0 56857.0
380 0 56857.0
381 0 56857.0
382 0 56857.0
383 0 56857.0
384 0 56857.0
385 0 56857.0
386 0 56857.0
387 0 56857.0
388 0 56857.0
389 0 56857.0
390 0 56857.0
391 0 56857.0
392 0 56857.0
393 0 56857.0
394 0 56857.0
395 0 56857.0
396 0 56857.0
397 0 56857.0
398 0 56857.0
399 0 56857.0
400 0 56857.0
401 0 56857.0
402 0 56857.0
403 0 56857.0
404 0 56857.0
405 0 56857.0
406 0 56857.0
407 0 56857.0
408 0 56857.0
409 0 56857.0
410 0 56857.0
411 0 56857.0
412 0 56857.0
413 0 56857.0
414 0 56857.0
415 0 56857.0
416 0 56857.0
417 0 56857.0
418 0 56857.0
419 0 56857.0
420 0 56857.0
421 0 56857.0
422 0 56857.0
423 0 56857.0
424 0 56857.0
425 0 56857.0
426 0 56857.0
427 0 56857.0
428 0 56857.0
429 0 56857.0
430 0 56857.0
431 0 56857.0
432 0 56857.0
433 0 56857.0
434 0 56857.0
435 0 56857.0
436 0 56857.0
437 0 56857.0
438 0 56857.0
439 0 56857.0
440 0 56857.0
441 0 56857.0
442 0 56857.0
443 0 56857.0
444 0 56857.0
445 0 56857.0
446 0 56857.0
447 0 56857.0
448 0 56857.0
449 0 56857.0
450 0 56857.0
451 0 56857.0
452 0 56857.0
453 0 56857.0
454 0 56857.0
455 0 56857.0
456 0 56857.0
457 0 56857.0
458 0 56857.0
459 0 56857.0
460 0 56857.0
461 0 52404.0
462 0 48042.0
463 0 44090.0
464 0 40406.0
465 0 37039.0
466 0 33841.0
467 0 31267.0
468 0 28816.0
469 0 26508.0
470 0 24516.0
471 0 22731.0
472 0 20851.0
473 0 19227.0
474 0 17785.0
475 0 16654.0
476 0 15589.0
477 0 14750.0
478 0 13895.0
479 0 13214.0
480 0 12535.0
481 0 11820.0
482 0 11326.0
483 0 10861.0
484 0 10437.0
485 0 10064.0
486 0 9754.0
487 0 9476.0
488 0 9240.0
489 0 8886.0
490 0 8798.0
491 0 8700.0
492 0 8446.0
493 0 8355.0
494 0 8177.0
495 0 8054.0
496 0 7977.0
497 0 7866.0
498 0 7673.0
499 0 7550.0
500 0 7495.0
501 0 7499.0
502 0 7445.0
503 0 7458.0
504 0 7572.0
505 0 7587.0
506 0 7438.0
507 0 7442.0
508 0 7461.0
509 0 7520.0
510 0 7509.0
511 0 7334.0
512 0 7221.0
513 0 7234.0
514 0 7354.0
515 0 7250.0
516 0 7185.0
517 0 7101.0
518 0 7225.0
519 0 7135.0
520 0 7207.0
521 0 7294.0
522 0 7253.0
523 0 7121.0
524 0 6999.0
525 0 7145.0
526 0 7165.0
527 0 7198.0
528 0 7133.0
529 0 7079.0
530 0 7121.0
531 0 7182.0
532 0 7201.0
533 0 7217.0
534 0 7295.0
535 0 7088.0
536 0 7189.0
537 0 7131.0
538 0 7035.0
539 0 7086.0
540 0 7086.0
541 0 7097.0
542 0 7122.0
543 0 6998.0
544 0 7030.0
545 0 7000.0
546 0 7041.0
547 0 6969.0
548 0 6930.0
549 0 7033.0
550 0 7108.0
551 0 7079.0
552 0 7027.0
553 0 7052.0
554 0 7173.0
555 0 7119.0
556 0 7198.0
557 0 7139.0
558 0 7179.0
559 0 7093.0
560 0 7183.0
561 0 7215.0
562 0 7368.0
563 0 7315.0
564 0 7232.0
565 0 7173.0
566 0 7323.0
567 0 7253.0
568 0 7072.0
569 0 7006.0
570 0 7022.0
571 0 7059.0
572 0 6992.0
573 0 6987.0
574 0 6994.0
575 0 6937.0
576 0 6854.0
577 0 6837.0
578 0 6939.0
579 0 6907.0
580 0 6913.0
581 0 6900.0
582 0 6988.0
583 0 6923.0
584 0 6940.0
585 0 6993.0
586 0 6892.0
587 0 6900.0
588 0 6936.0
589 0 7052.0
590 0 6994.0
591 0 6918.0
592 0 6861.0
593 0 6980.0
594 0 7035.0
595 0 7036.0
596 0 7025.0
597 0 6977.0
598 0 6905.0
599 0 6981.0
600 0 6936.0
601 0 7023.0
602 0 6957.0
603 0 7058.0
604 0 7045.0
605 0 7174.0
606 0 7183.0
607 0 7234.0
608 0 7268.0
609 0 7205.0
610 0 7096.0
611 0 7069.0
612 0 7058.0
613 0 7085.0
614 0 7101.0
615 0 7175.0
616 0 7128.0
617 0 7120.0
618 0 6964.0
619 0 6969.0
620 0 7103.0
621 0 7102.0
622 0 7061.0
623 0 7003.0
624 0 7024.0
625 0 7153.0
626 0 7188.0
627 0 7060.0
628 0 7149.0
629 0 7206.0
630 0 7057.0
631 0 6944.0
632 0 6953.0
633 0 6955.0
634 0 6979.0
635 0 7050.0
636 0 7094.0
637 0 7053.0
638 0 7037.0
639 0 7007.0
640 0 7080.0
641 0 7172.0
642 0 7148.0
643 0 7185.0
644 0 7228.0
645 0 7105.0
646 0 7161.0
647 0 7101.0
648 0 7025.0
649 0 6919.0
650 0 7070.0
651 0 7113.0
652 0 7090.0
653 0 7049.0
654 0 6979.0
655 0 6943.0
656 0 6874.0
657 0 7008.0
658 0 7056.0
659 0 7070.0
660 0 6969.0
661 0 6988.0
662 0 7120.0
663 0 7094.0
664 0 7173.0
665 0 6859.0
666 0 6964.0
667 0 7007.0
668 0 7032.0
669 0 7081.0
670 0 7114.0
671 0 7101.0
672 0 7008.0
673 0 7069.0
674 0 7046.0
675 0 7034.0
676 0 7056.0
677 0 7001.0
678 0 7080.0
679 0 7099.0
680 0 7125.0
681 0 7155.0
682 0 7096.0
683 0 7058.0
684 0 7029.0
685 0 6989.0
686 0 6999.0
687 0 6966.0
688 0 6977.0
689 0 6951.0
690 0 6949.0
691 0 6952.0
692 0 6958.0
693 0 7002.0
694 0 7009.0
695 0 7018.0
696 0 7138.0
697 0 7126.0
698 0 7068.0
699 0 7208.0
700 0 7249.0
701 0 7182.0
702 0 7120.0
703 0 7192.0
704 0 7185.0
705 0 7158.0
706 0 7257.0
707 0 7390.0
708 0 7395.0
709 0 7254.0
710 0 7324.0
711 0 7213.0
712 0 7169.0
713 0 7153.0
714 0 7175.0
715 0 7171.0
716 0 7243.0
717 0 7264.0
718 0 7150.0
719 0 7213.0
720 0 7164.0
721 0 7059.0
722 0 6991.0
723 0 6993.0
724 0 6970.0
725 0 7031.0
726 0 6957.0
727 0 6928.0
728 0 6900.0
729 0 6989.0
730 0 7017.0
731 0 7038.0
732 0 6898.0
733 0 6994.0
734 0 6952.0
735 0 6935.0
736 0 6896.0
737 0 7060.0
738 0 7036.0
739 0 7074.0
740 0 7060.0
741 0 7175.0
742 0 7161.0
743 0 7217.0
744 0 7292.0
745 0 7290.0
746 0 7264.0
747 0 7204.0
748 0 7208.0
749 0 7109.0
750 0 7039.0
751 0 6990.0
752 0 7108.0
753 0 7106.0
754 0 7091.0
755 0 7064.0
756 0 7097.0
757 0 7169.0
758 0 7256.0
759 0 7139.0
760 0 7060.0
761 0 6982.0
762 0 7078.0
763 0 7145.0
764 0 6988.0
765 0 7107.0
766 0 7093.0
767 0 7021.0
768 0 7115.0
769 0 7136.0
770 0 7008.0
771 0 6943.0
772 0 6943.0
773 0 6947.0
774 0 6921.0
775 0 6957.0
776 0 6917.0
777 0 7033.0
778 0 6989.0
779 0 6994.0
780 0 6967.0
781 0 7087.0
782 0 6965.0
783 0 6970.0
784 0 6950.0
785 0 7073.0
786 0 7029.0
787 0 7115.0
788 0 7028.0
789 0 7013.0
790 0 7026.0
791 0 7105.0
792 0 7051.0
793 0 7041.0
794 0 7117.0
795 0 7123.0
796 0 7096.0
797 0 7035.0
798 0 7035.0
799 0 6999.0
800 0 7078.0
801 0 7202.0
802 0 7113.0
803 0 7148.0
804 0 7124.0
805 0 7157.0
806 0 7080.0
807 0 7099.0
808 0 7028.0
809 0 6980.0
810 0 6980.0
811 0 7015.0
812 0 6988.0
813 0 7066.0
814 0 7101.0
815 0 7041.0
816 0 7089.0
817 0 7014.0
818 0 7084.0
819 0 7006.0
820 0 7173.0
821 0 7180.0
822 0 7263.0
823 0 7293.0
824 0 7255.0
825 0 7219.0
826 0 7092.0
827 0 7015.0
828 0 7080.0
829 0 7142.0
830 0 7123.0
831 0 7112.0
832 0 7080.0
833 0 7041.0
834 0 7167.0
835 0 7109.0
836 0 7006.0
837 0 7068.0
838 0 7038.0
839 0 6952.0
840 0 6999.0
841 0 6983.0
842 0 6987.0
843 0 6939.0
844 0 6999.0
845 0 6961.0
846 0 6827.0
847 0 6983.0
848 0 7066.0
849 0 6954.0
850 0 7029.0
851 0 7004.0
852 0 6992.0
853 0 7023.0
854 0 7131.0
855 0 7001.0
856 0 7001.0
857 0 7057.0
858 0 7037.0
859 0 6992.0
860 0 7055.0
861 0 7077.0
862 0 7000.0
863 0 6882.0
864 0 6963.0
865 0 7134.0
866 0 7040.0
867 0 6993.0
868 0 7048.0
869 0 7108.0
870 0 7046.0
871 0 6923.0
872 0 6858.0
873 0 6820.0
874 0 6878.0
875 0 6930.0
876 0 6899.0
877 0 6905.0
878 0 6957.0
879 0 6947.0
880 0 7071.0
881 0 7048.0
882 0 7132.0
883 0 7128.0
884 0 7040.0
885 0 7070.0
886 0 6996.0
887 0 6943.0
888 0 7115.0
889 0 7111.0
890 0 7225.0
891 0 7125.0
892 0 7139.0
893 0 7154.0
894 0 7138.0
895 0 7174.0
896 0 7193.0
897 0 7183.0
898 0 7105.0
899 0 7257.0
900 0 7204.0
901 0 7186.0
902 0 7206.0
903 0 7201.0
904 0 7222.0
905 0 7180.0
906 0 7273.0
907 0 7274.0
908 0 7185.0
909 0 7088.0
910 0 7142.0
911 0 7159.0
912 0 7080.0
913 0 7103.0
914 0 7209.0
915 0 7223.0
916 0 7184.0
917 0 7120.0
918 0 7257.0
919 0 7194.0
920 0 7213.0
921 0 7183.0
922 0 7162.0
923 0 7028.0
924 0 7195.0
925 0 7230.0
926 0 7149.0
927 0 7108.0
928 0 7094.0
929 0 7070.0
930 0 7056.0
931 0 7096.0
932 0 7164.0
933 0 7184.0
934 0 7149.0
935 0 7067.0
936 0 7025.0
937 0 6957.0
938 0 6995.0
939 0 7018.0
940 0 7084.0
941 0 7193.0
942 0 7105.0
943 0 7184.0
944 0 7187.0
945 0 7194.0
946 0 7273.0
947 0 7119.0
948 0 7105.0
949 0 7122.0
950 0 7048.0
951 0 7047.0
952 0 7082.0
953 0 7069.0
954 0 7041.0
955 0 7037.0
956 0 7157.0
957 0 7136.0
958 0 7195.0
959 0 7164.0
960 0 7077.0
961 0 7121.0
962 0 7114.0
963 0 7113.0
964 0 7236.0
965 0 7243.0
966 0 7224.0
967 0 7331.0
968 0 7228.0
969 0 7244.0
970 0 7267.0
971 0 7310.0
972 0 7245.0
973 0 7342.0
974 0 7216.0
975 0 7349.0
976 0 7368.0
977 0 7321.0
978 0 7278.0
979 0 7129.0
980 0 7168.0
981 0 7082.0
982 0 7155.0
983 0 7260.0
984 0 7280.0
985 0 7417.0
986 0 7296.0
987 0 7270.0
988 0 7221.0
989 0 7244.0
990 0 7266.0
991 0 7150.0
992 0 7080.0
993 0 6927.0
994 0 7018.0
995 0 7020.0
996 0 7026.0
997 0 7092.0
998 0 7021.0
999 0 7099.0
1000 0 7005.0
