1 1 15057.0
2 1 20509.0
3 1 26064.0
4 2 31599.0
5 2 36962.0
6 2 42302.0
7 2 47487.0
8 4 52531.0
9 3 57551.0
10 5 62693.0
11 4 67817.0
12 4 72766.0
13 5 78038.0
14 8 82923.0
15 10 88124.0
16 14 93060.0
17 13 97958.0
18 20 102869.0
19 19 108001.0
20 16 112992.0
21 24 117966.0
22 28 122969.0
23 37 127904.0
24 41 132812.0
25 64 137726.0
26 61 142861.0
27 58 147728.0
28 68 152607.0
29 85 157612.0
30 92 162576.0
31 113 167512.0
32 119 172535.0
33 146 177531.0
34 133 182573.0
35 142 187632.0
36 153 192733.0
37 189 197688.0
38 197 202466.0
39 227 207191.0
40 242 212388.0
41 249 217454.0
42 247 222477.0
43 251 227411.0
44 295 232310.0
45 296 237362.0
46 307 242369.0
47 334 247093.0
48 332 251903.0
49 364 256893.0
50 388 261858.0
51 427 266900.0
52 428 271870.0
53 416 276933.0
54 463 281786.0
55 488 286820.0
56 518 291405.0
57 452 296239.0
58 488 301067.0
59 534 305661.0
60 573 310598.0
61 582 315477.0
62 592 320316.0
63 644 325047.0
64 692 329916.0
65 725 334740.0
66 728 339252.0
67 724 343936.0
68 719 348541.0
69 809 353210.0
70 873 357764.0
71 922 362537.0
72 891 367372.0
73 945 372321.0
74 964 377258.0
75 998 381976.0
76 1070 386744.0
77 1118 391603.0
78 1161 396165.0
79 1206 400847.0
80 1203 405531.0
81 1131 410085.0
82 1119 414766.0
83 1153 419376.0
84 1243 423944.0
85 1388 428467.0
86 1390 433137.0
87 1374 437630.0
88 1330 442172.0
89 1453 446596.0
90 1519 451179.0
91 1536 455771.0
92 1664 460262.0
93 1707 464582.0
94 1669 469026.0
95 1779 473510.0
96 1882 478077.0
97 1917 482665.0
98 1914 487252.0
99 1951 491691.0
100 2034 490979.0
101 2100 485579.0
102 1912 480182.0
103 1819 474837.0
104 1796 469562.0
105 1791 464029.0
106 1794 458778.0
107 1730 453498.0
108 1679 448180.0
109 1657 443086.0
110 1630 437894.0
111 1644 432708.0
112 1674 427586.0
113 1792 422266.0
114 1655 416802.0
115 1586 411587.0
116 1526 406419.0
117 1525 401166.0
118 1559 396189.0
119 1605 391159.0
120 1621 385783.0
121 1555 380497.0
122 1452 375423.0
123 1397 370533.0
124 1415 365437.0
125 1452 360146.0
126 1483 354680.0
127 1459 349468.0
128 1416 344286.0
129 1431 338981.0
130 1451 333910.0
131 1519 328752.0
132 1528 323769.0
133 1478 318772.0
134 1406 313754.0
135 1327 308793.0
136 1394 303919.0
137 1401 298992.0
138 1431 294045.0
139 1430 289099.0
140 1395 283937.0
141 1346 279207.0
142 1336 274254.0
143 1347 269216.0
144 1322 264420.0
145 1299 259434.0
146 1325 254503.0
147 1338 249546.0
148 1363 244650.0
149 1324 240025.0
150 1259 235391.0
151 1214 230834.0
152 1208 226160.0
153 1198 221511.0
154 1148 216893.0
155 1203 212239.0
156 1188 207613.0
157 1238 203029.0
158 1337 198413.0
159 1251 193978.0
160 1119 189619.0
161 1058 185247.0
162 987 180727.0
163 1025 176345.0
164 980 172178.0
165 1009 168155.0
166 1056 163943.0
167 1019 159860.0
168 977 155782.0
169 949 151833.0
170 948 147947.0
171 982 144097.0
172 980 140237.0
173 922 136301.0
174 901 132643.0
175 856 128988.0
176 768 125682.0
177 753 121919.0
178 755 118394.0
179 712 114947.0
180 692 111522.0
181 662 108283.0
182 686 105009.0
183 647 101837.0
184 664 98665.0
185 657 95616.0
186 639 92358.0
187 616 89444.0
188 584 86581.0
189 544 83747.0
190 566 81048.0
191 554 78258.0
192 492 75665.0
193 477 73194.0
194 465 70834.0
195 472 68280.0
196 464 65899.0
197 433 63633.0
198 419 61397.0
199 388 59262.0
200 365 57364.0
201 342 55382.0
202 309 53456.0
203 289 51419.0
204 290 49810.0
205 275 48023.0
206 261 46339.0
207 237 44751.0
208 231 43230.0
209 234 41681.0
210 229 40208.0
211 241 38687.0
212 219 37414.0
213 221 36120.0
214 206 34801.0
215 187 33648.0
216 172 32361.0
217 183 31271.0
218 180 30336.0
219 187 29231.0
220 181 28292.0
221 162 27308.0
222 128 26463.0
223 108 25458.0
224 89 24679.0
225 78 23909.0
226 67 23133.0
227 58 22526.0
228 57 21884.0
229 64 20988.0
230 63 20354.0
231 52 19866.0
232 41 19200.0
233 33 18564.0
234 33 17973.0
235 31 17533.0
236 27 17137.0
237 21 16501.0
238 22 16014.0
239 21 15597.0
240 25 15177.0
241 21 14707.0
242 16 14385.0
243 16 14145.0
244 10 13773.0
245 8 13454.0
246 11 13154.0
247 8 12669.0
248 7 12382.0
249 6 12218.0
250 6 11896.0
251 5 11543.0
252 8 11321.0
253 7 11146.0
254 7 10958.0
255 6 10786.0
256 4 10592.0
257 3 10355.0
258 3 10133.0
259 2 9915.0
260 1 9725.0
261 2 9561.0
262 2 9346.0
263 4 9163.0
264 3 9089.0
265 2 8922.0
266 1 8943.0
267 0 8708.0
268 0 8734.0
269 0 8753.0
270 0 8628.0
271 0 8392.0
272 0 8279.0
273 0 8185.0
274 0 8148.0
275 0 8107.0
276 2 8021.0
277 2 7954.0
278 2 7954.0
279 1 7968.0
280 1 7967.0
281 2 14397.0
282 2 20243.0
283 4 25710.0
284 3 30953.0
285 3 36353.0
286 5 41739.0
287 5 47033.0
288 10 52029.0
289 8 57214.0
290 7 57213.0
291 8 57207.0
292 14 57205.0
293 13 57201.0
294 11 57198.0
295 10 57196.0
296 11 57190.0
297 15 57186.0
298 13 57184.0
299 10 57178.0
300 10 57177.0
301 9 57173.0
302 11 57169.0
303 16 57163.0
304 19 57158.0
305 16 57149.0
306 18 57146.0
307 20 57139.0
308 17 57133.0
309 13 57131.0
310 11 57126.0
311 15 57123.0
312 15 57115.0
313 22 57108.0
314 21 57106.0
315 17 57096.0
316 23 57094.0
317 19 57086.0
318 19 57083.0
319 14 57079.0
320 14 57074.0
321 17 57071.0
322 17 57062.0
323 21 57058.0
324 18 57050.0
325 14 57045.0
326 17 57042.0
327 18 57033.0
328 23 57025.0
329 27 57014.0
330 28 57010.0
331 21 57000.0
332 23 56996.0
333 22 56989.0
334 23 56982.0
335 25 56975.0
336 24 56967.0
337 23 56960.0
338 17 56958.0
339 12 56957.0
340 11 56954.0
341 9 56951.0
342 10 56948.0
343 9 56947.0
344 8 56944.0
345 7 56942.0
346 9 56940.0
347 9 56936.0
348 11 56932.0
349 12 56929.0
350 9 56926.0
351 8 56924.0
352 5 56923.0
353 3 56922.0
354 2 56922.0
355 3 56921.0
356 4 56919.0
357 6 56917.0
358 7 56914.0
359 6 56914.0
360 3 56913.0
361 3 56913.0
362 3 56910.0
363 3 56910.0
364 3 56907.0
365 6 56907.0
366 6 56901.0
367 12 56901.0
368 10 56896.0
369 8 56893.0
370 10 56890.0
371 12 56886.0
372 15 56878.0
373 19 56875.0
374 19 56865.0
375 20 56860.0
376 18 56852.0
377 21 56848.0
378 17 56840.0
379 21 56834.0
380 19 56825.0
381 21 56822.0
382 16 56812.0
383 26 56808.0
384 22 56798.0
385 19 56795.0
386 14 56791.0
387 14 56787.0
388 17 56779.0
389 23 56771.0
390 28 56764.0
391 22 56755.0
392 18 56750.0
393 15 56748.0
394 18 56740.0
395 23 56733.0
396 25 56722.0
397 21 56716.0
398 22 56710.0
399 21 56702.0
400 19 56695.0
401 27 56685.0
402 29 56679.0
403 23 56671.0
404 21 56665.0
405 27 56657.0
406 24 56647.0
407 24 56640.0
408 27 56630.0
409 32 56617.0
410 43 56603.0
411 46 56588.0
412 39 56580.0
413 31 56571.0
414 31 56564.0
415 32 56552.0
416 31 56541.0
417 31 56532.0
418 35 56518.0
419 38 56509.0
420 38 56495.0
421 44 56481.0
422 45 56469.0
423 42 56454.0
424 41 56441.0
425 42 56433.0
426 45 56412.0
427 53 56401.0
428 42 56391.0
429 38 56377.0
430 48 56366.0
431 45 56349.0
432 46 56334.0
433 46 56323.0
434 41 56313.0
435 39 56302.0
436 29 56295.0
437 26 56289.0
438 24 56281.0
439 28 56272.0
440 32 56259.0
441 42 56244.0
442 42 56231.0
443 34 56224.0
444 29 56214.0
445 31 56209.0
446 28 56193.0
447 36 56185.0
448 32 56172.0
449 35 56161.0
450 38 56149.0
451 41 56139.0
452 36 56124.0
453 40 56117.0
454 36 56106.0
455 36 56094.0
456 44 56083.0
457 44 56065.0
458 41 56056.0
459 34 56047.0
460 34 56033.0
461 37 51677.0
462 34 47509.0
463 33 43736.0
464 30 40008.0
465 31 36760.0
466 25 33717.0
467 27 30881.0
468 22 28466.0
469 26 26263.0
470 26 24196.0
471 27 22433.0
472 26 20766.0
473 23 19346.0
474 19 18077.0
475 21 16890.0
476 22 15757.0
477 16 14771.0
478 15 13896.0
479 12 13087.0
480 9 12584.0
481 12 12021.0
482 11 11541.0
483 10 11110.0
484 7 10658.0
485 6 10297.0
486 4 9935.0
487 4 9754.0
488 3 9510.0
489 5 9229.0
490 5 8986.0
491 4 8767.0
492 2 8673.0
493 1 8454.0
494 1 8251.0
495 2 8122.0
496 2 7980.0
497 4 7882.0
498 3 7731.0
499 1 7816.0
500 1 7670.0
501 1 7586.0
502 0 7634.0
503 0 7613.0
504 0 7590.0
505 0 7560.0
506 0 7518.0
507 0 7384.0
508 0 7338.0
509 0 7123.0
510 0 7198.0
511 0 7363.0
512 0 7302.0
513 0 7397.0
514 0 7300.0
515 0 7263.0
516 0 7236.0
517 0 7254.0
518 0 7218.0
519 0 7287.0
520 0 7336.0
521 0 7296.0
522 0 7225.0
523 0 7327.0
524 0 7284.0
525 0 7332.0
526 0 7384.0
527 0 7269.0
528 0 7370.0
529 0 7409.0
530 0 7400.0
531 0 7337.0
532 0 7434.0
533 0 7467.0
534 0 7406.0
535 0 7304.0
536 0 7307.0
537 0 7271.0
538 0 7084.0
539 0 7085.0
540 0 6996.0
541 0 6976.0
542 0 6947.0
543 0 6980.0
544 0 7041.0
545 0 7161.0
546 0 7140.0
547 0 6940.0
548 0 6833.0
549 0 6853.0
550 0 6870.0
551 0 6988.0
552 0 7055.0
553 0 7131.0
554 0 7051.0
555 0 7022.0
556 0 7062.0
557 0 6981.0
558 0 7041.0
559 0 7043.0
560 0 6987.0
561 0 7177.0
562 0 7212.0
563 0 7182.0
564 0 7196.0
565 0 7162.0
566 0 7250.0
567 0 7201.0
568 0 7291.0
569 0 7153.0
570 0 7093.0
571 0 7205.0
572 0 7157.0
573 0 7062.0
574 0 7119.0
575 0 7059.0
576 0 7038.0
577 0 6962.0
578 0 7057.0
579 0 7133.0
580 0 7108.0
581 0 7167.0
582 0 7004.0
583 0 7048.0
584 0 6957.0
585 0 6949.0
586 0 7040.0
587 0 7013.0
588 0 7080.0
589 0 7020.0
590 0 6905.0
591 0 6806.0
592 0 6838.0
593 0 6888.0
594 0 6963.0
595 0 7006.0
596 0 6990.0
597 0 6970.0
598 0 6977.0
599 0 6985.0
600 0 6918.0
601 0 6981.0
602 0 6963.0
603 0 6971.0
604 0 7004.0
605 0 6893.0
606 0 6904.0
607 0 6963.0
608 0 7006.0
609 0 7109.0
610 0 7136.0
611 0 7137.0
612 0 7048.0
613 0 7160.0
614 0 7194.0
615 0 7162.0
616 0 7149.0
617 0 7228.0
618 0 7179.0
619 0 7179.0
620 0 7010.0
621 0 7073.0
622 0 7019.0
623 0 6963.0
624 0 7106.0
625 0 7050.0
626 0 6965.0
627 0 6875.0
628 0 6963.0
629 0 6959.0
630 0 7021.0
631 0 7010.0
632 0 7054.0
633 0 7100.0
634 0 7135.0
635 0 7101.0
636 0 6962.0
637 0 7032.0
638 0 7001.0
639 0 7022.0
640 0 7103.0
641 0 7194.0
642 0 7083.0
643 0 7077.0
644 0 7065.0
645 0 7036.0
646 0 7050.0
647 0 7015.0
648 0 7063.0
649 0 6988.0
650 0 7001.0
651 0 7065.0
652 0 7074.0
653 0 7034.0
654 0 7108.0
655 0 7088.0
656 0 7163.0
657 0 7092.0
658 0 7037.0
659 0 7098.0
660 0 7107.0
661 0 7006.0
662 0 7050.0
663 0 7048.0
664 0 7091.0
665 0 7134.0
666 0 7199.0
667 0 7165.0
668 0 7057.0
669 0 7043.0
670 0 7122.0
671 0 7071.0
672 0 7095.0
673 0 7125.0
674 0 7072.0
675 0 7036.0
676 0 7036.0
677 0 7034.0
678 0 7008.0
679 0 6993.0
680 0 6958.0
681 0 7074.0
682 0 7103.0
683 0 7104.0
684 0 7097.0
685 0 7020.0
686 0 7056.0
687 0 7097.0
688 0 7103.0
689 0 7029.0
690 0 7104.0
691 0 7055.0
692 0 6989.0
693 0 7047.0
694 0 7025.0
695 0 7006.0
696 0 6895.0
697 0 7012.0
698 0 7063.0
699 0 6975.0
700 0 7081.0
701 0 7157.0
702 0 7177.0
703 0 7117.0
704 0 7139.0
705 0 7107.0
706 0 6989.0
707 0 6869.0
708 0 6947.0
709 0 6955.0
710 0 7024.0
711 0 6956.0
712 0 7054.0
713 0 6975.0
714 0 7091.0
715 0 7175.0
716 0 7147.0
717 0 7067.0
718 0 6933.0
719 0 6991.0
720 0 6994.0
721 0 7059.0
722 0 7183.0
723 0 7203.0
724 0 7090.0
725 0 7114.0
726 0 7254.0
727 0 7117.0
728 0 7125.0
729 0 7008.0
730 0 7089.0
731 0 7207.0
732 0 7146.0
733 0 7110.0
734 0 7157.0
735 0 7179.0
736 0 7187.0
737 0 7180.0
738 0 7135.0
739 0 7052.0
740 0 6928.0
741 0 7046.0
742 0 6855.0
743 0 6837.0
744 0 6839.0
745 0 6894.0
746 0 7043.0
747 0 7073.0
748 0 7117.0
749 0 7085.0
750 0 7071.0
751 0 7112.0
752 0 7005.0
753 0 7019.0
754 0 7114.0
755 0 7277.0
756 0 7216.0
757 0 7159.0
758 0 7277.0
759 0 7311.0
760 0 7362.0
761 0 7384.0
762 0 7325.0
763 0 7425.0
764 0 7278.0
765 0 7235.0
766 0 7120.0
767 0 6986.0
768 0 7010.0
769 0 6989.0
770 0 6926.0
771 0 7021.0
772 0 6928.0
773 0 6850.0
774 0 6879.0
775 0 6843.0
776 0 6946.0
777 0 6934.0
778 0 6898.0
779 0 6965.0
780 0 7069.0
781 0 7019.0
782 0 7034.0
783 0 7008.0
784 0 7102.0
785 0 7025.0
786 0 7123.0
787 0 7130.0
788 0 7106.0
789 0 7006.0
790 0 7083.0
791 0 7138.0
792 0 7090.0
793 0 7031.0
794 0 7046.0
795 0 7108.0
796 0 7098.0
797 0 7191.0
798 0 7036.0
799 0 7092.0
800 0 7130.0
801 0 7128.0
802 0 6958.0
803 0 7044.0
804 0 7091.0
805 0 7100.0
806 0 7007.0
807 0 7046.0
808 0 7019.0
809 0 7087.0
810 0 7131.0
811 0 7207.0
812 0 7238.0
813 0 7111.0
814 0 7108.0
815 0 6978.0
816 0 7023.0
817 0 7129.0
818 0 7001.0
819 0 7043.0
820 0 7122.0
821 0 7073.0
822 0 7032.0
823 0 7054.0
824 0 7097.0
825 0 7193.0
826 0 7065.0
827 0 6954.0
828 0 6893.0
829 0 6877.0
830 0 6909.0
831 0 6851.0
832 0 6820.0
833 0 6911.0
834 0 6851.0
835 0 6902.0
836 0 7031.0
837 0 6906.0
838 0 7043.0
839 0 7069.0
840 0 7141.0
841 0 7060.0
842 0 7090.0
843 0 7122.0
844 0 7101.0
845 0 7120.0
846 0 7040.0
847 0 7169.0
848 0 7115.0
849 0 7107.0
850 0 7191.0
851 0 7041.0
852 0 7089.0
853 0 7109.0
854 0 7235.0
855 0 7189.0
856 0 7148.0
857 0 7175.0
858 0 7167.0
859 0 7217.0
860 0 7202.0
861 0 7200.0
862 0 7054.0
863 0 7109.0
864 0 7136.0
865 0 7159.0
866 0 7181.0
867 0 7211.0
868 0 7097.0
869 0 7100.0
870 0 7086.0
871 0 7091.0
872 0 7095.0
873 0 6959.0
874 0 6906.0
875 0 6836.0
876 0 7038.0
877 0 7040.0
878 0 7050.0
879 0 6935.0
880 0 7027.0
881 0 6997.0
882 0 7155.0
883 0 7217.0
884 0 7086.0
885 0 7132.0
886 0 7201.0
887 0 7307.0
888 0 7252.0
889 0 7148.0
890 0 7117.0
891 0 7039.0
892 0 7076.0
893 0 7113.0
894 0 7045.0
895 0 7013.0
896 0 6965.0
897 0 6943.0
898 0 7049.0
899 0 7036.0
900 0 7130.0
901 0 7108.0
902 0 7018.0
903 0 7213.0
904 0 7074.0
905 0 7134.0
906 0 7092.0
907 0 7152.0
908 0 7153.0
909 0 7173.0
910 0 7164.0
911 0 7194.0
912 0 7187.0
913 0 7022.0
914 0 7005.0
915 0 7137.0
916 0 7069.0
917 0 7103.0
918 0 6943.0
919 0 6994.0
920 0 6995.0
921 0 6960.0
922 0 7062.0
923 0 7032.0
924 0 7002.0
925 0 7013.0
926 0 6880.0
927 0 6853.0
928 0 6966.0
929 0 6989.0
930 0 6945.0
931 0 6955.0
932 0 6961.0
933 0 6928.0
934 0 7066.0
935 0 7132.0
936 0 7013.0
937 0 6993.0
938 0 7096.0
939 0 7172.0
940 0 7060.0
941 0 6968.0
942 0 6990.0
943 0 7053.0
944 0 7100.0
945 0 7162.0
946 0 7046.0
947 0 7031.0
948 0 7097.0
949 0 7244.0
950 0 7206.0
951 0 7234.0
952 0 7251.0
953 0 7230.0
954 0 7128.0
955 0 7075.0
956 0 7126.0
957 0 7033.0
958 0 6946.0
959 0 6933.0
960 0 7005.0
961 0 6961.0
962 0 6920.0
963 0 7026.0
964 0 6910.0
965 0 6954.0
966 0 7073.0
967 0 7064.0
968 0 7119.0
969 0 7144.0
970 0 7160.0
971 0 7096.0
972 0 6982.0
973 0 6959.0
974 0 7090.0
975 0 7011.0
976 0 6994.0
977 0 7078.0
978 0 7202.0
979 0 7066.0
980 0 7128.0
981 0 7016.0
982 0 6992.0
983 0 6881.0
984 0 7014.0
985 0 7104.0
986 0 7127.0
987 0 7104.0
988 0 7192.0
989 0 7044.0
990 0 7003.0
991 0 7133.0
992 0 7159.0
993 0 7119.0
994 0 7074.0
995 0 6960.0
996 0 6949.0
997 0 6986.0
998 0 7154.0
999 0 7165.0
1000 0 7106.0
