1 1 15151.0
2 2 20623.0
3 2 26126.0
4 4 31356.0
5 3 36721.0
6 5 41848.0
7 4 46956.0
8 6 52082.0
9 6 57444.0
10 5 62628.0
11 9 67825.0
12 9 72939.0
13 9 78044.0
14 10 83022.0
15 15 88105.0
16 15 93237.0
17 30 98165.0
18 25 103118.0
19 34 108180.0
20 37 112998.0
21 47 117938.0
22 59 122872.0
23 57 127863.0
24 68 132756.0
25 75 137913.0
26 73 142729.0
27 94 147722.0
28 101 152589.0
29 118 157488.0
30 121 162275.0
31 120 167359.0
32 135 172337.0
33 166 177222.0
34 157 182163.0
35 163 187194.0
36 189 192188.0
37 211 197287.0
38 242 202225.0
39 247 207236.0
40 270 212123.0
41 280 217026.0
42 278 222086.0
43 285 227261.0
44 294 232277.0
45 301 237119.0
46 306 242057.0
47 289 247113.0
48 304 251984.0
49 353 256879.0
50 417 261805.0
51 416 266609.0
52 476 271383.0
53 514 276184.0
54 518 281274.0
55 539 286097.0
56 580 291139.0
57 612 295915.0
58 642 300822.0
59 658 305523.0
60 644 310321.0
61 687 315201.0
62 728 320018.0
63 743 324690.0
64 775 329287.0
65 827 334000.0
66 839 338736.0
67 860 343503.0
68 924 348288.0
69 948 353044.0
70 921 357780.0
71 895 362710.0
72 925 367331.0
73 1026 372124.0
74 1045 376899.0
75 1056 381686.0
76 1054 386246.0
77 1165 390938.0
78 1221 395532.0
79 1347 400231.0
80 1332 404799.0
81 1318 409475.0
82 1370 414148.0
83 1430 418447.0
84 1552 422989.0
85 1534 427570.0
86 1613 432045.0
87 1603 436577.0
88 1602 441150.0
89 1637 445672.0
90 1696 449984.0
91 1738 454571.0
92 1749 459135.0
93 1842 463694.0
94 1932 467902.0
95 2058 472280.0
96 2013 476810.0
97 2018 481237.0
98 1964 485701.0
99 2024 490248.0
100 2138 489613.0
101 2019 484247.0
102 1883 479159.0
103 1886 473832.0
104 1812 468488.0
105 1816 463183.0
106 1761 458101.0
107 1741 452993.0
108 1711 447766.0
109 1736 442543.0
110 1759 437246.0
111 1756 431932.0
112 1680 426628.0
113 1683 421420.0
114 1638 416079.0
115 1737 410853.0
116 1670 405507.0
117 1702 400420.0
118 1660 395317.0
119 1556 390100.0
120 1542 384889.0
121 1652 379590.0
122 1684 374499.0
123 1608 369715.0
124 1552 364524.0
125 1535 359411.0
126 1525 354418.0
127 1570 349334.0
128 1601 344344.0
129 1574 339169.0
130 1530 334072.0
131 1538 329109.0
132 1485 324174.0
133 1451 319327.0
134 1377 314385.0
135 1432 309360.0
136 1457 304441.0
137 1462 299356.0
138 1518 294242.0
139 1532 289286.0
140 1575 284272.0
141 1597 279479.0
142 1425 274530.0
143 1381 269644.0
144 1418 264667.0
145 1454 259800.0
146 1424 255021.0
147 1437 250275.0
148 1336 245427.0
149 1327 240772.0
150 1344 236132.0
151 1316 231506.0
152 1325 226769.0
153 1366 222053.0
154 1354 217393.0
155 1303 212956.0
156 1274 208353.0
157 1310 203860.0
158 1307 199253.0
159 1307 194799.0
160 1199 190394.0
161 1154 185981.0
162 1111 181760.0
163 1169 177278.0
164 1129 173134.0
165 1065 168767.0
166 1084 164690.0
167 1067 160639.0
168 1026 156515.0
169 1019 152539.0
170 956 148750.0
171 935 144929.0
172 914 141182.0
173 936 137436.0
174 920 133855.0
175 948 130328.0
176 881 126791.0
177 861 123157.0
178 861 119607.0
179 805 116260.0
180 768 112692.0
181 720 109355.0
182 679 106068.0
183 664 102994.0
184 642 99968.0
185 637 96909.0
186 700 93873.0
187 746 91030.0
188 744 88221.0
189 714 85297.0
190 663 82476.0
191 613 79937.0
192 569 77323.0
193 552 74730.0
194 503 72372.0
195 447 70046.0
196 438 67783.0
197 451 65542.0
198 483 63445.0
199 462 61234.0
200 427 59306.0
201 411 57281.0
202 402 55250.0
203 378 53352.0
204 342 51598.0
205 337 49777.0
206 304 48026.0
207 278 46222.0
208 249 44807.0
209 223 43176.0
210 204 41791.0
211 191 40193.0
212 170 38784.0
213 149 37516.0
214 143 36100.0
215 128 35014.0
216 135 33934.0
217 133 32778.0
218 132 31720.0
219 134 30619.0
220 102 29496.0
221 82 28508.0
222 77 27494.0
223 77 26805.0
224 72 26004.0
225 68 25013.0
226 63 24170.0
227 65 23496.0
228 60 22801.0
229 53 22030.0
230 47 21254.0
231 43 20524.0
232 37 19852.0
233 33 19149.0
234 29 18597.0
235 26 18087.0
236 31 17448.0
237 29 16983.0
238 25 16572.0
239 22 16033.0
240 20 15581.0
241 16 15174.0
242 19 14827.0
243 16 14335.0
244 13 14081.0
245 10 13681.0
246 6 13329.0
247 6 12887.0
248 5 12674.0
249 4 12340.0
250 3 11917.0
251 1 11673.0
252 1 11369.0
253 1 11280.0
254 2 10998.0
255 1 10821.0
256 1 10573.0
257 1 10422.0
258 1 10253.0
259 2 10064.0
260 1 9947.0
261 0 9685.0
262 0 9640.0
263 0 9489.0
264 0 9283.0
265 0 9140.0
266 0 8990.0
267 0 8979.0
268 0 8761.0
269 0 8714.0
270 0 8688.0
271 0 8622.0
272 0 8395.0
273 0 8409.0
274 0 8227.0
275 0 8293.0
276 2 8208.0
277 1 7982.0
278 1 8034.0
279 1 7896.0
280 0 7896.0
281 0 14331.0
282 0 20196.0
283 0 25840.0
284 0 31208.0
285 0 36412.0
286 0 41575.0
287 0 46640.0
288 0 51838.0
289 0 56883.0
290 0 56883.0
291 0 56883.0
292 0 56883.0
293 0 56883.0
294 0 56883.0
295 0 56883.0
296 0 56883.0
297 0 56883.0
298 0 56883.0
299 0 56883.0
300 0 56883.0
301 0 56883.0
302 0 56883.0
303 0 56883.0
304 0 56883.0
305 0 56883.0
306 0 56883.0
307 0 56883.0
308 0 56883.0
309 0 56883.0
310 0 56883.0
311 0 56883.0
312 0 56883.0
313 0 56883.0
314 0 56883.0
315 0 56883.0
316 0 56883.0
317 0 56883.0
318 0 56883.0
319 0 56883.0
320 0 56883.0
321 0 56883.0
322 0 56883.0
323 0 56883.0
324 0 56883.0
325 0 56883.0
326 0 56883.0
327 0 56883.0
328 0 56883.0
329 0 56883.0
330 0 56883.0
331 0 56883.0
332 0 56883.0
333 0 56883.0
334 0 56883.0
335 0 56883.0
336 0 56883.0
337 0 56883.0
338 0 56883.0
339 0 56883.0
340 0 56883.0
341 0 56883.0
342 0 56883.0
343 0 56883.0
344 0 56883.0
345 0 56883.0
346 0 56883.0
347 0 56883.0
348 0 56883.0
349 0 56883.0
350 0 56883.0
351 0 56883.0
352 0 56883.0
353 0 56883.0
354 0 56883.0
355 0 56883.0
356 0 56883.0
357 0 56883.0
358 0 56883.0
359 0 56883.0
360 0 56883.0
361 0 56883.0
362 0 56883.0
363 0 56883.0
364 0 56883.0
365 0 56883.0
366 0 56883.0
367 0 56883.0
368 0 56883.0
369 0 56883.0
370 0 56883.0
371 0 56883.0
372 0 56883.0
373 0 56883.0
374 0 56883.0
375 0 56883.0
376 0 56883.0
377 0 56883.0
378 0 56883.0
379 0 56883.0
380 0 56883.0
381 0 56883.0
382 0 56883.0
383 0 56883.0
384 0 56883.0
385 0 56883.0
386 0 56883.0
387 0 56883.0
388 0 56883.0
389 0 56883.0
390 0 56883.0
391 0 56883.0
392 0 56883.0
393 0 56883.0
394 0 56883.0
395 0 56883.0
396 0 56883.0
397 0 56883.0
398 0 56883.0
399 0 56883.0
400 0 56883.0
401 0 56883.0
402 0 56883.0
403 0 56883.0
404 0 56883.0
405 0 56883.0
406 0 56883.0
407 0 56883.0
408 0 56883.0
409 0 56883.0
410 0 56883.0
411 0 56883.0
412 0 56883.0
413 0 56883.0
414 0 56883.0
415 0 56883.0
416 0 56883.0
417 0 56883.0
418 0 56883.0
419 0 56883.0
420 0 56883.0
421 0 56883.0
422 0 56883.0
423 0 56883.0
424 0 56883.0
425 0 56883.0
426 0 56883.0
427 0 56883.0
428 0 56883.0
429 0 56883.0
430 0 56883.0
431 0 56883.0
432 0 56883.0
433 0 56883.0
434 0 56883.0
435 0 56883.0
436 0 56883.0
437 0 56883.0
438 0 56883.0
439 0 56883.0
440 0 56883.0
441 0 56883.0
442 0 56883.0
443 0 56883.0
444 0 56883.0
445 0 56883.0
446 0 56883.0
447 0 56883.0
448 0 56883.0
449 0 56883.0
450 0 56883.0
451 0 56883.0
452 0 56883.0
453 0 56883.0
454 0 56883.0
455 0 56883.0
456 0 56883.0
457 0 56883.0
458 0 56883.0
459 0 56883.0
460 0 56883.0
461 0 52273.0
462 0 48121.0
463 0 43985.0
464 0 40379.0
465 0 37145.0
466 0 34291.0
467 0 31485.0
468 0 29000.0
469 0 26684.0
470 0 24736.0
471 0 22906.0
472 0 21364.0
473 0 19923.0
474 0 18712.0
475 0 17472.0
476 0 16363.0
477 0 15318.0
478 0 14570.0
479 0 13844.0
480 0 13129.0
481 0 12409.0
482 0 11806.0
483 0 11177.0
484 0 10743.0
485 0 10373.0
486 0 9983.0
487 0 9681.0
488 0 9435.0
489 0 9152.0
490 0 8916.0
491 0 8658.0
492 0 8469.0
493 0 8336.0
494 0 8280.0
495 0 8074.0
496 0 7975.0
497 0 8046.0
498 0 7991.0
499 0 7799.0
500 0 7732.0
501 0 7629.0
502 0 7582.0
503 0 7426.0
504 0 7381.0
505 0 7422.0
506 0 7314.0
507 0 7264.0
508 0 7293.0
509 0 7329.0
510 0 7409.0
511 0 7512.0
512 0 7525.0
513 0 7410.0
514 0 7211.0
515 0 7175.0
516 0 7086.0
517 0 7144.0
518 0 7142.0
519 0 7172.0
520 0 7213.0
521 0 7160.0
522 0 7062.0
523 0 7076.0
524 0 7257.0
525 0 7239.0
526 0 7230.0
527 0 7104.0
528 0 7105.0
529 0 7181.0
530 0 7327.0
531 0 7279.0
532 0 7271.0
533 0 7283.0
534 0 7227.0
535 0 7157.0
536 0 7098.0
537 0 7145.0
538 0 7114.0
539 0 7206.0
540 0 7116.0
541 0 7113.0
542 0 7082.0
543 0 7053.0
544 0 7097.0
545 0 6938.0
546 0 6928.0
547 0 7114.0
548 0 7149.0
549 0 7074.0
550 0 7020.0
551 0 7052.0
552 0 6967.0
553 0 6922.0
554 0 6971.0
555 0 6918.0
556 0 7033.0
557 0 7046.0
558 0 7134.0
559 0 7110.0
560 0 7160.0
561 0 7205.0
562 0 7174.0
563 0 7156.0
564 0 7068.0
565 0 7082.0
566 0 7129.0
567 0 7093.0
568 0 7058.0
569 0 7093.0
570 0 7145.0
571 0 7146.0
572 0 7076.0
573 0 7077.0
574 0 7038.0
575 0 7024.0
576 0 7083.0
577 0 7149.0
578 0 7120.0
579 0 7053.0
580 0 7093.0
581 0 7028.0
582 0 6969.0
583 0 7021.0
584 0 6925.0
585 0 6858.0
586 0 6969.0
587 0 6928.0
588 0 6897.0
589 0 6831.0
590 0 6749.0
591 0 6844.0
592 0 6879.0
593 0 6942.0
594 0 6897.0
595 0 6964.0
596 0 6945.0
597 0 7034.0
598 0 7194.0
599 0 7141.0
600 0 7115.0
601 0 7048.0
602 0 7129.0
603 0 7103.0
604 0 7089.0
605 0 7008.0
606 0 7055.0
607 0 7020.0
608 0 7018.0
609 0 6962.0
610 0 7001.0
611 0 6945.0
612 0 6951.0
613 0 6879.0
614 0 6954.0
615 0 6927.0
616 0 6853.0
617 0 6906.0
618 0 7003.0
619 0 7112.0
620 0 7076.0
621 0 7142.0
622 0 7024.0
623 0 6990.0
624 0 7025.0
625 0 7011.0
626 0 7026.0
627 0 6969.0
628 0 7027.0
629 0 7092.0
630 0 7163.0
631 0 7126.0
632 0 7132.0
633 0 7124.0
634 0 7039.0
635 0 7111.0
636 0 7014.0
637 0 7040.0
638 0 6949.0
639 0 6987.0
640 0 7011.0
641 0 7124.0
642 0 7100.0
643 0 7061.0
644 0 7111.0
645 0 7127.0
646 0 7101.0
647 0 7113.0
648 0 7212.0
649 0 7146.0
650 0 7218.0
651 0 7118.0
652 0 7212.0
653 0 7181.0
654 0 7114.0
655 0 7066.0
656 0 7155.0
657 0 7234.0
658 0 7115.0
659 0 7112.0
660 0 7044.0
661 0 6967.0
662 0 7024.0
663 0 7090.0
664 0 7184.0
665 0 7162.0
666 0 7054.0
667 0 7186.0
668 0 7134.0
669 0 6991.0
670 0 7032.0
671 0 7087.0
672 0 7103.0
673 0 7192.0
674 0 7220.0
675 0 7050.0
676 0 7201.0
677 0 7251.0
678 0 7151.0
679 0 7163.0
680 0 7073.0
681 0 7143.0
682 0 7168.0
683 0 7057.0
684 0 7054.0
685 0 7127.0
686 0 7167.0
687 0 7138.0
688 0 7130.0
689 0 7193.0
690 0 6984.0
691 0 6903.0
692 0 6990.0
693 0 7042.0
694 0 7101.0
695 0 7081.0
696 0 7047.0
697 0 7145.0
698 0 7060.0
699 0 6912.0
700 0 6954.0
701 0 7076.0
702 0 7124.0
703 0 7070.0
704 0 7002.0
705 0 7014.0
706 0 6997.0
707 0 7089.0
708 0 7092.0
709 0 7102.0
710 0 7010.0
711 0 7124.0
712 0 7242.0
713 0 7151.0
714 0 7180.0
715 0 7232.0
716 0 7181.0
717 0 7221.0
718 0 7166.0
719 0 7162.0
720 0 7131.0
721 0 7178.0
722 0 7282.0
723 0 7227.0
724 0 7131.0
725 0 7241.0
726 0 7172.0
727 0 7192.0
728 0 7121.0
729 0 7078.0
730 0 7014.0
731 0 7036.0
732 0 7155.0
733 0 7104.0
734 0 7167.0
735 0 7142.0
736 0 7070.0
737 0 7064.0
738 0 7171.0
739 0 6989.0
740 0 6997.0
741 0 7084.0
742 0 6985.0
743 0 7000.0
744 0 7019.0
745 0 7035.0
746 0 7023.0
747 0 6981.0
748 0 6985.0
749 0 6984.0
750 0 6921.0
751 0 7075.0
752 0 6951.0
753 0 7000.0
754 0 6947.0
755 0 6979.0
756 0 7012.0
757 0 7050.0
758 0 7050.0
759 0 7028.0
760 0 6936.0
761 0 7159.0
762 0 7180.0
763 0 7197.0
764 0 7139.0
765 0 7078.0
766 0 7122.0
767 0 7224.0
768 0 7135.0
769 0 7106.0
770 0 7109.0
771 0 7151.0
772 0 7141.0
773 0 7123.0
774 0 7114.0
775 0 7178.0
776 0 7187.0
777 0 7096.0
778 0 7166.0
779 0 7069.0
780 0 7123.0
781 0 7156.0
782 0 7096.0
783 0 7069.0
784 0 7174.0
785 0 7080.0
786 0 7061.0
787 0 7177.0
788 0 7129.0
789 0 7152.0
790 0 7222.0
791 0 7310.0
792 0 7313.0
793 0 7270.0
794 0 7260.0
795 0 7285.0
796 0 7301.0
797 0 7269.0
798 0 7295.0
799 0 7156.0
800 0 7257.0
801 0 7175.0
802 0 7050.0
803 0 7070.0
804 0 7128.0
805 0 7071.0
806 0 7176.0
807 0 7116.0
808 0 7148.0
809 0 7122.0
810 0 7049.0
811 0 6951.0
812 0 6975.0
813 0 6886.0
814 0 6981.0
815 0 7088.0
816 0 7049.0
817 0 7025.0
818 0 6938.0
819 0 7025.0
820 0 7040.0
821 0 7039.0
822 0 6860.0
823 0 7013.0
824 0 7013.0
825 0 7040.0
826 0 7118.0
827 0 7091.0
828 0 7124.0
829 0 7115.0
830 0 7111.0
831 0 7162.0
832 0 7028.0
833 0 6989.0
834 0 6966.0
835 0 6996.0
836 0 6980.0
837 0 6880.0
838 0 6870.0
839 0 6768.0
840 0 6759.0
841 0 6796.0
842 0 6864.0
843 0 6931.0
844 0 6946.0
845 0 7016.0
846 0 7029.0
847 0 7000.0
848 0 7013.0
849 0 7032.0
850 0 6997.0
851 0 7172.0
852 0 7052.0
853 0 6969.0
854 0 6899.0
855 0 6926.0
856 0 6961.0
857 0 7054.0
858 0 7114.0
859 0 7061.0
860 0 6965.0
861 0 7006.0
862 0 6983.0
863 0 7143.0
864 0 6989.0
865 0 6992.0
866 0 7076.0
867 0 7206.0
868 0 7143.0
869 0 7179.0
870 0 7130.0
871 0 7193.0
872 0 7048.0
873 0 7135.0
874 0 7103.0
875 0 7142.0
876 0 7138.0
877 0 7062.0
878 0 7076.0
879 0 7053.0
880 0 7051.0
881 0 7025.0
882 0 7031.0
883 0 7162.0
884 0 7065.0
885 0 7152.0
886 0 7210.0
887 0 7060.0
888 0 6937.0
889 0 7045.0
890 0 7171.0
891 0 7116.0
892 0 6955.0
893 0 6959.0
894 0 6955.0
895 0 6825.0
896 0 6888.0
897 0 6830.0
898 0 6809.0
899 0 6879.0
900 0 6811.0
901 0 6761.0
902 0 6915.0
903 0 7045.0
904 0 7092.0
905 0 7091.0
906 0 7112.0
907 0 6997.0
908 0 6901.0
909 0 6954.0
910 0 6901.0
911 0 7024.0
912 0 7029.0
913 0 6950.0
914 0 7048.0
915 0 7044.0
916 0 7009.0
917 0 7059.0
918 0 6965.0
919 0 6898.0
920 0 6841.0
921 0 6983.0
922 0 7176.0
923 0 7072.0
924 0 7148.0
925 0 7132.0
926 0 7029.0
927 0 7023.0
928 0 6958.0
929 0 6936.0
930 0 6949.0
931 0 6991.0
932 0 6842.0
933 0 6985.0
934 0 6868.0
935 0 6942.0
936 0 6978.0
937 0 7058.0
938 0 7049.0
939 0 7042.0
940 0 6985.0
941 0 7011.0
942 0 7037.0
943 0 6997.0
944 0 7116.0
945 0 7024.0
946 0 7080.0
947 0 7089.0
948 0 7179.0
949 0 7144.0
950 0 7136.0
951 0 7201.0
952 0 7142.0
953 0 7174.0
954 0 7025.0
955 0 7151.0
956 0 7085.0
957 0 7035.0
958 0 7101.0
959 0 7074.0
960 0 7050.0
961 0 7117.0
962 0 7133.0
963 0 7187.0
964 0 7105.0
965 0 7133.0
966 0 7127.0
967 0 7061.0
968 0 7021.0
969 0 7068.0
970 0 7022.0
971 0 7035.0
972 0 7091.0
973 0 7007.0
974 0 7154.0
975 0 7172.0
976 0 7161.0
977 0 7174.0
978 0 7125.0
979 0 7017.0
980 0 7095.0
981 0 7132.0
982 0 7116.0
983 0 7074.0
984 0 6955.0
985 0 7072.0
986 0 7105.0
987 0 7154.0
988 0 7124.0
989 0 7133.0
990 0 7156.0
991 0 7099.0
992 0 6936.0
993 0 6858.0
994 0 6864.0
995 0 7001.0
996 0 6959.0
997 0 7022.0
998 0 6981.0
999 0 6795.0
1000 0 6957.0
